# resistance (ohms),current (A),time (s),res min,res_max
6.103016067209000885e+07,-1.638534110000000035e-09,1.000000000000000000e+00,6.307000000000000000e+07,6.970000000000000000e+07
6.112523127724538743e+07,-1.635985630000000027e-09,1.004999999999999893e+00,6.307000000000000000e+07,6.970000000000000000e+07
6.120868234141450375e+07,-1.633755150000000058e-09,1.010000000000000009e+00,6.307000000000000000e+07,6.970000000000000000e+07
6.126341481931127608e+07,-1.632295560000000113e-09,1.014999999999999902e+00,6.307000000000000000e+07,6.970000000000000000e+07
6.134852461859545857e+07,-1.630031049999999926e-09,1.020000000000000018e+00,6.307000000000000000e+07,6.970000000000000000e+07
6.141134044166323543e+07,-1.628363740000000065e-09,1.024999999999999911e+00,6.307000000000000000e+07,6.970000000000000000e+07
6.142980827388259023e+07,-1.627874199999999978e-09,1.030000000000000027e+00,6.307000000000000000e+07,6.970000000000000000e+07
6.149785630157525092e+07,-1.626072940000000224e-09,1.034999999999999920e+00,6.307000000000000000e+07,6.970000000000000000e+07
6.160299949439954013e+07,-1.623297580000000147e-09,1.040000000000000036e+00,6.307000000000000000e+07,6.970000000000000000e+07
6.167754497170390934e+07,-1.621335610000000200e-09,1.044999999999999929e+00,6.307000000000000000e+07,6.970000000000000000e+07
6.173258449403659254e+07,-1.619890059999999933e-09,1.050000000000000044e+00,6.307000000000000000e+07,6.970000000000000000e+07
6.171308640684971958e+07,-1.620401860000000126e-09,1.054999999999999938e+00,6.307000000000000000e+07,6.970000000000000000e+07
6.158598848800215125e+07,-1.623745960000000100e-09,1.060000000000000053e+00,6.307000000000000000e+07,6.970000000000000000e+07
6.143995986053694785e+07,-1.627605229999999976e-09,1.064999999999999947e+00,6.307000000000000000e+07,6.970000000000000000e+07
6.137056564446400106e+07,-1.629445630000000171e-09,1.070000000000000062e+00,6.307000000000000000e+07,6.970000000000000000e+07
6.134701129569022357e+07,-1.630071260000000171e-09,1.074999999999999956e+00,6.307000000000000000e+07,6.970000000000000000e+07
6.130919307562201470e+07,-1.631076760000000163e-09,1.080000000000000071e+00,6.307000000000000000e+07,6.970000000000000000e+07
6.132067051675855368e+07,-1.630771470000000080e-09,1.084999999999999964e+00,6.307000000000000000e+07,6.970000000000000000e+07
6.133850179727943987e+07,-1.630297400000000045e-09,1.090000000000000080e+00,6.307000000000000000e+07,6.970000000000000000e+07
6.128430890956491977e+07,-1.631739050000000103e-09,1.094999999999999973e+00,6.307000000000000000e+07,6.970000000000000000e+07
6.125949071848879755e+07,-1.632400120000000191e-09,1.100000000000000089e+00,6.307000000000000000e+07,6.970000000000000000e+07
6.130282179095605016e+07,-1.631246280000000104e-09,1.104999999999999982e+00,6.307000000000000000e+07,6.970000000000000000e+07
6.134619614199661463e+07,-1.630092920000000086e-09,1.110000000000000098e+00,6.307000000000000000e+07,6.970000000000000000e+07
6.138146060512384772e+07,-1.629156410000000124e-09,1.114999999999999991e+00,6.307000000000000000e+07,6.970000000000000000e+07
6.141279885839994252e+07,-1.628325070000000063e-09,1.120000000000000107e+00,6.307000000000000000e+07,6.970000000000000000e+07
6.134583448563814908e+07,-1.630102530000000089e-09,1.125000000000000000e+00,6.307000000000000000e+07,6.970000000000000000e+07
6.117707144783914834e+07,-1.634599330000000035e-09,1.129999999999999893e+00,6.307000000000000000e+07,6.970000000000000000e+07
6.103096223386357725e+07,-1.638512590000000123e-09,1.135000000000000009e+00,6.307000000000000000e+07,6.970000000000000000e+07
6.090288651057703793e+07,-1.641958300000000062e-09,1.140000000000000124e+00,6.307000000000000000e+07,6.970000000000000000e+07
6.072811528460224718e+07,-1.646683740000000266e-09,1.145000000000000018e+00,6.307000000000000000e+07,6.970000000000000000e+07
6.060860212677644938e+07,-1.649930810000000205e-09,1.149999999999999911e+00,6.307000000000000000e+07,6.970000000000000000e+07
6.052306587603448331e+07,-1.652262630000000176e-09,1.155000000000000027e+00,6.307000000000000000e+07,6.970000000000000000e+07
6.037372385569469631e+07,-1.656349710000000128e-09,1.159999999999999920e+00,6.307000000000000000e+07,6.970000000000000000e+07
6.018290801440318674e+07,-1.661601330000000270e-09,1.165000000000000036e+00,6.307000000000000000e+07,6.970000000000000000e+07
6.004546738863415271e+07,-1.665404640000000050e-09,1.169999999999999929e+00,6.307000000000000000e+07,6.970000000000000000e+07
5.999195423904918879e+07,-1.666890190000000040e-09,1.175000000000000044e+00,6.307000000000000000e+07,6.970000000000000000e+07
6.000003120001622289e+07,-1.666665800000000103e-09,1.179999999999999938e+00,6.307000000000000000e+07,6.970000000000000000e+07
6.009861955093554407e+07,-1.663931730000000119e-09,1.185000000000000053e+00,6.307000000000000000e+07,6.970000000000000000e+07
6.019476437376481295e+07,-1.661274050000000250e-09,1.189999999999999947e+00,6.307000000000000000e+07,6.970000000000000000e+07
6.025085915164488554e+07,-1.659727370000000088e-09,1.195000000000000062e+00,6.307000000000000000e+07,6.970000000000000000e+07
6.032186783527014405e+07,-1.657773600000000273e-09,1.199999999999999956e+00,6.307000000000000000e+07,6.970000000000000000e+07
6.038634908366522938e+07,-1.656003410000000166e-09,1.205000000000000071e+00,6.307000000000000000e+07,6.970000000000000000e+07
6.043644444274684787e+07,-1.654630760000000183e-09,1.209999999999999964e+00,6.307000000000000000e+07,6.970000000000000000e+07
6.049217620204639435e+07,-1.653106339999999921e-09,1.215000000000000080e+00,6.307000000000000000e+07,6.970000000000000000e+07
6.060499359087041020e+07,-1.650029050000000254e-09,1.219999999999999973e+00,6.307000000000000000e+07,6.970000000000000000e+07
6.070269230219871551e+07,-1.647373390000000077e-09,1.225000000000000089e+00,6.307000000000000000e+07,6.970000000000000000e+07
6.071608293202481419e+07,-1.647010070000000190e-09,1.229999999999999982e+00,6.307000000000000000e+07,6.970000000000000000e+07
6.076316395058564097e+07,-1.645733920000000156e-09,1.235000000000000098e+00,6.307000000000000000e+07,6.970000000000000000e+07
6.083550077548534423e+07,-1.643777049999999974e-09,1.239999999999999991e+00,6.307000000000000000e+07,6.970000000000000000e+07
6.082629159520793706e+07,-1.644025920000000187e-09,1.245000000000000107e+00,6.307000000000000000e+07,6.970000000000000000e+07
6.081770955263337493e+07,-1.644257910000000271e-09,1.250000000000000000e+00,6.307000000000000000e+07,6.970000000000000000e+07
6.080751627601343393e+07,-1.644533540000000163e-09,1.254999999999999893e+00,6.307000000000000000e+07,6.970000000000000000e+07
6.069314681147824973e+07,-1.647632480000000115e-09,1.260000000000000009e+00,6.307000000000000000e+07,6.970000000000000000e+07
6.056009035904617608e+07,-1.651252490000000194e-09,1.265000000000000124e+00,6.307000000000000000e+07,6.970000000000000000e+07
6.052327027444064617e+07,-1.652257050000000135e-09,1.270000000000000018e+00,6.307000000000000000e+07,6.970000000000000000e+07
6.051349329873574525e+07,-1.652524000000000238e-09,1.274999999999999911e+00,6.307000000000000000e+07,6.970000000000000000e+07
6.050762570043248683e+07,-1.652684250000000243e-09,1.280000000000000027e+00,6.307000000000000000e+07,6.970000000000000000e+07
6.053339082068393379e+07,-1.651980810000000007e-09,1.285000000000000142e+00,6.307000000000000000e+07,6.970000000000000000e+07
6.059136297750417143e+07,-1.650400240000000043e-09,1.290000000000000036e+00,6.307000000000000000e+07,6.970000000000000000e+07
6.063906442752635479e+07,-1.649101960000000276e-09,1.294999999999999929e+00,6.307000000000000000e+07,6.970000000000000000e+07
6.068073431771197915e+07,-1.647969510000000141e-09,1.300000000000000044e+00,6.307000000000000000e+07,6.970000000000000000e+07
6.074426891186555475e+07,-1.646245840000000056e-09,1.304999999999999938e+00,6.307000000000000000e+07,6.970000000000000000e+07
6.079512644866503030e+07,-1.644868690000000086e-09,1.310000000000000053e+00,6.307000000000000000e+07,6.970000000000000000e+07
6.086355586743393540e+07,-1.643019350000000184e-09,1.314999999999999947e+00,6.307000000000000000e+07,6.970000000000000000e+07
6.093800469045915455e+07,-1.641012050000000139e-09,1.320000000000000062e+00,6.307000000000000000e+07,6.970000000000000000e+07
6.094342122471655160e+07,-1.640866200000000175e-09,1.324999999999999956e+00,6.307000000000000000e+07,6.970000000000000000e+07
6.084455836844342947e+07,-1.643532350000000139e-09,1.330000000000000071e+00,6.307000000000000000e+07,6.970000000000000000e+07
6.074381727559994906e+07,-1.646258079999999988e-09,1.334999999999999964e+00,6.307000000000000000e+07,6.970000000000000000e+07
6.071949898204063624e+07,-1.646917409999999976e-09,1.340000000000000080e+00,6.307000000000000000e+07,6.970000000000000000e+07
6.069482881636550277e+07,-1.647586819999999994e-09,1.344999999999999973e+00,6.307000000000000000e+07,6.970000000000000000e+07
6.062269510618747026e+07,-1.649547250000000112e-09,1.350000000000000089e+00,6.307000000000000000e+07,6.970000000000000000e+07
6.053485950431163609e+07,-1.651940730000000134e-09,1.354999999999999982e+00,6.307000000000000000e+07,6.970000000000000000e+07
6.047075637245365232e+07,-1.653691900000000300e-09,1.359999999999999876e+00,6.307000000000000000e+07,6.970000000000000000e+07
6.045948702277618647e+07,-1.654000140000000082e-09,1.364999999999999991e+00,6.307000000000000000e+07,6.970000000000000000e+07
6.049672139833283424e+07,-1.652982140000000034e-09,1.370000000000000107e+00,6.307000000000000000e+07,6.970000000000000000e+07
6.046603336599163711e+07,-1.653821070000000199e-09,1.375000000000000000e+00,6.307000000000000000e+07,6.970000000000000000e+07
6.039883294234249741e+07,-1.655661130000000121e-09,1.379999999999999893e+00,6.307000000000000000e+07,6.970000000000000000e+07
6.040362900895638764e+07,-1.655529670000000153e-09,1.385000000000000009e+00,6.307000000000000000e+07,6.970000000000000000e+07
6.038949035177343339e+07,-1.655917270000000045e-09,1.390000000000000124e+00,6.307000000000000000e+07,6.970000000000000000e+07
6.035190774945352226e+07,-1.656948450000000076e-09,1.395000000000000018e+00,6.307000000000000000e+07,6.970000000000000000e+07
6.036365662387456745e+07,-1.656625950000000049e-09,1.399999999999999911e+00,6.307000000000000000e+07,6.970000000000000000e+07
6.039351241052557528e+07,-1.655806990000000129e-09,1.405000000000000027e+00,6.307000000000000000e+07,6.970000000000000000e+07
6.037708909482964128e+07,-1.656257389999999981e-09,1.410000000000000142e+00,6.307000000000000000e+07,6.970000000000000000e+07
6.032109716258124262e+07,-1.657794780000000118e-09,1.415000000000000036e+00,6.307000000000000000e+07,6.970000000000000000e+07
6.026738238924287260e+07,-1.659272330000000246e-09,1.419999999999999929e+00,6.307000000000000000e+07,6.970000000000000000e+07
6.021104948262661695e+07,-1.660824730000000246e-09,1.425000000000000044e+00,6.307000000000000000e+07,6.970000000000000000e+07
6.014907997591293603e+07,-1.662535820000000125e-09,1.429999999999999938e+00,6.307000000000000000e+07,6.970000000000000000e+07
6.012481502750968188e+07,-1.663206780000000223e-09,1.435000000000000053e+00,6.307000000000000000e+07,6.970000000000000000e+07
6.004243463042044640e+07,-1.665488760000000064e-09,1.439999999999999947e+00,6.307000000000000000e+07,6.970000000000000000e+07
5.987375809701270610e+07,-1.670180780000000079e-09,1.445000000000000062e+00,6.307000000000000000e+07,6.970000000000000000e+07
5.970187569860522449e+07,-1.674989250000000198e-09,1.449999999999999956e+00,6.307000000000000000e+07,6.970000000000000000e+07
5.959927106992319226e+07,-1.677872870000000085e-09,1.455000000000000071e+00,6.307000000000000000e+07,6.970000000000000000e+07
5.947169957104966044e+07,-1.681472040000000180e-09,1.459999999999999964e+00,6.307000000000000000e+07,6.970000000000000000e+07
5.935664953936479986e+07,-1.684731210000000047e-09,1.465000000000000080e+00,6.307000000000000000e+07,6.970000000000000000e+07
5.932751138621014357e+07,-1.685558650000000106e-09,1.469999999999999973e+00,6.307000000000000000e+07,6.970000000000000000e+07
5.927455613419311494e+07,-1.687064509999999994e-09,1.475000000000000089e+00,6.307000000000000000e+07,6.970000000000000000e+07
5.915214812682183087e+07,-1.690555679999999990e-09,1.479999999999999982e+00,6.307000000000000000e+07,6.970000000000000000e+07
5.904776015489502251e+07,-1.693544340000000232e-09,1.484999999999999876e+00,6.307000000000000000e+07,6.970000000000000000e+07
5.902688710714131594e+07,-1.694143210000000138e-09,1.489999999999999991e+00,6.307000000000000000e+07,6.970000000000000000e+07
5.898160079579862952e+07,-1.695443980000000245e-09,1.495000000000000107e+00,6.307000000000000000e+07,6.970000000000000000e+07
5.890301417856221646e+07,-1.697705990000000048e-09,1.500000000000000000e+00,6.307000000000000000e+07,6.970000000000000000e+07
5.881392302234964073e+07,-1.700277670000000007e-09,1.504999999999999893e+00,6.307000000000000000e+07,6.970000000000000000e+07
5.868094816981194168e+07,-1.704130610000000016e-09,1.510000000000000009e+00,6.307000000000000000e+07,6.970000000000000000e+07
5.855952893215803057e+07,-1.707664010000000156e-09,1.515000000000000124e+00,6.307000000000000000e+07,6.970000000000000000e+07
5.856371905102904141e+07,-1.707541830000000169e-09,1.520000000000000018e+00,6.307000000000000000e+07,6.970000000000000000e+07
5.860406752079360187e+07,-1.706366200000000001e-09,1.524999999999999911e+00,6.307000000000000000e+07,6.970000000000000000e+07
5.860583665255791694e+07,-1.706314690000000083e-09,1.530000000000000027e+00,6.307000000000000000e+07,6.970000000000000000e+07
5.864609943267874420e+07,-1.705143240000000130e-09,1.535000000000000142e+00,6.307000000000000000e+07,6.970000000000000000e+07
5.863597844062962383e+07,-1.705437560000000149e-09,1.540000000000000036e+00,6.307000000000000000e+07,6.970000000000000000e+07
5.855569908858639747e+07,-1.707775700000000150e-09,1.544999999999999929e+00,6.307000000000000000e+07,6.970000000000000000e+07
5.849712064010357112e+07,-1.709485850000000184e-09,1.550000000000000044e+00,6.307000000000000000e+07,6.970000000000000000e+07
5.844122001376617700e+07,-1.711121020000000182e-09,1.555000000000000160e+00,6.307000000000000000e+07,6.970000000000000000e+07
5.840014621527808160e+07,-1.712324480000000040e-09,1.560000000000000053e+00,6.307000000000000000e+07,6.970000000000000000e+07
5.840925251156280190e+07,-1.712057520000000306e-09,1.564999999999999947e+00,6.307000000000000000e+07,6.970000000000000000e+07
5.846979711348761618e+07,-1.710284710000000108e-09,1.570000000000000062e+00,6.307000000000000000e+07,6.970000000000000000e+07
5.847247340778622031e+07,-1.710206430000000052e-09,1.575000000000000178e+00,6.307000000000000000e+07,6.970000000000000000e+07
5.848218848630394042e+07,-1.709922330000000066e-09,1.580000000000000071e+00,6.307000000000000000e+07,6.970000000000000000e+07
5.855864797919669002e+07,-1.707689700000000032e-09,1.584999999999999964e+00,6.307000000000000000e+07,6.970000000000000000e+07
5.859104497046677023e+07,-1.706745460000000171e-09,1.589999999999999858e+00,6.307000000000000000e+07,6.970000000000000000e+07
5.854014929014243931e+07,-1.708229330000000121e-09,1.594999999999999973e+00,6.307000000000000000e+07,6.970000000000000000e+07
5.847438607581254840e+07,-1.710150490000000046e-09,1.600000000000000089e+00,6.307000000000000000e+07,6.970000000000000000e+07
5.847738012775938958e+07,-1.710062930000000217e-09,1.604999999999999982e+00,6.307000000000000000e+07,6.970000000000000000e+07
5.844959947441185266e+07,-1.710875710000000111e-09,1.609999999999999876e+00,6.307000000000000000e+07,6.970000000000000000e+07
5.840447182949659973e+07,-1.712197660000000062e-09,1.614999999999999991e+00,6.307000000000000000e+07,6.970000000000000000e+07
5.841713139393247664e+07,-1.711826610000000069e-09,1.620000000000000107e+00,6.307000000000000000e+07,6.970000000000000000e+07
5.844773420373854786e+07,-1.710930310000000145e-09,1.625000000000000000e+00,6.307000000000000000e+07,6.970000000000000000e+07
5.845907046348274499e+07,-1.710598530000000138e-09,1.629999999999999893e+00,6.307000000000000000e+07,6.970000000000000000e+07
5.849837479815135896e+07,-1.709449200000000082e-09,1.635000000000000009e+00,6.307000000000000000e+07,6.970000000000000000e+07
5.858721786849214137e+07,-1.706856950000000100e-09,1.640000000000000124e+00,6.307000000000000000e+07,6.970000000000000000e+07
5.866538960717748851e+07,-1.704582560000000155e-09,1.645000000000000018e+00,6.307000000000000000e+07,6.970000000000000000e+07
5.874652481260813028e+07,-1.702228350000000119e-09,1.649999999999999911e+00,6.307000000000000000e+07,6.970000000000000000e+07
5.887847341778232902e+07,-1.698413600000000249e-09,1.655000000000000027e+00,6.307000000000000000e+07,6.970000000000000000e+07
5.899998657160305232e+07,-1.694915640000000198e-09,1.660000000000000142e+00,6.307000000000000000e+07,6.970000000000000000e+07
5.913340200416463614e+07,-1.691091610000000140e-09,1.665000000000000036e+00,6.307000000000000000e+07,6.970000000000000000e+07
5.927923434134727716e+07,-1.686931369999999987e-09,1.669999999999999929e+00,6.307000000000000000e+07,6.970000000000000000e+07
5.933948976583687961e+07,-1.685218400000000005e-09,1.675000000000000044e+00,6.307000000000000000e+07,6.970000000000000000e+07
5.939529401701046526e+07,-1.683635070000000154e-09,1.680000000000000160e+00,6.307000000000000000e+07,6.970000000000000000e+07
5.942490455201543123e+07,-1.682796140000000196e-09,1.685000000000000053e+00,6.307000000000000000e+07,6.970000000000000000e+07
5.944027223597131670e+07,-1.682361070000000185e-09,1.689999999999999947e+00,6.307000000000000000e+07,6.970000000000000000e+07
5.945791811738536507e+07,-1.681861780000000093e-09,1.695000000000000062e+00,6.307000000000000000e+07,6.970000000000000000e+07
5.949026126576001197e+07,-1.680947400000000072e-09,1.700000000000000178e+00,6.307000000000000000e+07,6.970000000000000000e+07
5.955114952745179832e+07,-1.679228710000000251e-09,1.705000000000000071e+00,6.307000000000000000e+07,6.970000000000000000e+07
5.961084810374404490e+07,-1.677547010000000187e-09,1.709999999999999964e+00,6.307000000000000000e+07,6.970000000000000000e+07
5.968367758311568201e+07,-1.675499970000000129e-09,1.714999999999999858e+00,6.307000000000000000e+07,6.970000000000000000e+07
5.978294653428155929e+07,-1.672717819999999997e-09,1.719999999999999973e+00,6.307000000000000000e+07,6.970000000000000000e+07
5.985228026294686645e+07,-1.670780120000000218e-09,1.725000000000000089e+00,6.307000000000000000e+07,6.970000000000000000e+07
5.991556064089542627e+07,-1.669015509999999946e-09,1.729999999999999982e+00,6.307000000000000000e+07,6.970000000000000000e+07
6.002648020152905583e+07,-1.665931430000000223e-09,1.734999999999999876e+00,6.307000000000000000e+07,6.970000000000000000e+07
6.015074172872113436e+07,-1.662489890000000042e-09,1.739999999999999991e+00,6.307000000000000000e+07,6.970000000000000000e+07
6.024521077985870838e+07,-1.659882980000000102e-09,1.745000000000000107e+00,6.307000000000000000e+07,6.970000000000000000e+07
6.035453327154397219e+07,-1.656876370000000136e-09,1.750000000000000000e+00,6.307000000000000000e+07,6.970000000000000000e+07
6.048025910130072385e+07,-1.653432070000000067e-09,1.754999999999999893e+00,6.307000000000000000e+07,6.970000000000000000e+07
6.057504177921206504e+07,-1.650844920000000057e-09,1.760000000000000009e+00,6.307000000000000000e+07,6.970000000000000000e+07
6.065072012055616081e+07,-1.648785040000000084e-09,1.765000000000000124e+00,6.307000000000000000e+07,6.970000000000000000e+07
6.074820662333688140e+07,-1.646139129999999913e-09,1.770000000000000018e+00,6.307000000000000000e+07,6.970000000000000000e+07
6.083393790100819618e+07,-1.643819280000000118e-09,1.774999999999999911e+00,6.307000000000000000e+07,6.970000000000000000e+07
6.090525601518274844e+07,-1.641894420000000255e-09,1.780000000000000027e+00,6.307000000000000000e+07,6.970000000000000000e+07
6.102096247021643072e+07,-1.638781100000000145e-09,1.785000000000000142e+00,6.307000000000000000e+07,6.970000000000000000e+07
6.115187705870087445e+07,-1.635272780000000059e-09,1.790000000000000036e+00,6.307000000000000000e+07,6.970000000000000000e+07
6.124295354652768373e+07,-1.632840910000000247e-09,1.794999999999999929e+00,6.307000000000000000e+07,6.970000000000000000e+07
6.135616877405779064e+07,-1.629827970000000207e-09,1.800000000000000044e+00,6.307000000000000000e+07,6.970000000000000000e+07
6.149962896966344118e+07,-1.626026070000000090e-09,1.805000000000000160e+00,6.307000000000000000e+07,6.970000000000000000e+07
6.159767680666062981e+07,-1.623437850000000070e-09,1.810000000000000053e+00,6.307000000000000000e+07,6.970000000000000000e+07
6.168447038805539906e+07,-1.621153580000000160e-09,1.814999999999999947e+00,6.307000000000000000e+07,6.970000000000000000e+07
6.180427697957553715e+07,-1.618011000000000194e-09,1.820000000000000062e+00,6.307000000000000000e+07,6.970000000000000000e+07
6.188204550680624694e+07,-1.615977610000000145e-09,1.825000000000000178e+00,6.307000000000000000e+07,6.970000000000000000e+07
6.189643547836337984e+07,-1.615601920000000162e-09,1.830000000000000071e+00,6.307000000000000000e+07,6.970000000000000000e+07
6.195906752272536606e+07,-1.613968770000000064e-09,1.834999999999999964e+00,6.307000000000000000e+07,6.970000000000000000e+07
6.202357521055639535e+07,-1.612290160000000115e-09,1.839999999999999858e+00,6.307000000000000000e+07,6.970000000000000000e+07
6.205679502419681847e+07,-1.611427079999999904e-09,1.844999999999999973e+00,6.307000000000000000e+07,6.970000000000000000e+07
6.213856289324506372e+07,-1.609306610000000096e-09,1.850000000000000089e+00,6.307000000000000000e+07,6.970000000000000000e+07
6.223492240602773428e+07,-1.606814890000000232e-09,1.854999999999999982e+00,6.307000000000000000e+07,6.970000000000000000e+07
6.221644118111468107e+07,-1.607292189999999973e-09,1.859999999999999876e+00,6.307000000000000000e+07,6.970000000000000000e+07
6.209783077311532944e+07,-1.610362209999999929e-09,1.864999999999999991e+00,6.307000000000000000e+07,6.970000000000000000e+07
6.197778371635127813e+07,-1.613481380000000249e-09,1.870000000000000107e+00,6.307000000000000000e+07,6.970000000000000000e+07
6.184880667087869346e+07,-1.616846070000000128e-09,1.875000000000000000e+00,6.307000000000000000e+07,6.970000000000000000e+07
6.173830215372091532e+07,-1.619740040000000005e-09,1.879999999999999893e+00,6.307000000000000000e+07,6.970000000000000000e+07
6.169358312456430495e+07,-1.620914120000000093e-09,1.885000000000000009e+00,6.307000000000000000e+07,6.970000000000000000e+07
6.168309910595159233e+07,-1.621189620000000026e-09,1.890000000000000124e+00,6.307000000000000000e+07,6.970000000000000000e+07
6.166309802791731060e+07,-1.621715470000000148e-09,1.895000000000000018e+00,6.307000000000000000e+07,6.970000000000000000e+07
6.168568838424622267e+07,-1.621121570000000047e-09,1.899999999999999911e+00,6.307000000000000000e+07,6.970000000000000000e+07
6.174286461638989300e+07,-1.619620349999999943e-09,1.905000000000000027e+00,6.307000000000000000e+07,6.970000000000000000e+07
6.178223637386907637e+07,-1.618588220000000023e-09,1.910000000000000142e+00,6.307000000000000000e+07,6.970000000000000000e+07
6.180698187613474578e+07,-1.617940189999999914e-09,1.915000000000000036e+00,6.307000000000000000e+07,6.970000000000000000e+07
6.182095897302133590e+07,-1.617574389999999940e-09,1.919999999999999929e+00,6.307000000000000000e+07,6.970000000000000000e+07
6.183496074602296948e+07,-1.617208110000000103e-09,1.925000000000000044e+00,6.307000000000000000e+07,6.970000000000000000e+07
6.185381283077060431e+07,-1.616715210000000145e-09,1.930000000000000160e+00,6.307000000000000000e+07,6.970000000000000000e+07
6.192294088790240139e+07,-1.614910379999999997e-09,1.935000000000000053e+00,6.307000000000000000e+07,6.970000000000000000e+07
6.198905521241169423e+07,-1.613188000000000075e-09,1.939999999999999947e+00,6.307000000000000000e+07,6.970000000000000000e+07
6.200995855130349845e+07,-1.612644200000000229e-09,1.945000000000000062e+00,6.307000000000000000e+07,6.970000000000000000e+07
6.205687782179216295e+07,-1.611424930000000252e-09,1.950000000000000178e+00,6.307000000000000000e+07,6.970000000000000000e+07
6.213081867543058842e+07,-1.609507200000000098e-09,1.955000000000000071e+00,6.307000000000000000e+07,6.970000000000000000e+07
6.213603120690205693e+07,-1.609372180000000195e-09,1.959999999999999964e+00,6.307000000000000000e+07,6.970000000000000000e+07
6.207903199619112164e+07,-1.610849860000000281e-09,1.964999999999999858e+00,6.307000000000000000e+07,6.970000000000000000e+07
6.205199930238660425e+07,-1.611551620000000064e-09,1.969999999999999973e+00,6.307000000000000000e+07,6.970000000000000000e+07
6.202456350104892999e+07,-1.612264470000000033e-09,1.975000000000000089e+00,6.307000000000000000e+07,6.970000000000000000e+07
6.199509451415637881e+07,-1.613030850000000025e-09,1.979999999999999982e+00,6.307000000000000000e+07,6.970000000000000000e+07
6.201455625509077311e+07,-1.612524640000000125e-09,1.984999999999999876e+00,6.307000000000000000e+07,6.970000000000000000e+07
6.204974956565951556e+07,-1.611610049999999996e-09,1.989999999999999991e+00,6.307000000000000000e+07,6.970000000000000000e+07
6.206813688621114194e+07,-1.611132620000000089e-09,1.995000000000000107e+00,6.307000000000000000e+07,6.970000000000000000e+07
6.211930340208292007e+07,-1.609805560000000122e-09,2.000000000000000000e+00,6.307000000000000000e+07,6.970000000000000000e+07
6.221159250068118423e+07,-1.607417460000000077e-09,2.004999999999999893e+00,6.307000000000000000e+07,6.970000000000000000e+07
6.228005176917199045e+07,-1.605650560000000150e-09,2.009999999999999787e+00,6.307000000000000000e+07,6.970000000000000000e+07
6.234319906146053970e+07,-1.604024200000000107e-09,2.015000000000000124e+00,6.307000000000000000e+07,6.970000000000000000e+07
6.243719052772375196e+07,-1.601609540000000240e-09,2.020000000000000018e+00,6.307000000000000000e+07,6.970000000000000000e+07
6.249343701736123115e+07,-1.600168030000000186e-09,2.024999999999999911e+00,6.307000000000000000e+07,6.970000000000000000e+07
6.252130257081844658e+07,-1.599454839999999944e-09,2.030000000000000249e+00,6.307000000000000000e+07,6.970000000000000000e+07
6.258058932729227096e+07,-1.597939570000000117e-09,2.035000000000000142e+00,6.307000000000000000e+07,6.970000000000000000e+07
6.265889394783570617e+07,-1.595942630000000106e-09,2.040000000000000036e+00,6.307000000000000000e+07,6.970000000000000000e+07
6.272093173800636828e+07,-1.594364069999999998e-09,2.044999999999999929e+00,6.307000000000000000e+07,6.970000000000000000e+07
6.279284739485066384e+07,-1.592538070000000050e-09,2.049999999999999822e+00,6.307000000000000000e+07,6.970000000000000000e+07
6.287807248828163743e+07,-1.590379540000000063e-09,2.054999999999999716e+00,6.307000000000000000e+07,6.970000000000000000e+07
6.291427674990005046e+07,-1.589464350000000156e-09,2.060000000000000053e+00,6.307000000000000000e+07,6.970000000000000000e+07
6.294148257353019714e+07,-1.588777320000000022e-09,2.064999999999999947e+00,6.307000000000000000e+07,6.970000000000000000e+07
6.300298154679842293e+07,-1.587226470000000103e-09,2.070000000000000284e+00,6.307000000000000000e+07,6.970000000000000000e+07
6.303626208884219080e+07,-1.586388480000000197e-09,2.075000000000000178e+00,6.307000000000000000e+07,6.970000000000000000e+07
6.305731910937615484e+07,-1.585858730000000072e-09,2.080000000000000071e+00,6.307000000000000000e+07,6.970000000000000000e+07
6.313163038369813561e+07,-1.583992040000000223e-09,2.084999999999999964e+00,6.307000000000000000e+07,6.970000000000000000e+07
6.318974769092024118e+07,-1.582535200000000121e-09,2.089999999999999858e+00,6.307000000000000000e+07,6.970000000000000000e+07
6.316151661766237766e+07,-1.583242540000000152e-09,2.094999999999999751e+00,6.307000000000000000e+07,6.970000000000000000e+07
6.317265692331194878e+07,-1.582963340000000073e-09,2.100000000000000089e+00,6.307000000000000000e+07,6.970000000000000000e+07
6.321665481712616235e+07,-1.581861620000000139e-09,2.104999999999999982e+00,6.307000000000000000e+07,6.970000000000000000e+07
6.324122110348923504e+07,-1.581247140000000178e-09,2.110000000000000320e+00,6.307000000000000000e+07,6.970000000000000000e+07
6.326839545363938808e+07,-1.580567980000000155e-09,2.115000000000000213e+00,6.307000000000000000e+07,6.970000000000000000e+07
6.332032590313211083e+07,-1.579271720000000079e-09,2.120000000000000107e+00,6.307000000000000000e+07,6.970000000000000000e+07
6.332295501762071997e+07,-1.579206150000000188e-09,2.125000000000000000e+00,6.307000000000000000e+07,6.970000000000000000e+07
6.327531120174287260e+07,-1.580395230000000094e-09,2.129999999999999893e+00,6.307000000000000000e+07,6.970000000000000000e+07
6.325771114345435798e+07,-1.580834940000000096e-09,2.134999999999999787e+00,6.307000000000000000e+07,6.970000000000000000e+07
6.323734867120655626e+07,-1.581343970000000150e-09,2.140000000000000124e+00,6.307000000000000000e+07,6.970000000000000000e+07
6.317871950685421377e+07,-1.582811440000000042e-09,2.145000000000000018e+00,6.307000000000000000e+07,6.970000000000000000e+07
6.316108497000125796e+07,-1.583253360000000169e-09,2.150000000000000355e+00,6.307000000000000000e+07,6.970000000000000000e+07
6.318732047336983681e+07,-1.582595990000000019e-09,2.155000000000000249e+00,6.307000000000000000e+07,6.970000000000000000e+07
6.318917311147260666e+07,-1.582549590000000117e-09,2.160000000000000142e+00,6.307000000000000000e+07,6.970000000000000000e+07
6.317644081280710548e+07,-1.582868530000000208e-09,2.165000000000000036e+00,6.307000000000000000e+07,6.970000000000000000e+07
6.314397461440468580e+07,-1.583682380000000112e-09,2.169999999999999929e+00,6.307000000000000000e+07,6.970000000000000000e+07
6.309060097362046689e+07,-1.585022150000000036e-09,2.174999999999999822e+00,6.307000000000000000e+07,6.970000000000000000e+07
6.302381336511094868e+07,-1.586701829999999995e-09,2.179999999999999716e+00,6.307000000000000000e+07,6.970000000000000000e+07
6.300385958493624628e+07,-1.587204350000000000e-09,2.185000000000000053e+00,6.307000000000000000e+07,6.970000000000000000e+07
6.298068591458876431e+07,-1.587788360000000092e-09,2.189999999999999947e+00,6.307000000000000000e+07,6.970000000000000000e+07
6.292372442756242305e+07,-1.589225700000000182e-09,2.195000000000000284e+00,6.307000000000000000e+07,6.970000000000000000e+07
6.289388474582411349e+07,-1.589979700000000032e-09,2.200000000000000178e+00,6.307000000000000000e+07,6.970000000000000000e+07
6.287794518094499409e+07,-1.590382760000000138e-09,2.205000000000000071e+00,6.307000000000000000e+07,6.970000000000000000e+07
6.282298158649614453e+07,-1.591774180000000190e-09,2.209999999999999964e+00,6.307000000000000000e+07,6.970000000000000000e+07
6.277639189824961126e+07,-1.592955520000000152e-09,2.214999999999999858e+00,6.307000000000000000e+07,6.970000000000000000e+07
6.277364956287475675e+07,-1.593025109999999960e-09,2.219999999999999751e+00,6.307000000000000000e+07,6.970000000000000000e+07
6.274546063415995985e+07,-1.593740790000000127e-09,2.225000000000000089e+00,6.307000000000000000e+07,6.970000000000000000e+07
6.271012713431017101e+07,-1.594638770000000090e-09,2.229999999999999982e+00,6.307000000000000000e+07,6.970000000000000000e+07
6.269045634909602255e+07,-1.595139129999999986e-09,2.235000000000000320e+00,6.307000000000000000e+07,6.970000000000000000e+07
6.264439022962256521e+07,-1.596312130000000226e-09,2.240000000000000213e+00,6.307000000000000000e+07,6.970000000000000000e+07
6.251910779306367785e+07,-1.599510990000000058e-09,2.245000000000000107e+00,6.307000000000000000e+07,6.970000000000000000e+07
6.239179663673400879e+07,-1.602774810000000167e-09,2.250000000000000000e+00,6.307000000000000000e+07,6.970000000000000000e+07
6.230874292416463047e+07,-1.604911210000000213e-09,2.254999999999999893e+00,6.307000000000000000e+07,6.970000000000000000e+07
6.220168615584411472e+07,-1.607673459999999998e-09,2.259999999999999787e+00,6.307000000000000000e+07,6.970000000000000000e+07
6.206912659732646495e+07,-1.611106930000000213e-09,2.265000000000000124e+00,6.307000000000000000e+07,6.970000000000000000e+07
6.198953055099152774e+07,-1.613175629999999978e-09,2.270000000000000018e+00,6.307000000000000000e+07,6.970000000000000000e+07
6.190195936724436283e+07,-1.615457750000000030e-09,2.275000000000000355e+00,6.307000000000000000e+07,6.970000000000000000e+07
6.180505011042213440e+07,-1.617990760000000194e-09,2.280000000000000249e+00,6.307000000000000000e+07,6.970000000000000000e+07
6.171468221172288060e+07,-1.620359960000000211e-09,2.285000000000000142e+00,6.307000000000000000e+07,6.970000000000000000e+07
6.156939703464051336e+07,-1.624183520000000243e-09,2.290000000000000036e+00,6.307000000000000000e+07,6.970000000000000000e+07
6.137883840928858519e+07,-1.629226010000000184e-09,2.294999999999999929e+00,6.307000000000000000e+07,6.970000000000000000e+07
6.126678200546824187e+07,-1.632205850000000220e-09,2.299999999999999822e+00,6.307000000000000000e+07,6.970000000000000000e+07
6.119094404623588175e+07,-1.634228750000000068e-09,2.304999999999999716e+00,6.307000000000000000e+07,6.970000000000000000e+07
6.110167368604730815e+07,-1.636616380000000087e-09,2.310000000000000053e+00,6.307000000000000000e+07,6.970000000000000000e+07
6.101852624357694387e+07,-1.638846530000000033e-09,2.314999999999999947e+00,6.307000000000000000e+07,6.970000000000000000e+07
6.093111369572772086e+07,-1.641197639999999908e-09,2.320000000000000284e+00,6.307000000000000000e+07,6.970000000000000000e+07
6.074426891186555475e+07,-1.646245840000000056e-09,2.325000000000000178e+00,6.307000000000000000e+07,6.970000000000000000e+07
6.050337940415594727e+07,-1.652800239999999952e-09,2.330000000000000071e+00,6.307000000000000000e+07,6.970000000000000000e+07
6.031882419309624285e+07,-1.657857250000000055e-09,2.334999999999999964e+00,6.307000000000000000e+07,6.970000000000000000e+07
6.020989881202679127e+07,-1.660856469999999982e-09,2.339999999999999858e+00,6.307000000000000000e+07,6.970000000000000000e+07
6.013514339152779430e+07,-1.662921120000000111e-09,2.344999999999999751e+00,6.307000000000000000e+07,6.970000000000000000e+07
6.013458396510477364e+07,-1.662936589999999955e-09,2.350000000000000089e+00,6.307000000000000000e+07,6.970000000000000000e+07
6.017367156601101905e+07,-1.661856380000000095e-09,2.354999999999999982e+00,6.307000000000000000e+07,6.970000000000000000e+07
6.019433319110416621e+07,-1.661285949999999907e-09,2.360000000000000320e+00,6.307000000000000000e+07,6.970000000000000000e+07
6.021906878243714571e+07,-1.660603560000000177e-09,2.365000000000000213e+00,6.307000000000000000e+07,6.970000000000000000e+07
6.028157111955259740e+07,-1.658881780000000034e-09,2.370000000000000107e+00,6.307000000000000000e+07,6.970000000000000000e+07
6.033532102819400281e+07,-1.657403959999999944e-09,2.375000000000000000e+00,6.307000000000000000e+07,6.970000000000000000e+07
6.037241023113124073e+07,-1.656385750000000201e-09,2.379999999999999893e+00,6.307000000000000000e+07,6.970000000000000000e+07
6.044402775137632340e+07,-1.654423170000000225e-09,2.384999999999999787e+00,6.307000000000000000e+07,6.970000000000000000e+07
6.051074042043273896e+07,-1.652599180000000132e-09,2.390000000000000124e+00,6.307000000000000000e+07,6.970000000000000000e+07
6.054415549134067446e+07,-1.651687090000000179e-09,2.395000000000000018e+00,6.307000000000000000e+07,6.970000000000000000e+07
6.059975051931107789e+07,-1.650171810000000101e-09,2.400000000000000355e+00,6.307000000000000000e+07,6.970000000000000000e+07
6.064030326652274281e+07,-1.649068269999999917e-09,2.405000000000000249e+00,6.307000000000000000e+07,6.970000000000000000e+07
6.064583287836323678e+07,-1.648917910000000129e-09,2.410000000000000142e+00,6.307000000000000000e+07,6.970000000000000000e+07
6.067349791197617352e+07,-1.648166060000000136e-09,2.415000000000000036e+00,6.307000000000000000e+07,6.970000000000000000e+07
6.075009540043105930e+07,-1.646087950000000225e-09,2.419999999999999929e+00,6.307000000000000000e+07,6.970000000000000000e+07
6.079166197127067298e+07,-1.644962430000000148e-09,2.424999999999999822e+00,6.307000000000000000e+07,6.970000000000000000e+07
6.072864118426486105e+07,-1.646669480000000022e-09,2.429999999999999716e+00,6.307000000000000000e+07,6.970000000000000000e+07
6.061898824823320657e+07,-1.649648120000000089e-09,2.435000000000000053e+00,6.307000000000000000e+07,6.970000000000000000e+07
6.052130986488816887e+07,-1.652310570000000114e-09,2.439999999999999947e+00,6.307000000000000000e+07,6.970000000000000000e+07
6.042458872049006075e+07,-1.654955410000000068e-09,2.445000000000000284e+00,6.307000000000000000e+07,6.970000000000000000e+07
6.033198228305488080e+07,-1.657495680000000106e-09,2.450000000000000178e+00,6.307000000000000000e+07,6.970000000000000000e+07
6.019732043547150493e+07,-1.661203510000000139e-09,2.455000000000000071e+00,6.307000000000000000e+07,6.970000000000000000e+07
6.001179831954962015e+07,-1.666339000000000154e-09,2.459999999999999964e+00,6.307000000000000000e+07,6.970000000000000000e+07
5.982450672390962392e+07,-1.671555780000000191e-09,2.464999999999999858e+00,6.307000000000000000e+07,6.970000000000000000e+07
5.963466646411553025e+07,-1.676876990000000140e-09,2.469999999999999751e+00,6.307000000000000000e+07,6.970000000000000000e+07
5.942170393661301583e+07,-1.682886780000000097e-09,2.475000000000000089e+00,6.307000000000000000e+07,6.970000000000000000e+07
5.922090306476227194e+07,-1.688592960000000217e-09,2.479999999999999982e+00,6.307000000000000000e+07,6.970000000000000000e+07
5.904056112527152151e+07,-1.693750840000000297e-09,2.485000000000000320e+00,6.307000000000000000e+07,6.970000000000000000e+07
5.884505008502286673e+07,-1.699378279999999967e-09,2.490000000000000213e+00,6.307000000000000000e+07,6.970000000000000000e+07
5.868801119898714125e+07,-1.703925520000000235e-09,2.495000000000000107e+00,6.307000000000000000e+07,6.970000000000000000e+07
5.855896620282148570e+07,-1.707680420000000052e-09,2.500000000000000000e+00,6.307000000000000000e+07,6.970000000000000000e+07
5.850203834264544398e+07,-1.709342150000000079e-09,2.504999999999999893e+00,6.307000000000000000e+07,6.970000000000000000e+07
5.847295378546827286e+07,-1.710192380000000123e-09,2.509999999999999787e+00,6.307000000000000000e+07,6.970000000000000000e+07
5.846065620929074287e+07,-1.710552130000000030e-09,2.515000000000000124e+00,6.307000000000000000e+07,6.970000000000000000e+07
5.848620882621343434e+07,-1.709804790000000069e-09,2.520000000000000018e+00,6.307000000000000000e+07,6.970000000000000000e+07
5.845856263290444016e+07,-1.710613390000000160e-09,2.525000000000000355e+00,6.307000000000000000e+07,6.970000000000000000e+07
5.845739971361252666e+07,-1.710647419999999965e-09,2.530000000000000249e+00,6.307000000000000000e+07,6.970000000000000000e+07
5.851271674426817894e+07,-1.709030200000000106e-09,2.535000000000000142e+00,6.307000000000000000e+07,6.970000000000000000e+07
5.855394909673331678e+07,-1.707826740000000042e-09,2.540000000000000036e+00,6.307000000000000000e+07,6.970000000000000000e+07
5.858346985966885835e+07,-1.706966150000000169e-09,2.544999999999999929e+00,6.307000000000000000e+07,6.970000000000000000e+07
5.862600392048502713e+07,-1.705727720000000247e-09,2.549999999999999822e+00,6.307000000000000000e+07,6.970000000000000000e+07
5.870081053316073120e+07,-1.703553990000000171e-09,2.554999999999999716e+00,6.307000000000000000e+07,6.970000000000000000e+07
5.876310400324880332e+07,-1.701748090000000013e-09,2.560000000000000053e+00,6.307000000000000000e+07,6.970000000000000000e+07
5.884676384491784871e+07,-1.699328790000000156e-09,2.564999999999999947e+00,6.307000000000000000e+07,6.970000000000000000e+07
5.896862553049943596e+07,-1.695817040000000300e-09,2.570000000000000284e+00,6.307000000000000000e+07,6.970000000000000000e+07
5.906379676780695468e+07,-1.693084520000000189e-09,2.575000000000000178e+00,6.307000000000000000e+07,6.970000000000000000e+07
5.913513260095496476e+07,-1.691042120000000122e-09,2.580000000000000071e+00,6.307000000000000000e+07,6.970000000000000000e+07
5.924396676771298051e+07,-1.687935590000000067e-09,2.584999999999999964e+00,6.307000000000000000e+07,6.970000000000000000e+07
5.934849372009551525e+07,-1.684962730000000106e-09,2.589999999999999858e+00,6.307000000000000000e+07,6.970000000000000000e+07
5.941955296650038660e+07,-1.682947699999999954e-09,2.594999999999999751e+00,6.307000000000000000e+07,6.970000000000000000e+07
5.948478821089541912e+07,-1.681102059999999990e-09,2.600000000000000089e+00,6.307000000000000000e+07,6.970000000000000000e+07
5.957157174063795805e+07,-1.678653040000000089e-09,2.604999999999999982e+00,6.307000000000000000e+07,6.970000000000000000e+07
5.963379838552224636e+07,-1.676901400000000105e-09,2.610000000000000320e+00,6.307000000000000000e+07,6.970000000000000000e+07
5.970134604624940455e+07,-1.675004110000000013e-09,2.615000000000000213e+00,6.307000000000000000e+07,6.970000000000000000e+07
5.979501122089262307e+07,-1.672380320000000152e-09,2.620000000000000107e+00,6.307000000000000000e+07,6.970000000000000000e+07
5.978128359801546484e+07,-1.672764350000000065e-09,2.625000000000000000e+00,6.307000000000000000e+07,6.970000000000000000e+07
5.973459513187660277e+07,-1.674071780000000061e-09,2.629999999999999893e+00,6.307000000000000000e+07,6.970000000000000000e+07
5.974548090559523553e+07,-1.673766759999999940e-09,2.634999999999999787e+00,6.307000000000000000e+07,6.970000000000000000e+07
5.978248263259097189e+07,-1.672730800000000123e-09,2.640000000000000124e+00,6.307000000000000000e+07,6.970000000000000000e+07
5.971604150410591811e+07,-1.674591910000000138e-09,2.645000000000000018e+00,6.307000000000000000e+07,6.970000000000000000e+07
5.964126731967493147e+07,-1.676691399999999957e-09,2.650000000000000355e+00,6.307000000000000000e+07,6.970000000000000000e+07
5.954762254717610776e+07,-1.679328170000000151e-09,2.655000000000000249e+00,6.307000000000000000e+07,6.970000000000000000e+07
5.943112668174933642e+07,-1.682619960000000159e-09,2.660000000000000142e+00,6.307000000000000000e+07,6.970000000000000000e+07
5.929910650181791931e+07,-1.686366050000000022e-09,2.665000000000000036e+00,6.307000000000000000e+07,6.970000000000000000e+07
5.917980926939270645e+07,-1.689765500000000062e-09,2.669999999999999929e+00,6.307000000000000000e+07,6.970000000000000000e+07
5.905268439566829801e+07,-1.693403120000000007e-09,2.674999999999999822e+00,6.307000000000000000e+07,6.970000000000000000e+07
5.897018514025755227e+07,-1.695772190000000065e-09,2.679999999999999716e+00,6.307000000000000000e+07,6.970000000000000000e+07
5.893069488040471822e+07,-1.696908550000000247e-09,2.685000000000000053e+00,6.307000000000000000e+07,6.970000000000000000e+07
5.882453392718817294e+07,-1.699970970000000261e-09,2.689999999999999947e+00,6.307000000000000000e+07,6.970000000000000000e+07
5.873117739912469685e+07,-1.702673170000000136e-09,2.695000000000000284e+00,6.307000000000000000e+07,6.970000000000000000e+07
5.870821887236516923e+07,-1.703339020000000218e-09,2.700000000000000178e+00,6.307000000000000000e+07,6.970000000000000000e+07
5.862990071583297104e+07,-1.705614350000000215e-09,2.705000000000000071e+00,6.307000000000000000e+07,6.970000000000000000e+07
5.844081358682526648e+07,-1.711132920000000253e-09,2.709999999999999964e+00,6.307000000000000000e+07,6.970000000000000000e+07
5.827494756624180079e+07,-1.716003260000000118e-09,2.714999999999999858e+00,6.307000000000000000e+07,6.970000000000000000e+07
5.821198646971812844e+07,-1.717859260000000116e-09,2.719999999999999751e+00,6.307000000000000000e+07,6.970000000000000000e+07
5.814976619985178113e+07,-1.719697370000000037e-09,2.725000000000000089e+00,6.307000000000000000e+07,6.970000000000000000e+07
5.805200562219741940e+07,-1.722593370000000065e-09,2.729999999999999982e+00,6.307000000000000000e+07,6.970000000000000000e+07
5.800422720886883885e+07,-1.724012280000000153e-09,2.735000000000000320e+00,6.307000000000000000e+07,6.970000000000000000e+07
5.797161235651236027e+07,-1.724982210000000098e-09,2.740000000000000213e+00,6.307000000000000000e+07,6.970000000000000000e+07
5.788015774426671863e+07,-1.727707799999999943e-09,2.745000000000000107e+00,6.307000000000000000e+07,6.970000000000000000e+07
5.780881335132004321e+07,-1.729840040000000069e-09,2.750000000000000000e+00,6.307000000000000000e+07,6.970000000000000000e+07
5.779412727403058112e+07,-1.730279610000000067e-09,2.754999999999999893e+00,6.307000000000000000e+07,6.970000000000000000e+07
5.773813333838965744e+07,-1.731957620000000031e-09,2.759999999999999787e+00,6.307000000000000000e+07,6.970000000000000000e+07
5.767472023002523929e+07,-1.733861900000000034e-09,2.765000000000000124e+00,6.307000000000000000e+07,6.970000000000000000e+07
5.757834884572741389e+07,-1.736763940000000085e-09,2.770000000000000018e+00,6.307000000000000000e+07,6.970000000000000000e+07
5.745951554802202433e+07,-1.740355780000000201e-09,2.775000000000000355e+00,6.307000000000000000e+07,6.970000000000000000e+07
5.739890381295464933e+07,-1.742193550000000262e-09,2.780000000000000249e+00,6.307000000000000000e+07,6.970000000000000000e+07
5.741936617069943249e+07,-1.741572690000000004e-09,2.785000000000000142e+00,6.307000000000000000e+07,6.970000000000000000e+07
5.744822201802954078e+07,-1.740697909999999992e-09,2.790000000000000036e+00,6.307000000000000000e+07,6.970000000000000000e+07
5.749378574104783684e+07,-1.739318410000000100e-09,2.794999999999999929e+00,6.307000000000000000e+07,6.970000000000000000e+07
5.758895102992656082e+07,-1.736444200000000153e-09,2.799999999999999822e+00,6.307000000000000000e+07,6.970000000000000000e+07
5.763946992276489735e+07,-1.734922270000000022e-09,2.804999999999999716e+00,6.307000000000000000e+07,6.970000000000000000e+07
5.765721817460221797e+07,-1.734388220000000182e-09,2.810000000000000053e+00,6.307000000000000000e+07,6.970000000000000000e+07
5.763909450435038656e+07,-1.734933570000000109e-09,2.814999999999999947e+00,6.307000000000000000e+07,6.970000000000000000e+07
5.766525559017367661e+07,-1.734146480000000091e-09,2.820000000000000284e+00,6.307000000000000000e+07,6.970000000000000000e+07
5.771951533985008299e+07,-1.732516280000000106e-09,2.825000000000000178e+00,6.307000000000000000e+07,6.970000000000000000e+07
5.776216091755931824e+07,-1.731237170000000122e-09,2.830000000000000071e+00,6.307000000000000000e+07,6.970000000000000000e+07
5.778946244750577956e+07,-1.730419280000000212e-09,2.834999999999999964e+00,6.307000000000000000e+07,6.970000000000000000e+07
5.784310778894234449e+07,-1.728814440000000081e-09,2.839999999999999858e+00,6.307000000000000000e+07,6.970000000000000000e+07
5.792058664750344306e+07,-1.726501850000000159e-09,2.844999999999999751e+00,6.307000000000000000e+07,6.970000000000000000e+07
5.805572233513189107e+07,-1.722483090000000149e-09,2.850000000000000089e+00,6.307000000000000000e+07,6.970000000000000000e+07
5.814129534805914760e+07,-1.719947920000000082e-09,2.854999999999999982e+00,6.307000000000000000e+07,6.970000000000000000e+07
5.816451316046561301e+07,-1.719261359999999975e-09,2.860000000000000320e+00,6.307000000000000000e+07,6.970000000000000000e+07
5.819072512928990275e+07,-1.718486920000000060e-09,2.865000000000000213e+00,6.307000000000000000e+07,6.970000000000000000e+07
5.824956288945511729e+07,-1.716751080000000149e-09,2.870000000000000107e+00,6.307000000000000000e+07,6.970000000000000000e+07
5.820817009991938621e+07,-1.717971890000000161e-09,2.875000000000000000e+00,6.307000000000000000e+07,6.970000000000000000e+07
5.814492343069468439e+07,-1.719840600000000117e-09,2.879999999999999893e+00,6.307000000000000000e+07,6.970000000000000000e+07
5.817478169869536161e+07,-1.718957890000000141e-09,2.884999999999999787e+00,6.307000000000000000e+07,6.970000000000000000e+07
5.823286862960659713e+07,-1.717243240000000120e-09,2.890000000000000124e+00,6.307000000000000000e+07,6.970000000000000000e+07
5.830745187018674612e+07,-1.715046649999999953e-09,2.895000000000000018e+00,6.307000000000000000e+07,6.970000000000000000e+07
5.843664103616112471e+07,-1.711255100000000033e-09,2.900000000000000355e+00,6.307000000000000000e+07,6.970000000000000000e+07
5.854825514694929868e+07,-1.707992830000000212e-09,2.905000000000000249e+00,6.307000000000000000e+07,6.970000000000000000e+07
5.854696662838124484e+07,-1.708030420000000159e-09,2.910000000000000142e+00,6.307000000000000000e+07,6.970000000000000000e+07
5.851773123830102384e+07,-1.708883750000000158e-09,2.915000000000000036e+00,6.307000000000000000e+07,6.970000000000000000e+07
5.855449081500789523e+07,-1.707810940000000175e-09,2.919999999999999929e+00,6.307000000000000000e+07,6.970000000000000000e+07
5.861300872354992479e+07,-1.706105900000000156e-09,2.924999999999999822e+00,6.307000000000000000e+07,6.970000000000000000e+07
5.868536886430384219e+07,-1.704002239999999958e-09,2.929999999999999716e+00,6.307000000000000000e+07,6.970000000000000000e+07
5.874917748948420584e+07,-1.702151490000000186e-09,2.935000000000000053e+00,6.307000000000000000e+07,6.970000000000000000e+07
5.880007475371103734e+07,-1.700678110000000022e-09,2.939999999999999947e+00,6.307000000000000000e+07,6.970000000000000000e+07
5.880041185690077394e+07,-1.700668360000000223e-09,2.945000000000000284e+00,6.307000000000000000e+07,6.970000000000000000e+07
5.879400513746719807e+07,-1.700853680000000237e-09,2.950000000000000178e+00,6.307000000000000000e+07,6.970000000000000000e+07
5.880346497770883888e+07,-1.700580060000000200e-09,2.955000000000000071e+00,6.307000000000000000e+07,6.970000000000000000e+07
5.882117864066067338e+07,-1.700067940000000236e-09,2.959999999999999964e+00,6.307000000000000000e+07,6.970000000000000000e+07
5.888732135419568419e+07,-1.698158410000000213e-09,2.964999999999999858e+00,6.307000000000000000e+07,6.970000000000000000e+07
5.899177151505269110e+07,-1.695151670000000081e-09,2.969999999999999751e+00,6.307000000000000000e+07,6.970000000000000000e+07
5.909050657712201774e+07,-1.692319220000000045e-09,2.975000000000000089e+00,6.307000000000000000e+07,6.970000000000000000e+07
5.916930788595518470e+07,-1.690065400000000122e-09,2.979999999999999982e+00,6.307000000000000000e+07,6.970000000000000000e+07
5.925101292272887379e+07,-1.687734860000000063e-09,2.985000000000000320e+00,6.307000000000000000e+07,6.970000000000000000e+07
5.925649711640700698e+07,-1.687578660000000108e-09,2.990000000000000213e+00,6.307000000000000000e+07,6.970000000000000000e+07
5.920187045704826713e+07,-1.689135820000000012e-09,2.995000000000000107e+00,6.307000000000000000e+07,6.970000000000000000e+07
5.920128339857423306e+07,-1.689152570000000182e-09,3.000000000000000000e+00,6.307000000000000000e+07,6.970000000000000000e+07
5.914061669859796762e+07,-1.690885310000000138e-09,3.004999999999999893e+00,6.307000000000000000e+07,6.970000000000000000e+07
5.898687412869382650e+07,-1.695292410000000029e-09,3.010000000000000231e+00,6.307000000000000000e+07,6.970000000000000000e+07
5.888700440660287440e+07,-1.698167549999999984e-09,3.015000000000000124e+00,6.307000000000000000e+07,6.970000000000000000e+07
5.881681668307478726e+07,-1.700194020000000226e-09,3.020000000000000018e+00,6.307000000000000000e+07,6.970000000000000000e+07
5.875837225277360529e+07,-1.701885130000000022e-09,3.024999999999999911e+00,6.307000000000000000e+07,6.970000000000000000e+07
5.871727773453804851e+07,-1.703076230000000035e-09,3.030000000000000249e+00,6.307000000000000000e+07,6.970000000000000000e+07
5.865992859620191157e+07,-1.704741250000000242e-09,3.035000000000000142e+00,6.307000000000000000e+07,6.970000000000000000e+07
5.852597372179096937e+07,-1.708643080000000284e-09,3.040000000000000036e+00,6.307000000000000000e+07,6.970000000000000000e+07
5.837211143490575254e+07,-1.713146870000000143e-09,3.044999999999999929e+00,6.307000000000000000e+07,6.970000000000000000e+07
5.821736913694548607e+07,-1.717700430000000234e-09,3.049999999999999822e+00,6.307000000000000000e+07,6.970000000000000000e+07
5.809570268933895975e+07,-1.721297710000000181e-09,3.055000000000000160e+00,6.307000000000000000e+07,6.970000000000000000e+07
5.801759875671534985e+07,-1.723614940000000093e-09,3.060000000000000053e+00,6.307000000000000000e+07,6.970000000000000000e+07
5.796631569279807061e+07,-1.725139830000000174e-09,3.064999999999999947e+00,6.307000000000000000e+07,6.970000000000000000e+07
5.791242591827998310e+07,-1.726745140000000124e-09,3.069999999999999840e+00,6.307000000000000000e+07,6.970000000000000000e+07
5.779785814084450155e+07,-1.730167920000000074e-09,3.075000000000000178e+00,6.307000000000000000e+07,6.970000000000000000e+07
5.764772837137506157e+07,-1.734673730000000039e-09,3.080000000000000071e+00,6.307000000000000000e+07,6.970000000000000000e+07
5.754827089976094663e+07,-1.737671670000000054e-09,3.084999999999999964e+00,6.307000000000000000e+07,6.970000000000000000e+07
5.750871774652319402e+07,-1.738866800000000235e-09,3.089999999999999858e+00,6.307000000000000000e+07,6.970000000000000000e+07
5.743585648265904933e+07,-1.741072670000000175e-09,3.095000000000000195e+00,6.307000000000000000e+07,6.970000000000000000e+07
5.740714421691307425e+07,-1.741943470000000242e-09,3.100000000000000089e+00,6.307000000000000000e+07,6.970000000000000000e+07
5.740869977292045951e+07,-1.741896270000000085e-09,3.104999999999999982e+00,6.307000000000000000e+07,6.970000000000000000e+07
5.737459740388438106e+07,-1.742931620000000080e-09,3.109999999999999876e+00,6.307000000000000000e+07,6.970000000000000000e+07
5.740097291779047251e+07,-1.742130750000000095e-09,3.115000000000000213e+00,6.307000000000000000e+07,6.970000000000000000e+07
5.742834196296585351e+07,-1.741300490000000088e-09,3.120000000000000107e+00,6.307000000000000000e+07,6.970000000000000000e+07
5.738333989951764047e+07,-1.742666080000000054e-09,3.125000000000000000e+00,6.307000000000000000e+07,6.970000000000000000e+07
5.733243552268169075e+07,-1.744213360000000200e-09,3.129999999999999893e+00,6.307000000000000000e+07,6.970000000000000000e+07
5.733663531193652004e+07,-1.744085600000000171e-09,3.135000000000000231e+00,6.307000000000000000e+07,6.970000000000000000e+07
5.731330067648207396e+07,-1.744795690000000046e-09,3.140000000000000124e+00,6.307000000000000000e+07,6.970000000000000000e+07
5.726903227476490289e+07,-1.746144400000000090e-09,3.145000000000000018e+00,6.307000000000000000e+07,6.970000000000000000e+07
5.726468989758846164e+07,-1.746276809999999947e-09,3.149999999999999911e+00,6.307000000000000000e+07,6.970000000000000000e+07
5.725701749306664616e+07,-1.746510810000000093e-09,3.155000000000000249e+00,6.307000000000000000e+07,6.970000000000000000e+07
5.722531882728727162e+07,-1.747478249999999905e-09,3.160000000000000142e+00,6.307000000000000000e+07,6.970000000000000000e+07
5.725259105761245638e+07,-1.746645840000000040e-09,3.165000000000000036e+00,6.307000000000000000e+07,6.970000000000000000e+07
5.729570177614727616e+07,-1.745331619999999989e-09,3.169999999999999929e+00,6.307000000000000000e+07,6.970000000000000000e+07
5.725414283820809424e+07,-1.746598500000000087e-09,3.175000000000000266e+00,6.307000000000000000e+07,6.970000000000000000e+07
5.724077026065397263e+07,-1.747006540000000250e-09,3.180000000000000160e+00,6.307000000000000000e+07,6.970000000000000000e+07
5.727193925770194829e+07,-1.746055770000000044e-09,3.185000000000000053e+00,6.307000000000000000e+07,6.970000000000000000e+07
5.732435785225671530e+07,-1.744459140000000090e-09,3.189999999999999947e+00,6.307000000000000000e+07,6.970000000000000000e+07
5.738525541296320409e+07,-1.742607910000000247e-09,3.194999999999999840e+00,6.307000000000000000e+07,6.970000000000000000e+07
5.749287441938377172e+07,-1.739345980000000079e-09,3.200000000000000178e+00,6.307000000000000000e+07,6.970000000000000000e+07
5.761419392499806732e+07,-1.735683400000000202e-09,3.205000000000000071e+00,6.307000000000000000e+07,6.970000000000000000e+07
5.769097281195216626e+07,-1.733373440000000209e-09,3.209999999999999964e+00,6.307000000000000000e+07,6.970000000000000000e+07
5.780440477310161293e+07,-1.729971970000000063e-09,3.214999999999999858e+00,6.307000000000000000e+07,6.970000000000000000e+07
5.794812145750094950e+07,-1.725681480000000162e-09,3.220000000000000195e+00,6.307000000000000000e+07,6.970000000000000000e+07
5.804747159377320111e+07,-1.722727920000000149e-09,3.225000000000000089e+00,6.307000000000000000e+07,6.970000000000000000e+07
5.809629738992682099e+07,-1.721280090000000065e-09,3.229999999999999982e+00,6.307000000000000000e+07,6.970000000000000000e+07
5.818045096237709373e+07,-1.718790390000000100e-09,3.234999999999999876e+00,6.307000000000000000e+07,6.970000000000000000e+07
5.817840922321869433e+07,-1.718850709999999972e-09,3.240000000000000213e+00,6.307000000000000000e+07,6.970000000000000000e+07
5.811708749656542391e+07,-1.720664340000000030e-09,3.245000000000000107e+00,6.307000000000000000e+07,6.970000000000000000e+07
5.809387579938334972e+07,-1.721351840000000190e-09,3.250000000000000000e+00,6.307000000000000000e+07,6.970000000000000000e+07
5.810816053109184653e+07,-1.720928680000000294e-09,3.254999999999999893e+00,6.307000000000000000e+07,6.970000000000000000e+07
5.813154044501345605e+07,-1.720236539999999938e-09,3.260000000000000231e+00,6.307000000000000000e+07,6.970000000000000000e+07
5.820780316114006191e+07,-1.717982720000000015e-09,3.265000000000000124e+00,6.307000000000000000e+07,6.970000000000000000e+07
5.826726417959219962e+07,-1.716229540000000202e-09,3.270000000000000018e+00,6.307000000000000000e+07,6.970000000000000000e+07
5.830662642040116340e+07,-1.715070930000000165e-09,3.274999999999999911e+00,6.307000000000000000e+07,6.970000000000000000e+07
5.837738846195785701e+07,-1.712992010000000161e-09,3.280000000000000249e+00,6.307000000000000000e+07,6.970000000000000000e+07
5.850183607427500933e+07,-1.709348060000000143e-09,3.285000000000000142e+00,6.307000000000000000e+07,6.970000000000000000e+07
5.862525981762490422e+07,-1.705749370000000118e-09,3.290000000000000036e+00,6.307000000000000000e+07,6.970000000000000000e+07
5.873162995748917013e+07,-1.702660050000000007e-09,3.294999999999999929e+00,6.307000000000000000e+07,6.970000000000000000e+07
5.887556190173929185e+07,-1.698497590000000098e-09,3.300000000000000266e+00,6.307000000000000000e+07,6.970000000000000000e+07
5.900985685306311399e+07,-1.694632139999999989e-09,3.305000000000000160e+00,6.307000000000000000e+07,6.970000000000000000e+07
5.907059111668805778e+07,-1.692889780000000192e-09,3.310000000000000053e+00,6.307000000000000000e+07,6.970000000000000000e+07
5.916493860179204494e+07,-1.690190210000000038e-09,3.314999999999999947e+00,6.307000000000000000e+07,6.970000000000000000e+07
5.929581042664527148e+07,-1.686459790000000084e-09,3.319999999999999840e+00,6.307000000000000000e+07,6.970000000000000000e+07
5.940460393165449798e+07,-1.683371210000000167e-09,3.325000000000000178e+00,6.307000000000000000e+07,6.970000000000000000e+07
5.950284362602117658e+07,-1.680591950000000088e-09,3.330000000000000071e+00,6.307000000000000000e+07,6.970000000000000000e+07
5.962244172250641137e+07,-1.677220810000000015e-09,3.334999999999999964e+00,6.307000000000000000e+07,6.970000000000000000e+07
5.972056425494065881e+07,-1.674465090000000160e-09,3.339999999999999858e+00,6.307000000000000000e+07,6.970000000000000000e+07
5.980013741593176872e+07,-1.672236960000000114e-09,3.345000000000000195e+00,6.307000000000000000e+07,6.970000000000000000e+07
5.991252412003330141e+07,-1.669100100000000193e-09,3.350000000000000089e+00,6.307000000000000000e+07,6.970000000000000000e+07
6.002932252317289263e+07,-1.665852550000000184e-09,3.354999999999999982e+00,6.307000000000000000e+07,6.970000000000000000e+07
6.011673118183848262e+07,-1.663430430000000172e-09,3.359999999999999876e+00,6.307000000000000000e+07,6.970000000000000000e+07
6.022172192692165822e+07,-1.660530400000000183e-09,3.365000000000000213e+00,6.307000000000000000e+07,6.970000000000000000e+07
6.032548676710678637e+07,-1.657674150000000211e-09,3.370000000000000107e+00,6.307000000000000000e+07,6.970000000000000000e+07
6.037393198514318466e+07,-1.656344000000000128e-09,3.375000000000000000e+00,6.307000000000000000e+07,6.970000000000000000e+07
6.045654716807416081e+07,-1.654080570000000202e-09,3.379999999999999893e+00,6.307000000000000000e+07,6.970000000000000000e+07
6.057916749430429935e+07,-1.650732490000000076e-09,3.385000000000000231e+00,6.307000000000000000e+07,6.970000000000000000e+07
6.067103229528756440e+07,-1.648233040000000105e-09,3.390000000000000124e+00,6.307000000000000000e+07,6.970000000000000000e+07
6.073729475858343393e+07,-1.646434870000000053e-09,3.395000000000000018e+00,6.307000000000000000e+07,6.970000000000000000e+07
6.083391532633176446e+07,-1.643819890000000147e-09,3.399999999999999911e+00,6.307000000000000000e+07,6.970000000000000000e+07
6.092789838201396167e+07,-1.641284250000000055e-09,3.405000000000000249e+00,6.307000000000000000e+07,6.970000000000000000e+07
6.099357273518010229e+07,-1.639517010000000061e-09,3.410000000000000142e+00,6.307000000000000000e+07,6.970000000000000000e+07
6.107647867788674682e+07,-1.637291510000000149e-09,3.415000000000000036e+00,6.307000000000000000e+07,6.970000000000000000e+07
6.118261104783095419e+07,-1.634451330000000213e-09,3.419999999999999929e+00,6.307000000000000000e+07,6.970000000000000000e+07
6.125995493411415070e+07,-1.632387750000000095e-09,3.425000000000000266e+00,6.307000000000000000e+07,6.970000000000000000e+07
6.134277995786610246e+07,-1.630183699999999990e-09,3.430000000000000160e+00,6.307000000000000000e+07,6.970000000000000000e+07
6.144733986016736180e+07,-1.627409749999999990e-09,3.435000000000000053e+00,6.307000000000000000e+07,6.970000000000000000e+07
6.145464043436827511e+07,-1.627216420000000277e-09,3.439999999999999947e+00,6.307000000000000000e+07,6.970000000000000000e+07
6.138274277467110753e+07,-1.629122380000000113e-09,3.444999999999999840e+00,6.307000000000000000e+07,6.970000000000000000e+07
6.131026736438895017e+07,-1.631048180000000234e-09,3.450000000000000178e+00,6.307000000000000000e+07,6.970000000000000000e+07
6.121645282525162399e+07,-1.633547770000000209e-09,3.455000000000000071e+00,6.307000000000000000e+07,6.970000000000000000e+07
6.109359079296614975e+07,-1.636832910000000165e-09,3.459999999999999964e+00,6.307000000000000000e+07,6.970000000000000000e+07
6.104056659611882269e+07,-1.638254780000000204e-09,3.464999999999999858e+00,6.307000000000000000e+07,6.970000000000000000e+07
6.104814649372076988e+07,-1.638051370000000048e-09,3.470000000000000195e+00,6.307000000000000000e+07,6.970000000000000000e+07
6.104718944691887498e+07,-1.638077050000000087e-09,3.475000000000000089e+00,6.307000000000000000e+07,6.970000000000000000e+07
6.108690040412527323e+07,-1.637012180000000112e-09,3.479999999999999982e+00,6.307000000000000000e+07,6.970000000000000000e+07
6.118789256813386828e+07,-1.634310249999999992e-09,3.484999999999999876e+00,6.307000000000000000e+07,6.970000000000000000e+07
6.127306508116156608e+07,-1.632038480000000137e-09,3.490000000000000213e+00,6.307000000000000000e+07,6.970000000000000000e+07
6.127146199921256304e+07,-1.632081180000000100e-09,3.495000000000000107e+00,6.307000000000000000e+07,6.970000000000000000e+07
6.122298008720736206e+07,-1.633373610000000071e-09,3.500000000000000000e+00,6.307000000000000000e+07,6.970000000000000000e+07
6.110821682226835191e+07,-1.636441140000000101e-09,3.504999999999999893e+00,6.307000000000000000e+07,6.970000000000000000e+07
6.092901169377619773e+07,-1.641254260000000049e-09,3.510000000000000231e+00,6.307000000000000000e+07,6.970000000000000000e+07
6.077209106379399449e+07,-1.645492170000000228e-09,3.515000000000000124e+00,6.307000000000000000e+07,6.970000000000000000e+07
6.071092235086995363e+07,-1.647150069999999944e-09,3.520000000000000018e+00,6.307000000000000000e+07,6.970000000000000000e+07
6.067869668348750472e+07,-1.648024850000000163e-09,3.524999999999999911e+00,6.307000000000000000e+07,6.970000000000000000e+07
6.069675369543232024e+07,-1.647534570000000088e-09,3.530000000000000249e+00,6.307000000000000000e+07,6.970000000000000000e+07
6.073383723793197423e+07,-1.646528600000000071e-09,3.535000000000000142e+00,6.307000000000000000e+07,6.970000000000000000e+07
6.076045808548863977e+07,-1.645807210000000110e-09,3.540000000000000036e+00,6.307000000000000000e+07,6.970000000000000000e+07
6.076825919227936119e+07,-1.645595930000000051e-09,3.544999999999999929e+00,6.307000000000000000e+07,6.970000000000000000e+07
6.085847500395154208e+07,-1.643156520000000152e-09,3.550000000000000266e+00,6.307000000000000000e+07,6.970000000000000000e+07
6.094527721730300039e+07,-1.640816230000000087e-09,3.555000000000000160e+00,6.307000000000000000e+07,6.970000000000000000e+07
6.092508502887642384e+07,-1.641360039999999978e-09,3.560000000000000053e+00,6.307000000000000000e+07,6.970000000000000000e+07
6.085484887449838966e+07,-1.643254430000000179e-09,3.564999999999999947e+00,6.307000000000000000e+07,6.970000000000000000e+07
6.074039848884206265e+07,-1.646350739999999995e-09,3.569999999999999840e+00,6.307000000000000000e+07,6.970000000000000000e+07
6.055883755857893825e+07,-1.651286650000000165e-09,3.575000000000000178e+00,6.307000000000000000e+07,6.970000000000000000e+07
6.043404991678473353e+07,-1.654696320000000030e-09,3.580000000000000071e+00,6.307000000000000000e+07,6.970000000000000000e+07
6.034182594449786842e+07,-1.657225289999999982e-09,3.584999999999999964e+00,6.307000000000000000e+07,6.970000000000000000e+07
6.022932907291939110e+07,-1.660320669999999997e-09,3.589999999999999858e+00,6.307000000000000000e+07,6.970000000000000000e+07
6.005051545440849662e+07,-1.665264640000000090e-09,3.595000000000000195e+00,6.307000000000000000e+07,6.970000000000000000e+07
5.986710568173136562e+07,-1.670366370000000055e-09,3.600000000000000089e+00,6.307000000000000000e+07,6.970000000000000000e+07
5.966268294159650058e+07,-1.676089560000000262e-09,3.604999999999999982e+00,6.307000000000000000e+07,6.970000000000000000e+07
5.943258510462396592e+07,-1.682578670000000067e-09,3.609999999999999876e+00,6.307000000000000000e+07,6.970000000000000000e+07
5.923722476682303846e+07,-1.688127699999999930e-09,3.615000000000000213e+00,6.307000000000000000e+07,6.970000000000000000e+07
5.903601635635339469e+07,-1.693881230000000048e-09,3.620000000000000107e+00,6.307000000000000000e+07,6.970000000000000000e+07
5.884851025820159912e+07,-1.699278360000000293e-09,3.625000000000000000e+00,6.307000000000000000e+07,6.970000000000000000e+07
5.871319316157340258e+07,-1.703194710000000084e-09,3.629999999999999893e+00,6.307000000000000000e+07,6.970000000000000000e+07
5.868272642317744344e+07,-1.704078970000000140e-09,3.635000000000000231e+00,6.307000000000000000e+07,6.970000000000000000e+07
5.869172437060932070e+07,-1.703817719999999992e-09,3.640000000000000124e+00,6.307000000000000000e+07,6.970000000000000000e+07
5.867530351487658173e+07,-1.704294550000000122e-09,3.645000000000000018e+00,6.307000000000000000e+07,6.970000000000000000e+07
5.869808090909427404e+07,-1.703633210000000071e-09,3.649999999999999911e+00,6.307000000000000000e+07,6.970000000000000000e+07
5.873588890092517436e+07,-1.702536590000000108e-09,3.655000000000000249e+00,6.307000000000000000e+07,6.970000000000000000e+07
5.874718640631464124e+07,-1.702209180000000129e-09,3.660000000000000142e+00,6.307000000000000000e+07,6.970000000000000000e+07
5.874432029804894328e+07,-1.702292230000000134e-09,3.665000000000000036e+00,6.307000000000000000e+07,6.970000000000000000e+07
5.872015741042133421e+07,-1.702992710000000005e-09,3.669999999999999929e+00,6.307000000000000000e+07,6.970000000000000000e+07
5.863836669631618261e+07,-1.705368100000000093e-09,3.675000000000000266e+00,6.307000000000000000e+07,6.970000000000000000e+07
5.858552399742153287e+07,-1.706906300000000115e-09,3.680000000000000160e+00,6.307000000000000000e+07,6.970000000000000000e+07
5.862221383273205906e+07,-1.705838000000000164e-09,3.685000000000000053e+00,6.307000000000000000e+07,6.970000000000000000e+07
5.869861392732385546e+07,-1.703617740000000227e-09,3.689999999999999947e+00,6.307000000000000000e+07,6.970000000000000000e+07
5.879920314379112422e+07,-1.700703320000000035e-09,3.694999999999999840e+00,6.307000000000000000e+07,6.970000000000000000e+07
5.894363295828049630e+07,-1.696536080000000132e-09,3.700000000000000178e+00,6.307000000000000000e+07,6.970000000000000000e+07
5.906285836758457124e+07,-1.693111420000000079e-09,3.705000000000000071e+00,6.307000000000000000e+07,6.970000000000000000e+07
5.915667789892257005e+07,-1.690426230000000084e-09,3.709999999999999964e+00,6.307000000000000000e+07,6.970000000000000000e+07
5.925287539835485816e+07,-1.687681810000000109e-09,3.714999999999999858e+00,6.307000000000000000e+07,6.970000000000000000e+07
5.938781990021231025e+07,-1.683846960000000035e-09,3.720000000000000195e+00,6.307000000000000000e+07,6.970000000000000000e+07
5.950547227496936172e+07,-1.680517710000000039e-09,3.725000000000000089e+00,6.307000000000000000e+07,6.970000000000000000e+07
5.962907365035539865e+07,-1.677034270000000149e-09,3.729999999999999982e+00,6.307000000000000000e+07,6.970000000000000000e+07
5.979960136987730861e+07,-1.672251950000000094e-09,3.734999999999999876e+00,6.307000000000000000e+07,6.970000000000000000e+07
5.994879294004647434e+07,-1.668090300000000071e-09,3.740000000000000213e+00,6.307000000000000000e+07,6.970000000000000000e+07
6.008746644069933891e+07,-1.664240580000000137e-09,3.745000000000000107e+00,6.307000000000000000e+07,6.970000000000000000e+07
6.023942956440843642e+07,-1.660042280000000218e-09,3.750000000000000000e+00,6.307000000000000000e+07,6.970000000000000000e+07
6.034304283667527884e+07,-1.657191869999999999e-09,3.754999999999999893e+00,6.307000000000000000e+07,6.970000000000000000e+07
6.038996372187670320e+07,-1.655904290000000126e-09,3.760000000000000231e+00,6.307000000000000000e+07,6.970000000000000000e+07
6.048118674926630408e+07,-1.653406710000000214e-09,3.765000000000000124e+00,6.307000000000000000e+07,6.970000000000000000e+07
6.058576951388420165e+07,-1.650552610000000101e-09,3.770000000000000018e+00,6.307000000000000000e+07,6.970000000000000000e+07
6.065217721331303567e+07,-1.648745430000000031e-09,3.774999999999999911e+00,6.307000000000000000e+07,6.970000000000000000e+07
6.074334313854403049e+07,-1.646270930000000155e-09,3.780000000000000249e+00,6.307000000000000000e+07,6.970000000000000000e+07
6.088131165766253322e+07,-1.642540170000000133e-09,3.785000000000000142e+00,6.307000000000000000e+07,6.970000000000000000e+07
6.099455079562756419e+07,-1.639490719999999993e-09,3.790000000000000036e+00,6.307000000000000000e+07,6.970000000000000000e+07
6.110061154807790369e+07,-1.636644830000000057e-09,3.794999999999999929e+00,6.307000000000000000e+07,6.970000000000000000e+07
6.124375320607220381e+07,-1.632819589999999986e-09,3.800000000000000266e+00,6.307000000000000000e+07,6.970000000000000000e+07
6.137511459807959199e+07,-1.629324860000000261e-09,3.805000000000000160e+00,6.307000000000000000e+07,6.970000000000000000e+07
6.148406006375367939e+07,-1.626437810000000191e-09,3.810000000000000053e+00,6.307000000000000000e+07,6.970000000000000000e+07
6.161211588457755744e+07,-1.623057390000000137e-09,3.814999999999999947e+00,6.307000000000000000e+07,6.970000000000000000e+07
6.171719186752316356e+07,-1.620294069999999928e-09,3.819999999999999840e+00,6.307000000000000000e+07,6.970000000000000000e+07
6.179780735076142848e+07,-1.618180390000000176e-09,3.825000000000000178e+00,6.307000000000000000e+07,6.970000000000000000e+07
6.190668286913133413e+07,-1.615334489999999988e-09,3.830000000000000071e+00,6.307000000000000000e+07,6.970000000000000000e+07
6.206072603564938158e+07,-1.611325010000000165e-09,3.834999999999999964e+00,6.307000000000000000e+07,6.970000000000000000e+07
6.220830564363888651e+07,-1.607502390000000184e-09,3.839999999999999858e+00,6.307000000000000000e+07,6.970000000000000000e+07
6.235824878781176358e+07,-1.603637080000000079e-09,3.845000000000000195e+00,6.307000000000000000e+07,6.970000000000000000e+07
6.255601265373014659e+07,-1.598567360000000226e-09,3.850000000000000089e+00,6.307000000000000000e+07,6.970000000000000000e+07
6.275060749333743751e+07,-1.593610070000000147e-09,3.854999999999999982e+00,6.307000000000000000e+07,6.970000000000000000e+07
6.289888309509804845e+07,-1.589853350000000081e-09,3.859999999999999876e+00,6.307000000000000000e+07,6.970000000000000000e+07
6.298596744449339807e+07,-1.587655220000000085e-09,3.865000000000000213e+00,6.307000000000000000e+07,6.970000000000000000e+07
6.308926556965789199e+07,-1.585055700000000185e-09,3.870000000000000107e+00,6.307000000000000000e+07,6.970000000000000000e+07
6.308239042770145088e+07,-1.585228450000000038e-09,3.875000000000000000e+00,6.307000000000000000e+07,6.970000000000000000e+07
6.300858720091698319e+07,-1.587085260000000129e-09,3.879999999999999893e+00,6.307000000000000000e+07,6.970000000000000000e+07
6.295261196808222681e+07,-1.588496439999999904e-09,3.885000000000000231e+00,6.307000000000000000e+07,6.970000000000000000e+07
6.288889233240512013e+07,-1.590105920000000232e-09,3.890000000000000124e+00,6.307000000000000000e+07,6.970000000000000000e+07
6.284505154104927182e+07,-1.591215180000000254e-09,3.895000000000000018e+00,6.307000000000000000e+07,6.970000000000000000e+07
6.285563956574949622e+07,-1.590947140000000052e-09,3.899999999999999911e+00,6.307000000000000000e+07,6.970000000000000000e+07
6.283675078752357513e+07,-1.591425380000000051e-09,3.905000000000000249e+00,6.307000000000000000e+07,6.970000000000000000e+07
6.281419306038970500e+07,-1.591996890000000294e-09,3.910000000000000142e+00,6.307000000000000000e+07,6.970000000000000000e+07
6.277708628817231208e+07,-1.592937900000000036e-09,3.915000000000000036e+00,6.307000000000000000e+07,6.970000000000000000e+07
6.265173506242765486e+07,-1.596124990000000169e-09,3.919999999999999929e+00,6.307000000000000000e+07,6.970000000000000000e+07
6.245869372363954782e+07,-1.601058140000000039e-09,3.925000000000000266e+00,6.307000000000000000e+07,6.970000000000000000e+07
6.234854408574211597e+07,-1.603886690000000072e-09,3.930000000000000160e+00,6.307000000000000000e+07,6.970000000000000000e+07
6.230740857892514020e+07,-1.604945580000000292e-09,3.935000000000000053e+00,6.307000000000000000e+07,6.970000000000000000e+07
6.223412531464718282e+07,-1.606835470000000092e-09,3.939999999999999947e+00,6.307000000000000000e+07,6.970000000000000000e+07
6.217380049268011749e+07,-1.608394520000000144e-09,3.944999999999999840e+00,6.307000000000000000e+07,6.970000000000000000e+07
6.209917929476247728e+07,-1.610327240000000072e-09,3.950000000000000178e+00,6.307000000000000000e+07,6.970000000000000000e+07
6.204035272049892694e+07,-1.611854150000000260e-09,3.955000000000000071e+00,6.307000000000000000e+07,6.970000000000000000e+07
6.197194902938573062e+07,-1.613633290000000118e-09,3.959999999999999964e+00,6.307000000000000000e+07,6.970000000000000000e+07
6.197557277421516925e+07,-1.613538940000000027e-09,3.964999999999999858e+00,6.307000000000000000e+07,6.970000000000000000e+07
6.193807993166198581e+07,-1.614515660000000027e-09,3.970000000000000195e+00,6.307000000000000000e+07,6.970000000000000000e+07
6.180591302979712188e+07,-1.617968170000000065e-09,3.975000000000000089e+00,6.307000000000000000e+07,6.970000000000000000e+07
6.173331467341008037e+07,-1.619870900000000195e-09,3.979999999999999982e+00,6.307000000000000000e+07,6.970000000000000000e+07
6.173333258512534201e+07,-1.619870430000000169e-09,3.984999999999999876e+00,6.307000000000000000e+07,6.970000000000000000e+07
6.167968638494691998e+07,-1.621279320000000082e-09,3.990000000000000213e+00,6.307000000000000000e+07,6.970000000000000000e+07
6.155221097665379196e+07,-1.624637010000000211e-09,3.995000000000000107e+00,6.307000000000000000e+07,6.970000000000000000e+07
6.149994440712524951e+07,-1.626017730000000161e-09,4.000000000000000000e+00,6.307000000000000000e+07,6.970000000000000000e+07
6.146821981777943671e+07,-1.626856939999999919e-09,4.004999999999999893e+00,6.307000000000000000e+07,6.970000000000000000e+07
6.144036868153392524e+07,-1.627594400000000122e-09,4.009999999999999787e+00,6.307000000000000000e+07,6.970000000000000000e+07
6.147558393290368468e+07,-1.626662059999999918e-09,4.015000000000000568e+00,6.307000000000000000e+07,6.970000000000000000e+07
6.152603479392017424e+07,-1.625328210000000102e-09,4.019999999999999574e+00,6.307000000000000000e+07,6.970000000000000000e+07
6.154078683342251182e+07,-1.624938599999999942e-09,4.025000000000000355e+00,6.307000000000000000e+07,6.970000000000000000e+07
6.152201831200413406e+07,-1.625434320000000261e-09,4.030000000000000249e+00,6.307000000000000000e+07,6.970000000000000000e+07
6.154029524990522861e+07,-1.624951580000000067e-09,4.035000000000000142e+00,6.307000000000000000e+07,6.970000000000000000e+07
6.154102088750250638e+07,-1.624932420000000122e-09,4.040000000000000036e+00,6.307000000000000000e+07,6.970000000000000000e+07
6.155679940370666981e+07,-1.624515910000000072e-09,4.044999999999999929e+00,6.307000000000000000e+07,6.970000000000000000e+07
6.163720320007044822e+07,-1.622396780000000237e-09,4.050000000000000711e+00,6.307000000000000000e+07,6.970000000000000000e+07
6.170776790711292624e+07,-1.620541520000000019e-09,4.054999999999999716e+00,6.307000000000000000e+07,6.970000000000000000e+07
6.175522046212296188e+07,-1.619296300000000043e-09,4.060000000000000497e+00,6.307000000000000000e+07,6.970000000000000000e+07
6.181544456286154687e+07,-1.617718690000000030e-09,4.064999999999999503e+00,6.307000000000000000e+07,6.970000000000000000e+07
6.181406210200436413e+07,-1.617754870000000107e-09,4.070000000000000284e+00,6.307000000000000000e+07,6.970000000000000000e+07
6.171356780564115942e+07,-1.620389220000000274e-09,4.075000000000000178e+00,6.307000000000000000e+07,6.970000000000000000e+07
6.158177000774310529e+07,-1.623857190000000112e-09,4.080000000000000071e+00,6.307000000000000000e+07,6.970000000000000000e+07
6.145756107426562905e+07,-1.627139090000000111e-09,4.084999999999999964e+00,6.307000000000000000e+07,6.970000000000000000e+07
6.129545880395654589e+07,-1.631442230000000115e-09,4.089999999999999858e+00,6.307000000000000000e+07,6.970000000000000000e+07
6.117888855065120012e+07,-1.634550780000000276e-09,4.095000000000000639e+00,6.307000000000000000e+07,6.970000000000000000e+07
6.110692369126857817e+07,-1.636475770000000304e-09,4.099999999999999645e+00,6.307000000000000000e+07,6.970000000000000000e+07
6.096017159264172614e+07,-1.640415330000000091e-09,4.105000000000000426e+00,6.307000000000000000e+07,6.970000000000000000e+07
6.077193705578220636e+07,-1.645496340000000192e-09,4.109999999999999432e+00,6.307000000000000000e+07,6.970000000000000000e+07
6.064772228321159631e+07,-1.648866540000000008e-09,4.115000000000000213e+00,6.307000000000000000e+07,6.970000000000000000e+07
6.055126024762716889e+07,-1.651493290000000027e-09,4.120000000000000107e+00,6.307000000000000000e+07,6.970000000000000000e+07
6.040340826956001669e+07,-1.655535720000000221e-09,4.125000000000000000e+00,6.307000000000000000e+07,6.970000000000000000e+07
6.034371830219907314e+07,-1.657173320000000083e-09,4.129999999999999893e+00,6.307000000000000000e+07,6.970000000000000000e+07
6.033242781599072367e+07,-1.657483440000000175e-09,4.134999999999999787e+00,6.307000000000000000e+07,6.970000000000000000e+07
6.032263379718522727e+07,-1.657752550000000181e-09,4.140000000000000568e+00,6.307000000000000000e+07,6.970000000000000000e+07
6.034234990851195157e+07,-1.657210899999999985e-09,4.144999999999999574e+00,6.307000000000000000e+07,6.970000000000000000e+07
6.036285063248225302e+07,-1.656648069999999945e-09,4.150000000000000355e+00,6.307000000000000000e+07,6.970000000000000000e+07
6.037205486250113696e+07,-1.656395500000000001e-09,4.155000000000000249e+00,6.307000000000000000e+07,6.970000000000000000e+07
6.029547314249695837e+07,-1.658499299999999995e-09,4.160000000000000142e+00,6.307000000000000000e+07,6.970000000000000000e+07
6.025810256659384817e+07,-1.659527860000000141e-09,4.165000000000000036e+00,6.307000000000000000e+07,6.970000000000000000e+07
6.020514578317830712e+07,-1.660987590000000090e-09,4.169999999999999929e+00,6.307000000000000000e+07,6.970000000000000000e+07
6.012416614320062101e+07,-1.663224730000000155e-09,4.175000000000000711e+00,6.307000000000000000e+07,6.970000000000000000e+07
6.012170629394543916e+07,-1.663292779999999927e-09,4.179999999999999716e+00,6.307000000000000000e+07,6.970000000000000000e+07
6.018522689689105004e+07,-1.661537310000000045e-09,4.185000000000000497e+00,6.307000000000000000e+07,6.970000000000000000e+07
6.022450950359021127e+07,-1.660453540000000042e-09,4.189999999999999503e+00,6.307000000000000000e+07,6.970000000000000000e+07
6.027677733898895979e+07,-1.659013710000000027e-09,4.195000000000000284e+00,6.307000000000000000e+07,6.970000000000000000e+07
6.037038085916505009e+07,-1.656441430000000290e-09,4.200000000000000178e+00,6.307000000000000000e+07,6.970000000000000000e+07
6.040340316156002134e+07,-1.655535860000000224e-09,4.205000000000000071e+00,6.307000000000000000e+07,6.970000000000000000e+07
6.045284378942847252e+07,-1.654181900000000160e-09,4.209999999999999964e+00,6.307000000000000000e+07,6.970000000000000000e+07
6.050511716885520518e+07,-1.652752770000000041e-09,4.214999999999999858e+00,6.307000000000000000e+07,6.970000000000000000e+07
6.060641873489857465e+07,-1.649990250000000293e-09,4.220000000000000639e+00,6.307000000000000000e+07,6.970000000000000000e+07
6.071010189929549396e+07,-1.647172330000000257e-09,4.224999999999999645e+00,6.307000000000000000e+07,6.970000000000000000e+07
6.080852313664883375e+07,-1.644506310000000045e-09,4.230000000000000426e+00,6.307000000000000000e+07,6.970000000000000000e+07
6.083380097290038317e+07,-1.643822980000000057e-09,4.234999999999999432e+00,6.307000000000000000e+07,6.970000000000000000e+07
6.079463450873679668e+07,-1.644882000000000028e-09,4.240000000000000213e+00,6.307000000000000000e+07,6.970000000000000000e+07
6.079082714078453928e+07,-1.644985020000000070e-09,4.245000000000000107e+00,6.307000000000000000e+07,6.970000000000000000e+07
6.084849206179700047e+07,-1.643426099999999977e-09,4.250000000000000000e+00,6.307000000000000000e+07,6.970000000000000000e+07
6.090020787189752609e+07,-1.642030520000000212e-09,4.254999999999999893e+00,6.307000000000000000e+07,6.970000000000000000e+07
6.094039438307509571e+07,-1.640947700000000099e-09,4.259999999999999787e+00,6.307000000000000000e+07,6.970000000000000000e+07
6.102956212180209160e+07,-1.638550180000000070e-09,4.265000000000000568e+00,6.307000000000000000e+07,6.970000000000000000e+07
6.112830640182142705e+07,-1.635903330000000262e-09,4.269999999999999574e+00,6.307000000000000000e+07,6.970000000000000000e+07
6.111290772874348611e+07,-1.636315530000000138e-09,4.275000000000000355e+00,6.307000000000000000e+07,6.970000000000000000e+07
6.102350166997829825e+07,-1.638712910000000163e-09,4.280000000000000249e+00,6.307000000000000000e+07,6.970000000000000000e+07
6.091055208678759634e+07,-1.641751659999999993e-09,4.285000000000000142e+00,6.307000000000000000e+07,6.970000000000000000e+07
6.079326258910529315e+07,-1.644919120000000156e-09,4.290000000000000036e+00,6.307000000000000000e+07,6.970000000000000000e+07
6.071558710952712595e+07,-1.647023520000000135e-09,4.294999999999999929e+00,6.307000000000000000e+07,6.970000000000000000e+07
6.064855833737217635e+07,-1.648843810000000083e-09,4.300000000000000711e+00,6.307000000000000000e+07,6.970000000000000000e+07
6.048101189861695468e+07,-1.653411490000000207e-09,4.304999999999999716e+00,6.307000000000000000e+07,6.970000000000000000e+07
6.024578460696948320e+07,-1.659867170000000191e-09,4.310000000000000497e+00,6.307000000000000000e+07,6.970000000000000000e+07
6.004922054460380226e+07,-1.665300549999999998e-09,4.314999999999999503e+00,6.307000000000000000e+07,6.970000000000000000e+07
5.990209374170898646e+07,-1.669390730000000110e-09,4.320000000000000284e+00,6.307000000000000000e+07,6.970000000000000000e+07
5.973867924100551009e+07,-1.673957329999999973e-09,4.325000000000000178e+00,6.307000000000000000e+07,6.970000000000000000e+07
5.957354776252001524e+07,-1.678597360000000000e-09,4.330000000000000071e+00,6.307000000000000000e+07,6.970000000000000000e+07
5.943935999168419093e+07,-1.682386890000000227e-09,4.334999999999999964e+00,6.307000000000000000e+07,6.970000000000000000e+07
5.934161381465174258e+07,-1.685158079999999926e-09,4.339999999999999858e+00,6.307000000000000000e+07,6.970000000000000000e+07
5.926366180304807425e+07,-1.687374640000000130e-09,4.345000000000000639e+00,6.307000000000000000e+07,6.970000000000000000e+07
5.924190901554153860e+07,-1.687994220000000063e-09,4.349999999999999645e+00,6.307000000000000000e+07,6.970000000000000000e+07
5.919249888977068663e+07,-1.689403250000000186e-09,4.355000000000000426e+00,6.307000000000000000e+07,6.970000000000000000e+07
5.912042977572777867e+07,-1.691462669999999971e-09,4.359999999999999432e+00,6.307000000000000000e+07,6.970000000000000000e+07
5.908067980829737335e+07,-1.692600700000000148e-09,4.365000000000000213e+00,6.307000000000000000e+07,6.970000000000000000e+07
5.905822366600155085e+07,-1.693244290000000124e-09,4.370000000000000107e+00,6.307000000000000000e+07,6.970000000000000000e+07
5.905802416029514372e+07,-1.693250010000000169e-09,4.375000000000000000e+00,6.307000000000000000e+07,6.970000000000000000e+07
5.910637147888715565e+07,-1.691864980000000251e-09,4.379999999999999893e+00,6.307000000000000000e+07,6.970000000000000000e+07
5.912255949316924810e+07,-1.691401740000000277e-09,4.384999999999999787e+00,6.307000000000000000e+07,6.970000000000000000e+07
5.912947540429940820e+07,-1.691203910000000163e-09,4.390000000000000568e+00,6.307000000000000000e+07,6.970000000000000000e+07
5.918575178310097754e+07,-1.689595840000000119e-09,4.394999999999999574e+00,6.307000000000000000e+07,6.970000000000000000e+07
5.930329445931217074e+07,-1.686246960000000151e-09,4.400000000000000355e+00,6.307000000000000000e+07,6.970000000000000000e+07
5.941262339652829617e+07,-1.683143990000000239e-09,4.405000000000000249e+00,6.307000000000000000e+07,6.970000000000000000e+07
5.951751802617484331e+07,-1.680177590000000103e-09,4.410000000000000142e+00,6.307000000000000000e+07,6.970000000000000000e+07
5.966126801994770020e+07,-1.676129310000000112e-09,4.415000000000000036e+00,6.307000000000000000e+07,6.970000000000000000e+07
5.977220323216156662e+07,-1.673018470000000090e-09,4.419999999999999929e+00,6.307000000000000000e+07,6.970000000000000000e+07
5.988547609345744550e+07,-1.669853970000000085e-09,4.425000000000000711e+00,6.307000000000000000e+07,6.970000000000000000e+07
6.000481994716707617e+07,-1.666532790000000055e-09,4.429999999999999716e+00,6.307000000000000000e+07,6.970000000000000000e+07
6.010898480252516270e+07,-1.663644799999999933e-09,4.435000000000000497e+00,6.307000000000000000e+07,6.970000000000000000e+07
6.018404570058658719e+07,-1.661569920000000142e-09,4.439999999999999503e+00,6.307000000000000000e+07,6.970000000000000000e+07
6.026352855349861830e+07,-1.659378440000000198e-09,4.445000000000000284e+00,6.307000000000000000e+07,6.970000000000000000e+07
6.040561610101065785e+07,-1.655475210000000122e-09,4.450000000000000178e+00,6.307000000000000000e+07,6.970000000000000000e+07
6.050019187030849606e+07,-1.652887320000000125e-09,4.455000000000000071e+00,6.307000000000000000e+07,6.970000000000000000e+07
6.057663578057853132e+07,-1.650801480000000106e-09,4.459999999999999964e+00,6.307000000000000000e+07,6.970000000000000000e+07
6.068879488154102117e+07,-1.647750630000000141e-09,4.464999999999999858e+00,6.307000000000000000e+07,6.970000000000000000e+07
6.081016420976068825e+07,-1.644461930000000249e-09,4.470000000000000639e+00,6.307000000000000000e+07,6.970000000000000000e+07
6.084423740151006728e+07,-1.643541020000000090e-09,4.474999999999999645e+00,6.307000000000000000e+07,6.970000000000000000e+07
6.089430509090579301e+07,-1.642189689999999955e-09,4.480000000000000426e+00,6.307000000000000000e+07,6.970000000000000000e+07
6.090686224948336929e+07,-1.641851120000000307e-09,4.484999999999999432e+00,6.307000000000000000e+07,6.970000000000000000e+07
6.088988422470480949e+07,-1.642308920000000243e-09,4.490000000000000213e+00,6.307000000000000000e+07,6.970000000000000000e+07
6.090699950668985397e+07,-1.641847419999999955e-09,4.495000000000000107e+00,6.307000000000000000e+07,6.970000000000000000e+07
6.093997510565453768e+07,-1.640958989999999934e-09,4.500000000000000000e+00,6.307000000000000000e+07,6.970000000000000000e+07
6.095160931661683321e+07,-1.640645770000000095e-09,4.504999999999999893e+00,6.307000000000000000e+07,6.970000000000000000e+07
6.095892968311262131e+07,-1.640448750000000073e-09,4.509999999999999787e+00,6.307000000000000000e+07,6.970000000000000000e+07
6.096396526700007170e+07,-1.640313250000000100e-09,4.515000000000000568e+00,6.307000000000000000e+07,6.970000000000000000e+07
6.100247465078767389e+07,-1.639277760000000102e-09,4.519999999999999574e+00,6.307000000000000000e+07,6.970000000000000000e+07
6.098069681044550985e+07,-1.639863190000000108e-09,4.525000000000000355e+00,6.307000000000000000e+07,6.970000000000000000e+07
6.099119598185122013e+07,-1.639580899999999913e-09,4.530000000000000249e+00,6.307000000000000000e+07,6.970000000000000000e+07
6.103871746276994050e+07,-1.638304410000000019e-09,4.535000000000000142e+00,6.307000000000000000e+07,6.970000000000000000e+07
6.106182794016441703e+07,-1.637684350000000016e-09,4.540000000000000036e+00,6.307000000000000000e+07,6.970000000000000000e+07
6.109737832127182186e+07,-1.636731439999999997e-09,4.544999999999999929e+00,6.307000000000000000e+07,6.970000000000000000e+07
6.118497990731148422e+07,-1.634388050000000183e-09,4.550000000000000711e+00,6.307000000000000000e+07,6.970000000000000000e+07
6.120990410036211461e+07,-1.633722539999999962e-09,4.554999999999999716e+00,6.307000000000000000e+07,6.970000000000000000e+07
6.120611534536037594e+07,-1.633823670000000063e-09,4.560000000000000497e+00,6.307000000000000000e+07,6.970000000000000000e+07
6.119408907201097161e+07,-1.634144760000000219e-09,4.564999999999999503e+00,6.307000000000000000e+07,6.970000000000000000e+07
6.116182139659471810e+07,-1.635006900000000172e-09,4.570000000000000284e+00,6.307000000000000000e+07,6.970000000000000000e+07
6.112802241623264551e+07,-1.635910930000000203e-09,4.575000000000000178e+00,6.307000000000000000e+07,6.970000000000000000e+07
6.114732598860596865e+07,-1.635394490000000020e-09,4.580000000000000071e+00,6.307000000000000000e+07,6.970000000000000000e+07
6.120066924645438790e+07,-1.633969060000000252e-09,4.584999999999999964e+00,6.307000000000000000e+07,6.970000000000000000e+07
6.119632512395851314e+07,-1.634085049999999962e-09,4.589999999999999858e+00,6.307000000000000000e+07,6.970000000000000000e+07
6.120065164250645787e+07,-1.633969530000000071e-09,4.595000000000000639e+00,6.307000000000000000e+07,6.970000000000000000e+07
6.126196386423853785e+07,-1.632334220000000071e-09,4.599999999999999645e+00,6.307000000000000000e+07,6.970000000000000000e+07
6.127016683033153415e+07,-1.632115680000000138e-09,4.605000000000000426e+00,6.307000000000000000e+07,6.970000000000000000e+07
6.115718843182913959e+07,-1.635130760000000199e-09,4.609999999999999432e+00,6.307000000000000000e+07,6.970000000000000000e+07
6.106964882301503420e+07,-1.637474620000000245e-09,4.615000000000000213e+00,6.307000000000000000e+07,6.970000000000000000e+07
6.102810434526693821e+07,-1.638589320000000098e-09,4.620000000000000107e+00,6.307000000000000000e+07,6.970000000000000000e+07
6.099547122045192122e+07,-1.639465980000000006e-09,4.625000000000000000e+00,6.307000000000000000e+07,6.970000000000000000e+07
6.098374030171766132e+07,-1.639781350000000118e-09,4.629999999999999893e+00,6.307000000000000000e+07,6.970000000000000000e+07
6.091410471028608084e+07,-1.641655910000000284e-09,4.634999999999999787e+00,6.307000000000000000e+07,6.970000000000000000e+07
6.078532315517136455e+07,-1.645133970000000195e-09,4.640000000000000568e+00,6.307000000000000000e+07,6.970000000000000000e+07
6.067613934059391916e+07,-1.648094310000000219e-09,4.644999999999999574e+00,6.307000000000000000e+07,6.970000000000000000e+07
6.062821415551303327e+07,-1.649397089999999973e-09,4.650000000000000355e+00,6.307000000000000000e+07,6.970000000000000000e+07
6.057797041760835052e+07,-1.650765110000000217e-09,4.655000000000000249e+00,6.307000000000000000e+07,6.970000000000000000e+07
6.045455160717005283e+07,-1.654135170000000029e-09,4.660000000000000142e+00,6.307000000000000000e+07,6.970000000000000000e+07
6.040200980439382792e+07,-1.655574050000000155e-09,4.665000000000000036e+00,6.307000000000000000e+07,6.970000000000000000e+07
6.039945347675319761e+07,-1.655644120000000241e-09,4.669999999999999929e+00,6.307000000000000000e+07,6.970000000000000000e+07
6.036606270179469138e+07,-1.656559920000000177e-09,4.675000000000000711e+00,6.307000000000000000e+07,6.970000000000000000e+07
6.039079268447194248e+07,-1.655881560000000201e-09,4.679999999999999716e+00,6.307000000000000000e+07,6.970000000000000000e+07
6.046156150483481586e+07,-1.653943390000000190e-09,4.685000000000000497e+00,6.307000000000000000e+07,6.970000000000000000e+07
6.047213608151213080e+07,-1.653654170000000142e-09,4.689999999999999503e+00,6.307000000000000000e+07,6.970000000000000000e+07
6.039041011157701910e+07,-1.655892050000000195e-09,4.695000000000000284e+00,6.307000000000000000e+07,6.970000000000000000e+07
6.027730489729774743e+07,-1.658999190000000072e-09,4.700000000000000178e+00,6.307000000000000000e+07,6.970000000000000000e+07
6.010306678242276609e+07,-1.663808610000000080e-09,4.705000000000000071e+00,6.307000000000000000e+07,6.970000000000000000e+07
5.988216507321222872e+07,-1.669946300000000276e-09,4.709999999999999964e+00,6.307000000000000000e+07,6.970000000000000000e+07
5.971918546016991884e+07,-1.674503750000000118e-09,4.714999999999999858e+00,6.307000000000000000e+07,6.970000000000000000e+07
5.963696000596369803e+07,-1.676812500000000097e-09,4.720000000000000639e+00,6.307000000000000000e+07,6.970000000000000000e+07
5.957502489610502869e+07,-1.678555740000000092e-09,4.724999999999999645e+00,6.307000000000000000e+07,6.970000000000000000e+07
5.955360121281623095e+07,-1.679159580000000218e-09,4.730000000000000426e+00,6.307000000000000000e+07,6.970000000000000000e+07
5.958668589131776243e+07,-1.678227250000000058e-09,4.734999999999999432e+00,6.307000000000000000e+07,6.970000000000000000e+07
5.961790041052707285e+07,-1.677348570000000044e-09,4.740000000000000213e+00,6.307000000000000000e+07,6.970000000000000000e+07
5.966778647190464288e+07,-1.675946200000000224e-09,4.745000000000000107e+00,6.307000000000000000e+07,6.970000000000000000e+07
5.973535124765852839e+07,-1.674050590000000172e-09,4.750000000000000000e+00,6.307000000000000000e+07,6.970000000000000000e+07
5.977079311431378126e+07,-1.673057940000000140e-09,4.754999999999999893e+00,6.307000000000000000e+07,6.970000000000000000e+07
5.980840819018494338e+07,-1.672005710000000224e-09,4.759999999999999787e+00,6.307000000000000000e+07,6.970000000000000000e+07
5.985820919094908237e+07,-1.670614630000000032e-09,4.765000000000000568e+00,6.307000000000000000e+07,6.970000000000000000e+07
5.984055842251671106e+07,-1.671107400000000031e-09,4.769999999999999574e+00,6.307000000000000000e+07,6.970000000000000000e+07
5.982275236347730458e+07,-1.671604799999999976e-09,4.775000000000000355e+00,6.307000000000000000e+07,6.970000000000000000e+07
5.982194858439913392e+07,-1.671627260000000146e-09,4.780000000000000249e+00,6.307000000000000000e+07,6.970000000000000000e+07
5.981137907419712842e+07,-1.671922660000000013e-09,4.785000000000000142e+00,6.307000000000000000e+07,6.970000000000000000e+07
5.980026007491908222e+07,-1.672233530000000137e-09,4.790000000000000036e+00,6.307000000000000000e+07,6.970000000000000000e+07
5.981897199852386117e+07,-1.671710440000000109e-09,4.794999999999999929e+00,6.307000000000000000e+07,6.970000000000000000e+07
5.981539175642214715e+07,-1.671810500000000200e-09,4.800000000000000711e+00,6.307000000000000000e+07,6.970000000000000000e+07
5.973233260809719563e+07,-1.674135190000000256e-09,4.804999999999999716e+00,6.307000000000000000e+07,6.970000000000000000e+07
5.962407450319075584e+07,-1.677174879999999932e-09,4.810000000000000497e+00,6.307000000000000000e+07,6.970000000000000000e+07
5.952258009908962250e+07,-1.680034700000000090e-09,4.814999999999999503e+00,6.307000000000000000e+07,6.970000000000000000e+07
5.946204049771677703e+07,-1.681745180000000147e-09,4.820000000000000284e+00,6.307000000000000000e+07,6.970000000000000000e+07
5.939927717138408870e+07,-1.683522170000000147e-09,4.825000000000000178e+00,6.307000000000000000e+07,6.970000000000000000e+07
5.938878523203308135e+07,-1.683819590000000120e-09,4.830000000000000071e+00,6.307000000000000000e+07,6.970000000000000000e+07
5.937896796242223680e+07,-1.684097980000000106e-09,4.834999999999999964e+00,6.307000000000000000e+07,6.970000000000000000e+07
5.930280034168612957e+07,-1.686261010000000080e-09,4.839999999999999858e+00,6.307000000000000000e+07,6.970000000000000000e+07
5.925394027444576472e+07,-1.687651480000000036e-09,4.845000000000000639e+00,6.307000000000000000e+07,6.970000000000000000e+07
5.923751707203028351e+07,-1.688119370000000045e-09,4.849999999999999645e+00,6.307000000000000000e+07,6.970000000000000000e+07
5.922205868182321638e+07,-1.688560010000000053e-09,4.855000000000000426e+00,6.307000000000000000e+07,6.970000000000000000e+07
5.924865699736090004e+07,-1.687801969999999990e-09,4.859999999999999432e+00,6.307000000000000000e+07,6.970000000000000000e+07
5.935203484296817333e+07,-1.684862199999999989e-09,4.865000000000000213e+00,6.307000000000000000e+07,6.970000000000000000e+07
5.947595014718721062e+07,-1.681351870000000255e-09,4.870000000000000107e+00,6.307000000000000000e+07,6.970000000000000000e+07
5.955946614539586753e+07,-1.678994230000000035e-09,4.875000000000000000e+00,6.307000000000000000e+07,6.970000000000000000e+07
5.968715336685682088e+07,-1.675402400000000170e-09,4.879999999999999893e+00,6.307000000000000000e+07,6.970000000000000000e+07
5.984878522137667239e+07,-1.670877690000000177e-09,4.884999999999999787e+00,6.307000000000000000e+07,6.970000000000000000e+07
5.998413311707613617e+07,-1.667107530000000211e-09,4.890000000000000568e+00,6.307000000000000000e+07,6.970000000000000000e+07
6.012811895150582492e+07,-1.663115390000000083e-09,4.894999999999999574e+00,6.307000000000000000e+07,6.970000000000000000e+07
6.022441447656166553e+07,-1.660456160000000133e-09,4.900000000000000355e+00,6.307000000000000000e+07,6.970000000000000000e+07
6.020630605906992406e+07,-1.660955580000000184e-09,4.905000000000000249e+00,6.307000000000000000e+07,6.970000000000000000e+07
6.013717397630909085e+07,-1.662864970000000203e-09,4.910000000000000142e+00,6.307000000000000000e+07,6.970000000000000000e+07
6.015712656453045458e+07,-1.662313440000000043e-09,4.915000000000000036e+00,6.307000000000000000e+07,6.970000000000000000e+07
6.018350238758787513e+07,-1.661584919999999960e-09,4.919999999999999929e+00,6.307000000000000000e+07,6.970000000000000000e+07
6.015473711306119710e+07,-1.662379470000000123e-09,4.925000000000000711e+00,6.307000000000000000e+07,6.970000000000000000e+07
6.014233730600134283e+07,-1.662722210000000149e-09,4.929999999999999716e+00,6.307000000000000000e+07,6.970000000000000000e+07
6.011030902920258045e+07,-1.663608150000000038e-09,4.935000000000000497e+00,6.307000000000000000e+07,6.970000000000000000e+07
6.003477982892873138e+07,-1.665701120000000178e-09,4.939999999999999503e+00,6.307000000000000000e+07,6.970000000000000000e+07
6.002341549452491105e+07,-1.666016490000000082e-09,4.945000000000000284e+00,6.307000000000000000e+07,6.970000000000000000e+07
6.002716589419706911e+07,-1.665912400000000237e-09,4.950000000000000178e+00,6.307000000000000000e+07,6.970000000000000000e+07
5.993962820707355440e+07,-1.668345350000000103e-09,4.955000000000000071e+00,6.307000000000000000e+07,6.970000000000000000e+07
5.980724638831365108e+07,-1.672038190000000155e-09,4.959999999999999964e+00,6.307000000000000000e+07,6.970000000000000000e+07
5.973372913698709756e+07,-1.674096050000000022e-09,4.964999999999999858e+00,6.307000000000000000e+07,6.970000000000000000e+07
5.964784366424243152e+07,-1.676506540000000131e-09,4.970000000000000639e+00,6.307000000000000000e+07,6.970000000000000000e+07
5.953527396219018102e+07,-1.679676490000000219e-09,4.974999999999999645e+00,6.307000000000000000e+07,6.970000000000000000e+07
5.951861864999725670e+07,-1.680146520000000249e-09,4.980000000000000426e+00,6.307000000000000000e+07,6.970000000000000000e+07
5.956383890538056195e+07,-1.678870969999999993e-09,4.984999999999999432e+00,6.307000000000000000e+07,6.970000000000000000e+07
5.959835855631224811e+07,-1.677898560000000168e-09,4.990000000000000213e+00,6.307000000000000000e+07,6.970000000000000000e+07
5.966549055841642618e+07,-1.676010690000000060e-09,4.995000000000000107e+00,6.307000000000000000e+07,6.970000000000000000e+07
5.976196593823722750e+07,-1.673305060000000002e-09,5.000000000000000000e+00,6.307000000000000000e+07,6.970000000000000000e+07
5.986454389787683636e+07,-1.670437850000000011e-09,5.004999999999999893e+00,6.307000000000000000e+07,6.970000000000000000e+07
5.999412993435069919e+07,-1.666829740000000209e-09,5.009999999999999787e+00,6.307000000000000000e+07,6.970000000000000000e+07
6.017945718743447959e+07,-1.661696609999999954e-09,5.014999999999999680e+00,6.307000000000000000e+07,6.970000000000000000e+07
6.034304757034330815e+07,-1.657191740000000040e-09,5.020000000000000462e+00,6.307000000000000000e+07,6.970000000000000000e+07
6.046525388673825562e+07,-1.653842390000000254e-09,5.025000000000000355e+00,6.307000000000000000e+07,6.970000000000000000e+07
6.060322768063575774e+07,-1.650077129999999988e-09,5.030000000000000249e+00,6.307000000000000000e+07,6.970000000000000000e+07
6.074596334569133073e+07,-1.646199920000000018e-09,5.035000000000000142e+00,6.307000000000000000e+07,6.970000000000000000e+07
6.084358992488803715e+07,-1.643558510000000248e-09,5.040000000000000036e+00,6.307000000000000000e+07,6.970000000000000000e+07
6.095414237616156042e+07,-1.640577589999999950e-09,5.044999999999999929e+00,6.307000000000000000e+07,6.970000000000000000e+07
6.110357405314451456e+07,-1.636565480000000198e-09,5.049999999999999822e+00,6.307000000000000000e+07,6.970000000000000000e+07
6.121971103525023162e+07,-1.633460830000000040e-09,5.054999999999999716e+00,6.307000000000000000e+07,6.970000000000000000e+07
6.131748953174021840e+07,-1.630856070000000165e-09,5.060000000000000497e+00,6.307000000000000000e+07,6.970000000000000000e+07
6.144515640674082935e+07,-1.627467580000000144e-09,5.065000000000000391e+00,6.307000000000000000e+07,6.970000000000000000e+07
6.151538626532191783e+07,-1.625609560000000039e-09,5.070000000000000284e+00,6.307000000000000000e+07,6.970000000000000000e+07
6.146691669523392618e+07,-1.626891430000000118e-09,5.075000000000000178e+00,6.307000000000000000e+07,6.970000000000000000e+07
6.144690829205013067e+07,-1.627421180000000036e-09,5.080000000000000071e+00,6.307000000000000000e+07,6.970000000000000000e+07
6.148889051930098981e+07,-1.626310039999999911e-09,5.084999999999999964e+00,6.307000000000000000e+07,6.970000000000000000e+07
6.152909699921856076e+07,-1.625247320000000001e-09,5.089999999999999858e+00,6.307000000000000000e+07,6.970000000000000000e+07
6.158889848772402108e+07,-1.623669239999999963e-09,5.094999999999999751e+00,6.307000000000000000e+07,6.970000000000000000e+07
6.168103430755258352e+07,-1.621243890000000038e-09,5.099999999999999645e+00,6.307000000000000000e+07,6.970000000000000000e+07
6.173792518700711429e+07,-1.619749930000000014e-09,5.105000000000000426e+00,6.307000000000000000e+07,6.970000000000000000e+07
6.178995273000647128e+07,-1.618386090000000193e-09,5.110000000000000320e+00,6.307000000000000000e+07,6.970000000000000000e+07
6.188263255748766661e+07,-1.615962280000000097e-09,5.115000000000000213e+00,6.307000000000000000e+07,6.970000000000000000e+07
6.195419937923255563e+07,-1.614095590000000041e-09,5.120000000000000107e+00,6.307000000000000000e+07,6.970000000000000000e+07
6.198265556704410166e+07,-1.613354560000000272e-09,5.125000000000000000e+00,6.307000000000000000e+07,6.970000000000000000e+07
6.203848947296168655e+07,-1.611902560000000223e-09,5.129999999999999893e+00,6.307000000000000000e+07,6.970000000000000000e+07
6.210518568984732032e+07,-1.610171500000000099e-09,5.134999999999999787e+00,6.307000000000000000e+07,6.970000000000000000e+07
6.212749364382931590e+07,-1.609593340000000011e-09,5.139999999999999680e+00,6.307000000000000000e+07,6.970000000000000000e+07
6.215577935158283263e+07,-1.608860850000000028e-09,5.145000000000000462e+00,6.307000000000000000e+07,6.970000000000000000e+07
6.221354976398698986e+07,-1.607366890000000004e-09,5.150000000000000355e+00,6.307000000000000000e+07,6.970000000000000000e+07
6.223347967785013467e+07,-1.606852140000000112e-09,5.155000000000000249e+00,6.307000000000000000e+07,6.970000000000000000e+07
6.225301311586944759e+07,-1.606347950000000112e-09,5.160000000000000142e+00,6.307000000000000000e+07,6.970000000000000000e+07
6.232675615903811157e+07,-1.604447370000000047e-09,5.165000000000000036e+00,6.307000000000000000e+07,6.970000000000000000e+07
6.239975790890723467e+07,-1.602570320000000163e-09,5.169999999999999929e+00,6.307000000000000000e+07,6.970000000000000000e+07
6.242770754414436966e+07,-1.601852829999999998e-09,5.174999999999999822e+00,6.307000000000000000e+07,6.970000000000000000e+07
6.242060138516682386e+07,-1.602035190000000061e-09,5.179999999999999716e+00,6.307000000000000000e+07,6.970000000000000000e+07
6.238060585965733975e+07,-1.603062339999999923e-09,5.185000000000000497e+00,6.307000000000000000e+07,6.970000000000000000e+07
6.231540851794553548e+07,-1.604739540000000001e-09,5.190000000000000391e+00,6.307000000000000000e+07,6.970000000000000000e+07
6.230438836348913610e+07,-1.605023380000000070e-09,5.195000000000000284e+00,6.307000000000000000e+07,6.970000000000000000e+07
6.231623642934644967e+07,-1.604718220000000153e-09,5.200000000000000178e+00,6.307000000000000000e+07,6.970000000000000000e+07
6.222697448243522644e+07,-1.607020120000000223e-09,5.205000000000000071e+00,6.307000000000000000e+07,6.970000000000000000e+07
6.214912430050461739e+07,-1.609033130000000062e-09,5.209999999999999964e+00,6.307000000000000000e+07,6.970000000000000000e+07
6.215641294595011324e+07,-1.608844450000000177e-09,5.214999999999999858e+00,6.307000000000000000e+07,6.970000000000000000e+07
6.211494711353269219e+07,-1.609918460000000129e-09,5.219999999999999751e+00,6.307000000000000000e+07,6.970000000000000000e+07
6.199328817266941071e+07,-1.613077850000000118e-09,5.224999999999999645e+00,6.307000000000000000e+07,6.970000000000000000e+07
6.188157181519158185e+07,-1.615989980000000035e-09,5.230000000000000426e+00,6.307000000000000000e+07,6.970000000000000000e+07
6.170249106099044532e+07,-1.620680109999999902e-09,5.235000000000000320e+00,6.307000000000000000e+07,6.970000000000000000e+07
6.149355118973480165e+07,-1.626186780000000076e-09,5.240000000000000213e+00,6.307000000000000000e+07,6.970000000000000000e+07
6.127033613770316541e+07,-1.632111170000000106e-09,5.245000000000000107e+00,6.307000000000000000e+07,6.970000000000000000e+07
6.103927632664120942e+07,-1.638289410000000200e-09,5.250000000000000000e+00,6.307000000000000000e+07,6.970000000000000000e+07
6.083433869682321697e+07,-1.643808450000000264e-09,5.254999999999999893e+00,6.307000000000000000e+07,6.970000000000000000e+07
6.069952352512919158e+07,-1.647459390000000194e-09,5.259999999999999787e+00,6.307000000000000000e+07,6.970000000000000000e+07
6.058043324702640623e+07,-1.650698000000000083e-09,5.264999999999999680e+00,6.307000000000000000e+07,6.970000000000000000e+07
6.039958334917815775e+07,-1.655640560000000098e-09,5.270000000000000462e+00,6.307000000000000000e+07,6.970000000000000000e+07
6.021718387185821682e+07,-1.660655540000000121e-09,5.275000000000000355e+00,6.307000000000000000e+07,6.970000000000000000e+07
6.010042408241542429e+07,-1.663881770000000075e-09,5.280000000000000249e+00,6.307000000000000000e+07,6.970000000000000000e+07
6.001790442121112347e+07,-1.666169470000000169e-09,5.285000000000000142e+00,6.307000000000000000e+07,6.970000000000000000e+07
5.994954478452210128e+07,-1.668069379999999937e-09,5.290000000000000036e+00,6.307000000000000000e+07,6.970000000000000000e+07
5.989066372408663481e+07,-1.669709330000000134e-09,5.294999999999999929e+00,6.307000000000000000e+07,6.970000000000000000e+07
5.983369678714109957e+07,-1.671299040000000075e-09,5.299999999999999822e+00,6.307000000000000000e+07,6.970000000000000000e+07
5.970701944678521156e+07,-1.674844950000000108e-09,5.304999999999999716e+00,6.307000000000000000e+07,6.970000000000000000e+07
5.953085081867034733e+07,-1.679801290000000091e-09,5.310000000000000497e+00,6.307000000000000000e+07,6.970000000000000000e+07
5.942922437576167285e+07,-1.682673819999999999e-09,5.315000000000000391e+00,6.307000000000000000e+07,6.970000000000000000e+07
5.932459787726029009e+07,-1.685641430000000148e-09,5.320000000000000284e+00,6.307000000000000000e+07,6.970000000000000000e+07
5.923283386865203828e+07,-1.688252840000000281e-09,5.325000000000000178e+00,6.307000000000000000e+07,6.970000000000000000e+07
5.923324647449047863e+07,-1.688241080000000214e-09,5.330000000000000071e+00,6.307000000000000000e+07,6.970000000000000000e+07
5.927155121307408810e+07,-1.687150040000000085e-09,5.334999999999999964e+00,6.307000000000000000e+07,6.970000000000000000e+07
5.924764672050203383e+07,-1.687830750000000189e-09,5.339999999999999858e+00,6.307000000000000000e+07,6.970000000000000000e+07
5.927858214499585330e+07,-1.686949929999999948e-09,5.344999999999999751e+00,6.307000000000000000e+07,6.970000000000000000e+07
5.936261775562135130e+07,-1.684561830000000110e-09,5.350000000000000533e+00,6.307000000000000000e+07,6.970000000000000000e+07
5.942515633614698052e+07,-1.682789010000000074e-09,5.355000000000000426e+00,6.307000000000000000e+07,6.970000000000000000e+07
5.947760321484534442e+07,-1.681305140000000124e-09,5.360000000000000320e+00,6.307000000000000000e+07,6.970000000000000000e+07
5.956621499591375887e+07,-1.678804000000000069e-09,5.365000000000000213e+00,6.307000000000000000e+07,6.970000000000000000e+07
5.958353918453062326e+07,-1.678315880000000104e-09,5.370000000000000107e+00,6.307000000000000000e+07,6.970000000000000000e+07
5.955846191320337355e+07,-1.679022540000000208e-09,5.375000000000000000e+00,6.307000000000000000e+07,6.970000000000000000e+07
5.958295198754487187e+07,-1.678332420000000165e-09,5.379999999999999893e+00,6.307000000000000000e+07,6.970000000000000000e+07
5.956095215901125968e+07,-1.678952339999999958e-09,5.384999999999999787e+00,6.307000000000000000e+07,6.970000000000000000e+07
5.945061378656642139e+07,-1.682068420000000161e-09,5.389999999999999680e+00,6.307000000000000000e+07,6.970000000000000000e+07
5.932361809027935565e+07,-1.685669270000000089e-09,5.395000000000000462e+00,6.307000000000000000e+07,6.970000000000000000e+07
5.921554993709206581e+07,-1.688745610000000074e-09,5.400000000000000355e+00,6.307000000000000000e+07,6.970000000000000000e+07
5.911307918256069720e+07,-1.691673000000000141e-09,5.405000000000000249e+00,6.307000000000000000e+07,6.970000000000000000e+07
5.906092096198239177e+07,-1.693166960000000164e-09,5.410000000000000142e+00,6.307000000000000000e+07,6.970000000000000000e+07
5.910685289581021667e+07,-1.691851200000000284e-09,5.415000000000000036e+00,6.307000000000000000e+07,6.970000000000000000e+07
5.917333151679094881e+07,-1.689950480000000216e-09,5.419999999999999929e+00,6.307000000000000000e+07,6.970000000000000000e+07
5.926983370004863292e+07,-1.687198930000000119e-09,5.424999999999999822e+00,6.307000000000000000e+07,6.970000000000000000e+07
5.944425683176497370e+07,-1.682248299999999930e-09,5.429999999999999716e+00,6.307000000000000000e+07,6.970000000000000000e+07
5.963131164562007785e+07,-1.676971330000000186e-09,5.435000000000000497e+00,6.307000000000000000e+07,6.970000000000000000e+07
5.971021771515698731e+07,-1.674755240000000214e-09,5.440000000000000391e+00,6.307000000000000000e+07,6.970000000000000000e+07
5.973157228729811311e+07,-1.674156500000000060e-09,5.445000000000000284e+00,6.307000000000000000e+07,6.970000000000000000e+07
5.972051396668729186e+07,-1.674466500000000237e-09,5.450000000000000178e+00,6.307000000000000000e+07,6.970000000000000000e+07
5.966637629229092598e+07,-1.675985810000000070e-09,5.455000000000000071e+00,6.307000000000000000e+07,6.970000000000000000e+07
5.954494053458173573e+07,-1.679403810000000027e-09,5.459999999999999964e+00,6.307000000000000000e+07,6.970000000000000000e+07
5.940755142099328339e+07,-1.683287690000000138e-09,5.464999999999999858e+00,6.307000000000000000e+07,6.970000000000000000e+07
5.925023601887141168e+07,-1.687756990000000210e-09,5.469999999999999751e+00,6.307000000000000000e+07,6.970000000000000000e+07
5.914710408237157762e+07,-1.690699849999999914e-09,5.475000000000000533e+00,6.307000000000000000e+07,6.970000000000000000e+07
5.911760262325139344e+07,-1.691543560000000073e-09,5.480000000000000426e+00,6.307000000000000000e+07,6.970000000000000000e+07
5.916540942143826187e+07,-1.690176760000000093e-09,5.485000000000000320e+00,6.307000000000000000e+07,6.970000000000000000e+07
5.919555011422166228e+07,-1.689316170000000014e-09,5.490000000000000213e+00,6.307000000000000000e+07,6.970000000000000000e+07
5.919925664677414298e+07,-1.689210399999999922e-09,5.495000000000000107e+00,6.307000000000000000e+07,6.970000000000000000e+07
5.927013827118703723e+07,-1.687190259999999961e-09,5.500000000000000000e+00,6.307000000000000000e+07,6.970000000000000000e+07
5.930303421127996594e+07,-1.686254360000000028e-09,5.504999999999999893e+00,6.307000000000000000e+07,6.970000000000000000e+07
5.928934029895333946e+07,-1.686643829999999979e-09,5.509999999999999787e+00,6.307000000000000000e+07,6.970000000000000000e+07
5.926045711063232273e+07,-1.687465890000000060e-09,5.514999999999999680e+00,6.307000000000000000e+07,6.970000000000000000e+07
5.924854817505673319e+07,-1.687805070000000151e-09,5.520000000000000462e+00,6.307000000000000000e+07,6.970000000000000000e+07
5.921175862156067789e+07,-1.688853740000000132e-09,5.525000000000000355e+00,6.307000000000000000e+07,6.970000000000000000e+07
5.924771727728726715e+07,-1.687828740000000128e-09,5.530000000000000249e+00,6.307000000000000000e+07,6.970000000000000000e+07
5.931391487894477695e+07,-1.685945030000000147e-09,5.535000000000000142e+00,6.307000000000000000e+07,6.970000000000000000e+07
5.933667964911682159e+07,-1.685298210000000051e-09,5.540000000000000036e+00,6.307000000000000000e+07,6.970000000000000000e+07
5.928520879038153589e+07,-1.686761369999999976e-09,5.544999999999999929e+00,6.307000000000000000e+07,6.970000000000000000e+07
5.924281520909988880e+07,-1.687968400000000021e-09,5.549999999999999822e+00,6.307000000000000000e+07,6.970000000000000000e+07
5.916780809257518500e+07,-1.690108240000000089e-09,5.554999999999999716e+00,6.307000000000000000e+07,6.970000000000000000e+07
5.912798252408618480e+07,-1.691246610000000126e-09,5.560000000000000497e+00,6.307000000000000000e+07,6.970000000000000000e+07
5.910044000395784527e+07,-1.692034779999999991e-09,5.565000000000000391e+00,6.307000000000000000e+07,6.970000000000000000e+07
5.904939926890821010e+07,-1.693497330000000094e-09,5.570000000000000284e+00,6.307000000000000000e+07,6.970000000000000000e+07
5.895372038034652174e+07,-1.696245790000000281e-09,5.575000000000000178e+00,6.307000000000000000e+07,6.970000000000000000e+07
5.888424807735864073e+07,-1.698247040000000052e-09,5.580000000000000071e+00,6.307000000000000000e+07,6.970000000000000000e+07
5.885792251945433766e+07,-1.699006620000000152e-09,5.584999999999999964e+00,6.307000000000000000e+07,6.970000000000000000e+07
5.884502896231693774e+07,-1.699378889999999996e-09,5.589999999999999858e+00,6.307000000000000000e+07,6.970000000000000000e+07
5.888351370079809427e+07,-1.698268220000000311e-09,5.594999999999999751e+00,6.307000000000000000e+07,6.970000000000000000e+07
5.888402894135890156e+07,-1.698253360000000082e-09,5.600000000000000533e+00,6.307000000000000000e+07,6.970000000000000000e+07
5.877280916889675707e+07,-1.701467080000000143e-09,5.605000000000000426e+00,6.307000000000000000e+07,6.970000000000000000e+07
5.860919936205761880e+07,-1.706216790000000101e-09,5.610000000000000320e+00,6.307000000000000000e+07,6.970000000000000000e+07
5.849193450620658696e+07,-1.709637419999999986e-09,5.615000000000000213e+00,6.307000000000000000e+07,6.970000000000000000e+07
5.842365625722061098e+07,-1.711635430000000214e-09,5.620000000000000107e+00,6.307000000000000000e+07,6.970000000000000000e+07
5.838303320396645367e+07,-1.712826390000000223e-09,5.625000000000000000e+00,6.307000000000000000e+07,6.970000000000000000e+07
5.842124859797035903e+07,-1.711705970000000118e-09,5.629999999999999893e+00,6.307000000000000000e+07,6.970000000000000000e+07
5.844785581849134713e+07,-1.710926750000000210e-09,5.634999999999999787e+00,6.307000000000000000e+07,6.970000000000000000e+07
5.834211430772093683e+07,-1.714027700000000016e-09,5.639999999999999680e+00,6.307000000000000000e+07,6.970000000000000000e+07
5.822519633419752866e+07,-1.717469520000000204e-09,5.645000000000000462e+00,6.307000000000000000e+07,6.970000000000000000e+07
5.814579164134708047e+07,-1.719814920000000079e-09,5.650000000000000355e+00,6.307000000000000000e+07,6.970000000000000000e+07
5.806758981514450163e+07,-1.722131060000000097e-09,5.655000000000000249e+00,6.307000000000000000e+07,6.970000000000000000e+07
5.804537111789800972e+07,-1.722790260000000128e-09,5.660000000000000142e+00,6.307000000000000000e+07,6.970000000000000000e+07
5.807951375831081718e+07,-1.721777500000000055e-09,5.665000000000000036e+00,6.307000000000000000e+07,6.970000000000000000e+07
5.813748350937547535e+07,-1.720060690000000130e-09,5.669999999999999929e+00,6.307000000000000000e+07,6.970000000000000000e+07
5.817427405734129995e+07,-1.718972890000000166e-09,5.674999999999999822e+00,6.307000000000000000e+07,6.970000000000000000e+07
5.817706416368769109e+07,-1.718890449999999985e-09,5.679999999999999716e+00,6.307000000000000000e+07,6.970000000000000000e+07
5.818231986151584238e+07,-1.718735180000000037e-09,5.685000000000000497e+00,6.307000000000000000e+07,6.970000000000000000e+07
5.812392691969395429e+07,-1.720461870000000133e-09,5.690000000000000391e+00,6.307000000000000000e+07,6.970000000000000000e+07
5.811933368462208658e+07,-1.720597840000000132e-09,5.695000000000000284e+00,6.307000000000000000e+07,6.970000000000000000e+07
5.813905185636568069e+07,-1.720014290000000022e-09,5.700000000000000178e+00,6.307000000000000000e+07,6.970000000000000000e+07
5.811498670788212121e+07,-1.720726540000000212e-09,5.705000000000000071e+00,6.307000000000000000e+07,6.970000000000000000e+07
5.812767345881942660e+07,-1.720350980000000188e-09,5.709999999999999964e+00,6.307000000000000000e+07,6.970000000000000000e+07
5.819752296327307820e+07,-1.718286190000000056e-09,5.714999999999999858e+00,6.307000000000000000e+07,6.970000000000000000e+07
5.818348777286805212e+07,-1.718700680000000000e-09,5.719999999999999751e+00,6.307000000000000000e+07,6.970000000000000000e+07
5.816206524466931075e+07,-1.719333720000000128e-09,5.725000000000000533e+00,6.307000000000000000e+07,6.970000000000000000e+07
5.820540885519279540e+07,-1.718053390000000085e-09,5.730000000000000426e+00,6.307000000000000000e+07,6.970000000000000000e+07
5.823499863668956608e+07,-1.717180430000000115e-09,5.735000000000000320e+00,6.307000000000000000e+07,6.970000000000000000e+07
5.822948047261562198e+07,-1.717343160000000001e-09,5.740000000000000213e+00,6.307000000000000000e+07,6.970000000000000000e+07
5.819852958272287995e+07,-1.718256470000000218e-09,5.745000000000000107e+00,6.307000000000000000e+07,6.970000000000000000e+07
5.819647065641417354e+07,-1.718317260000000116e-09,5.750000000000000000e+00,6.307000000000000000e+07,6.970000000000000000e+07
5.818890817230512947e+07,-1.718540580000000043e-09,5.754999999999999893e+00,6.307000000000000000e+07,6.970000000000000000e+07
5.818666100471663475e+07,-1.718606950000000189e-09,5.759999999999999787e+00,6.307000000000000000e+07,6.970000000000000000e+07
5.825372946638319641e+07,-1.716628290000000133e-09,5.764999999999999680e+00,6.307000000000000000e+07,6.970000000000000000e+07
5.828552249636986107e+07,-1.715691920000000175e-09,5.770000000000000462e+00,6.307000000000000000e+07,6.970000000000000000e+07
5.821571217388111353e+07,-1.717749320000000060e-09,5.775000000000000355e+00,6.307000000000000000e+07,6.970000000000000000e+07
5.812274552041606605e+07,-1.720496840000000196e-09,5.780000000000000249e+00,6.307000000000000000e+07,6.970000000000000000e+07
5.801092466374141723e+07,-1.723813240000000026e-09,5.785000000000000142e+00,6.307000000000000000e+07,6.970000000000000000e+07
5.785866771819780767e+07,-1.728349510000000022e-09,5.790000000000000036e+00,6.307000000000000000e+07,6.970000000000000000e+07
5.775920429164288193e+07,-1.731325790000000123e-09,5.794999999999999929e+00,6.307000000000000000e+07,6.970000000000000000e+07
5.776403440467479825e+07,-1.731181020000000007e-09,5.799999999999999822e+00,6.307000000000000000e+07,6.970000000000000000e+07
5.778488151724329591e+07,-1.730556460000000224e-09,5.804999999999999716e+00,6.307000000000000000e+07,6.970000000000000000e+07
5.778563616201072186e+07,-1.730533860000000051e-09,5.810000000000000497e+00,6.307000000000000000e+07,6.970000000000000000e+07
5.781551288381413370e+07,-1.729639590000000071e-09,5.815000000000000391e+00,6.307000000000000000e+07,6.970000000000000000e+07
5.782298998483262211e+07,-1.729415930000000078e-09,5.820000000000000284e+00,6.307000000000000000e+07,6.970000000000000000e+07
5.785826935351443291e+07,-1.728361410000000093e-09,5.825000000000000178e+00,6.307000000000000000e+07,6.970000000000000000e+07
5.795722739231279492e+07,-1.725410350000000050e-09,5.830000000000000071e+00,6.307000000000000000e+07,6.970000000000000000e+07
5.801718709272840619e+07,-1.723627170000000186e-09,5.834999999999999964e+00,6.307000000000000000e+07,6.970000000000000000e+07
5.799304613502821326e+07,-1.724344670000000189e-09,5.839999999999999858e+00,6.307000000000000000e+07,6.970000000000000000e+07
5.795296777061024308e+07,-1.725537170000000028e-09,5.844999999999999751e+00,6.307000000000000000e+07,6.970000000000000000e+07
5.799178664645397663e+07,-1.724382120000000133e-09,5.850000000000000533e+00,6.307000000000000000e+07,6.970000000000000000e+07
5.805915839243828505e+07,-1.722381149999999955e-09,5.855000000000000426e+00,6.307000000000000000e+07,6.970000000000000000e+07
5.816475403893725574e+07,-1.719254240000000104e-09,5.860000000000000320e+00,6.307000000000000000e+07,6.970000000000000000e+07
5.832503052221753448e+07,-1.714529750000000202e-09,5.865000000000000213e+00,6.307000000000000000e+07,6.970000000000000000e+07
5.844313781043263525e+07,-1.711064870000000067e-09,5.870000000000000107e+00,6.307000000000000000e+07,6.970000000000000000e+07
5.846329919622316957e+07,-1.710474800000000277e-09,5.875000000000000000e+00,6.307000000000000000e+07,6.970000000000000000e+07
5.844544172369354218e+07,-1.710997420000000073e-09,5.879999999999999893e+00,6.307000000000000000e+07,6.970000000000000000e+07
5.840579092482527345e+07,-1.712158990000000060e-09,5.884999999999999787e+00,6.307000000000000000e+07,6.970000000000000000e+07
5.834388365781517327e+07,-1.713975720000000279e-09,5.889999999999999680e+00,6.307000000000000000e+07,6.970000000000000000e+07
5.835293564049326628e+07,-1.713709839999999980e-09,5.895000000000000462e+00,6.307000000000000000e+07,6.970000000000000000e+07
5.837891695386564732e+07,-1.712947159999999926e-09,5.900000000000000355e+00,6.307000000000000000e+07,6.970000000000000000e+07
5.842956941479881853e+07,-1.711462210000000128e-09,5.905000000000000249e+00,6.307000000000000000e+07,6.970000000000000000e+07
5.852444882259343565e+07,-1.708687600000000083e-09,5.910000000000000142e+00,6.307000000000000000e+07,6.970000000000000000e+07
5.868258282280758023e+07,-1.704083140000000104e-09,5.915000000000000036e+00,6.307000000000000000e+07,6.970000000000000000e+07
5.883246710173746943e+07,-1.699741740000000064e-09,5.919999999999999929e+00,6.307000000000000000e+07,6.970000000000000000e+07
5.894748557142396271e+07,-1.696425200000000024e-09,5.924999999999999822e+00,6.307000000000000000e+07,6.970000000000000000e+07
5.906760649056597054e+07,-1.692975320000000121e-09,5.929999999999999716e+00,6.307000000000000000e+07,6.970000000000000000e+07
5.920653228986319155e+07,-1.689002820000000216e-09,5.935000000000000497e+00,6.307000000000000000e+07,6.970000000000000000e+07
5.933539386564472318e+07,-1.685334729999999988e-09,5.940000000000000391e+00,6.307000000000000000e+07,6.970000000000000000e+07
5.951138723019411415e+07,-1.680350680000000230e-09,5.945000000000000284e+00,6.307000000000000000e+07,6.970000000000000000e+07
5.968775936383210123e+07,-1.675385390000000083e-09,5.950000000000000178e+00,6.307000000000000000e+07,6.970000000000000000e+07
5.982236979629807174e+07,-1.671615490000000034e-09,5.955000000000000071e+00,6.307000000000000000e+07,6.970000000000000000e+07
5.994901072861883789e+07,-1.668084240000000166e-09,5.959999999999999964e+00,6.307000000000000000e+07,6.970000000000000000e+07
6.011021400089749694e+07,-1.663610779999999966e-09,5.964999999999999858e+00,6.307000000000000000e+07,6.970000000000000000e+07
6.024087204252634197e+07,-1.660002530000000161e-09,5.969999999999999751e+00,6.307000000000000000e+07,6.970000000000000000e+07
6.029453954923247546e+07,-1.658524980000000033e-09,5.975000000000000533e+00,6.307000000000000000e+07,6.970000000000000000e+07
6.035789673589564115e+07,-1.656784040000000151e-09,5.980000000000000426e+00,6.307000000000000000e+07,6.970000000000000000e+07
6.045973522203097492e+07,-1.653993350000000027e-09,5.985000000000000320e+00,6.307000000000000000e+07,6.970000000000000000e+07
6.057890106541627645e+07,-1.650739750000000157e-09,5.990000000000000213e+00,6.307000000000000000e+07,6.970000000000000000e+07
6.074434824409259111e+07,-1.646243689999999991e-09,5.995000000000000107e+00,6.307000000000000000e+07,6.970000000000000000e+07
6.091227844308435172e+07,-1.641705130000000133e-09,6.000000000000000000e+00,6.307000000000000000e+07,6.970000000000000000e+07
6.103275315984720737e+07,-1.638464509999999976e-09,6.004999999999999893e+00,6.307000000000000000e+07,6.970000000000000000e+07
6.114647612674642354e+07,-1.635417219999999945e-09,6.009999999999999787e+00,6.307000000000000000e+07,6.970000000000000000e+07
6.129193706958235055e+07,-1.631535970000000176e-09,6.014999999999999680e+00,6.307000000000000000e+07,6.970000000000000000e+07
6.141989807908409089e+07,-1.628136859999999996e-09,6.020000000000000462e+00,6.307000000000000000e+07,6.970000000000000000e+07
6.153819190650684386e+07,-1.625007120000000153e-09,6.025000000000000355e+00,6.307000000000000000e+07,6.970000000000000000e+07
6.169374678722101450e+07,-1.620909820000000170e-09,6.030000000000000249e+00,6.307000000000000000e+07,6.970000000000000000e+07
6.183962010783518851e+07,-1.617086260000000138e-09,6.035000000000000142e+00,6.307000000000000000e+07,6.970000000000000000e+07
6.196777351066312194e+07,-1.613742020000000161e-09,6.040000000000000036e+00,6.307000000000000000e+07,6.970000000000000000e+07
6.213706980269640684e+07,-1.609345280000000098e-09,6.044999999999999929e+00,6.307000000000000000e+07,6.970000000000000000e+07
6.231794940593887866e+07,-1.604674110000000113e-09,6.049999999999999822e+00,6.307000000000000000e+07,6.970000000000000000e+07
6.245460955114346743e+07,-1.601162840000000120e-09,6.054999999999999716e+00,6.307000000000000000e+07,6.970000000000000000e+07
6.260242852849761397e+07,-1.597382120000000055e-09,6.060000000000000497e+00,6.307000000000000000e+07,6.970000000000000000e+07
6.276848001185772568e+07,-1.593156310000000010e-09,6.065000000000000391e+00,6.307000000000000000e+07,6.970000000000000000e+07
6.292030092489634454e+07,-1.589312169999999911e-09,6.070000000000000284e+00,6.307000000000000000e+07,6.970000000000000000e+07
6.307753395857886970e+07,-1.585350500000000273e-09,6.075000000000000178e+00,6.307000000000000000e+07,6.970000000000000000e+07
6.330318327210342884e+07,-1.579699390000000213e-09,6.080000000000000071e+00,6.307000000000000000e+07,6.970000000000000000e+07
6.351873853919490427e+07,-1.574338570000000210e-09,6.084999999999999964e+00,6.307000000000000000e+07,6.970000000000000000e+07
6.368707209372739494e+07,-1.570177380000000168e-09,6.089999999999999858e+00,6.307000000000000000e+07,6.970000000000000000e+07
6.388614650506556034e+07,-1.565284579999999926e-09,6.094999999999999751e+00,6.307000000000000000e+07,6.970000000000000000e+07
6.406702989939092845e+07,-1.560865240000000104e-09,6.100000000000000533e+00,6.307000000000000000e+07,6.970000000000000000e+07
6.413240293634567410e+07,-1.559274180000000147e-09,6.105000000000000426e+00,6.307000000000000000e+07,6.970000000000000000e+07
6.420355794545737654e+07,-1.557546080000000181e-09,6.110000000000000320e+00,6.307000000000000000e+07,6.970000000000000000e+07
6.434238632424712926e+07,-1.554185439999999939e-09,6.115000000000000213e+00,6.307000000000000000e+07,6.970000000000000000e+07
6.447074412403644621e+07,-1.551091140000000184e-09,6.120000000000000107e+00,6.307000000000000000e+07,6.970000000000000000e+07
6.459446336308619380e+07,-1.548120299999999915e-09,6.125000000000000000e+00,6.307000000000000000e+07,6.970000000000000000e+07
6.475867450054078549e+07,-1.544194670000000144e-09,6.129999999999999893e+00,6.307000000000000000e+07,6.970000000000000000e+07
6.490988537894380838e+07,-1.540597390000000197e-09,6.134999999999999787e+00,6.307000000000000000e+07,6.970000000000000000e+07
6.502083797568571568e+07,-1.537968489999999906e-09,6.139999999999999680e+00,6.307000000000000000e+07,6.970000000000000000e+07
6.516828487664051354e+07,-1.534488749999999955e-09,6.145000000000000462e+00,6.307000000000000000e+07,6.970000000000000000e+07
6.533622255336361378e+07,-1.530544560000000224e-09,6.150000000000000355e+00,6.307000000000000000e+07,6.970000000000000000e+07
6.547036423730063438e+07,-1.527408640000000147e-09,6.155000000000000249e+00,6.307000000000000000e+07,6.970000000000000000e+07
6.561465078567277640e+07,-1.524049870000000171e-09,6.160000000000000142e+00,6.307000000000000000e+07,6.970000000000000000e+07
6.582513878374785185e+07,-1.519176440000000189e-09,6.165000000000000036e+00,6.307000000000000000e+07,6.970000000000000000e+07
6.602284751008596271e+07,-1.514627190000000066e-09,6.169999999999999929e+00,6.307000000000000000e+07,6.970000000000000000e+07
6.617454641732494533e+07,-1.511155050000000057e-09,6.174999999999999822e+00,6.307000000000000000e+07,6.970000000000000000e+07
6.635088467061074823e+07,-1.507138910000000137e-09,6.179999999999999716e+00,6.307000000000000000e+07,6.970000000000000000e+07
6.650979533319788426e+07,-1.503537930000000044e-09,6.185000000000000497e+00,6.307000000000000000e+07,6.970000000000000000e+07
6.662281552948515862e+07,-1.500987300000000177e-09,6.190000000000000391e+00,6.307000000000000000e+07,6.970000000000000000e+07
6.678466136112842709e+07,-1.497349810000000192e-09,6.195000000000000284e+00,6.307000000000000000e+07,6.970000000000000000e+07
6.696096905378726125e+07,-1.493407300000000293e-09,6.200000000000000178e+00,6.307000000000000000e+07,6.970000000000000000e+07
6.707988591911625862e+07,-1.490759840000000041e-09,6.205000000000000071e+00,6.307000000000000000e+07,6.970000000000000000e+07
6.719548844114968181e+07,-1.488195149999999994e-09,6.209999999999999964e+00,6.307000000000000000e+07,6.970000000000000000e+07
6.733785085915826261e+07,-1.485048879999999928e-09,6.214999999999999858e+00,6.307000000000000000e+07,6.970000000000000000e+07
6.742843036829510331e+07,-1.483053949999999979e-09,6.219999999999999751e+00,6.307000000000000000e+07,6.970000000000000000e+07
6.750232702459509671e+07,-1.481430410000000091e-09,6.225000000000000533e+00,6.307000000000000000e+07,6.970000000000000000e+07
6.762558072030399740e+07,-1.478730370000000118e-09,6.230000000000000426e+00,6.307000000000000000e+07,6.970000000000000000e+07
6.773748200663864613e+07,-1.476287530000000036e-09,6.235000000000000320e+00,6.307000000000000000e+07,6.970000000000000000e+07
6.774758801480402052e+07,-1.476067310000000064e-09,6.240000000000000213e+00,6.307000000000000000e+07,6.970000000000000000e+07
6.765151486963383853e+07,-1.478163500000000073e-09,6.245000000000000107e+00,6.307000000000000000e+07,6.970000000000000000e+07
6.751242724877718091e+07,-1.481208780000000041e-09,6.250000000000000000e+00,6.307000000000000000e+07,6.970000000000000000e+07
6.738207064577513933e+07,-1.484074310000000200e-09,6.254999999999999893e+00,6.307000000000000000e+07,6.970000000000000000e+07
6.731005476117201149e+07,-1.485662140000000244e-09,6.259999999999999787e+00,6.307000000000000000e+07,6.970000000000000000e+07
6.729789172866176069e+07,-1.485930650000000059e-09,6.264999999999999680e+00,6.307000000000000000e+07,6.970000000000000000e+07
6.726744160508349538e+07,-1.486603289999999989e-09,6.270000000000000462e+00,6.307000000000000000e+07,6.970000000000000000e+07
6.723638069117721915e+07,-1.487290049999999954e-09,6.275000000000000355e+00,6.307000000000000000e+07,6.970000000000000000e+07
6.724012316050606966e+07,-1.487207270000000118e-09,6.280000000000000249e+00,6.307000000000000000e+07,6.970000000000000000e+07
6.716371397069726884e+07,-1.488899200000000259e-09,6.285000000000000142e+00,6.307000000000000000e+07,6.970000000000000000e+07
6.697540273414757848e+07,-1.493085460000000104e-09,6.290000000000000036e+00,6.307000000000000000e+07,6.970000000000000000e+07
6.675121330843503773e+07,-1.498100110000000104e-09,6.294999999999999929e+00,6.307000000000000000e+07,6.970000000000000000e+07
6.657364331486281753e+07,-1.502095949999999964e-09,6.299999999999999822e+00,6.307000000000000000e+07,6.970000000000000000e+07
6.633276961534621567e+07,-1.507550500000000191e-09,6.304999999999999716e+00,6.307000000000000000e+07,6.970000000000000000e+07
6.604287061994270235e+07,-1.514167980000000260e-09,6.310000000000000497e+00,6.307000000000000000e+07,6.970000000000000000e+07
6.584197833021977544e+07,-1.518787900000000038e-09,6.315000000000000391e+00,6.307000000000000000e+07,6.970000000000000000e+07
6.568627104517512023e+07,-1.522388139999999937e-09,6.320000000000000284e+00,6.307000000000000000e+07,6.970000000000000000e+07
6.550586474989692867e+07,-1.526580870000000273e-09,6.325000000000000178e+00,6.307000000000000000e+07,6.970000000000000000e+07
6.527011252828480303e+07,-1.532094800000000114e-09,6.330000000000000071e+00,6.307000000000000000e+07,6.970000000000000000e+07
6.498660522087828815e+07,-1.538778640000000285e-09,6.334999999999999964e+00,6.307000000000000000e+07,6.970000000000000000e+07
6.472721869063685089e+07,-1.544945110000000060e-09,6.339999999999999858e+00,6.307000000000000000e+07,6.970000000000000000e+07
6.456047874900487810e+07,-1.548935230000000288e-09,6.344999999999999751e+00,6.307000000000000000e+07,6.970000000000000000e+07
6.446594832217473537e+07,-1.551206530000000116e-09,6.350000000000000533e+00,6.307000000000000000e+07,6.970000000000000000e+07
6.435730889578194171e+07,-1.553825070000000165e-09,6.355000000000000426e+00,6.307000000000000000e+07,6.970000000000000000e+07
6.429145734975440055e+07,-1.555416600000000148e-09,6.360000000000000320e+00,6.307000000000000000e+07,6.970000000000000000e+07
6.428538473128128052e+07,-1.555563529999999960e-09,6.365000000000000213e+00,6.307000000000000000e+07,6.970000000000000000e+07
6.424872913765060902e+07,-1.556451019999999929e-09,6.370000000000000107e+00,6.307000000000000000e+07,6.970000000000000000e+07
6.419879604017460346e+07,-1.557661610000000116e-09,6.375000000000000000e+00,6.307000000000000000e+07,6.970000000000000000e+07
6.419210921450317651e+07,-1.557823870000000182e-09,6.379999999999999893e+00,6.307000000000000000e+07,6.970000000000000000e+07
6.417930197744002193e+07,-1.558134740000000100e-09,6.384999999999999787e+00,6.307000000000000000e+07,6.970000000000000000e+07
6.412998542658906430e+07,-1.559332960000000190e-09,6.389999999999999680e+00,6.307000000000000000e+07,6.970000000000000000e+07
6.407177186615160853e+07,-1.560749720000000006e-09,6.395000000000000462e+00,6.307000000000000000e+07,6.970000000000000000e+07
6.393707323482159525e+07,-1.564037810000000283e-09,6.400000000000000355e+00,6.307000000000000000e+07,6.970000000000000000e+07
6.370616149685220420e+07,-1.569706880000000112e-09,6.405000000000000249e+00,6.307000000000000000e+07,6.970000000000000000e+07
6.346314283419821411e+07,-1.575717740000000079e-09,6.410000000000000142e+00,6.307000000000000000e+07,6.970000000000000000e+07
6.329694332984153181e+07,-1.579855120000000142e-09,6.415000000000000036e+00,6.307000000000000000e+07,6.970000000000000000e+07
6.315482953381036967e+07,-1.583410180000000197e-09,6.419999999999999929e+00,6.307000000000000000e+07,6.970000000000000000e+07
6.303257522857487202e+07,-1.586481269999999956e-09,6.424999999999999822e+00,6.307000000000000000e+07,6.970000000000000000e+07
6.297813353229720891e+07,-1.587852710000000132e-09,6.429999999999999716e+00,6.307000000000000000e+07,6.970000000000000000e+07
6.292664540891316533e+07,-1.589151930000000158e-09,6.435000000000000497e+00,6.307000000000000000e+07,6.970000000000000000e+07
6.285871859950070828e+07,-1.590869210000000108e-09,6.440000000000000391e+00,6.307000000000000000e+07,6.970000000000000000e+07
6.282827419859724492e+07,-1.591640090000000087e-09,6.445000000000000284e+00,6.307000000000000000e+07,6.970000000000000000e+07
6.280158222557465732e+07,-1.592316569999999959e-09,6.450000000000000178e+00,6.307000000000000000e+07,6.970000000000000000e+07
6.263335110199748725e+07,-1.596593479999999956e-09,6.455000000000000071e+00,6.307000000000000000e+07,6.970000000000000000e+07
6.237781394817697257e+07,-1.603134090000000047e-09,6.459999999999999964e+00,6.307000000000000000e+07,6.970000000000000000e+07
6.211261449311397970e+07,-1.609978920000000211e-09,6.464999999999999858e+00,6.307000000000000000e+07,6.970000000000000000e+07
6.189241952476834506e+07,-1.615706749999999995e-09,6.469999999999999751e+00,6.307000000000000000e+07,6.970000000000000000e+07
6.172759793743897974e+07,-1.620020920000000123e-09,6.475000000000000533e+00,6.307000000000000000e+07,6.970000000000000000e+07
6.159860300281855464e+07,-1.623413440000000105e-09,6.480000000000000426e+00,6.307000000000000000e+07,6.970000000000000000e+07
6.142253661170144379e+07,-1.628066920000000077e-09,6.485000000000000320e+00,6.307000000000000000e+07,6.970000000000000000e+07
6.117275312722454220e+07,-1.634714720000000174e-09,6.490000000000000213e+00,6.307000000000000000e+07,6.970000000000000000e+07
6.092590647589440644e+07,-1.641337910000000244e-09,6.495000000000000107e+00,6.307000000000000000e+07,6.970000000000000000e+07
6.074526629907722026e+07,-1.646218810000000001e-09,6.500000000000000000e+00,6.307000000000000000e+07,6.970000000000000000e+07
6.052681779571487010e+07,-1.652160209999999912e-09,6.504999999999999893e+00,6.307000000000000000e+07,6.970000000000000000e+07
6.030282292710433155e+07,-1.658297160000000120e-09,6.509999999999999787e+00,6.307000000000000000e+07,6.970000000000000000e+07
6.018307607485663891e+07,-1.661596690000000279e-09,6.514999999999999680e+00,6.307000000000000000e+07,6.970000000000000000e+07
6.010044105910680443e+07,-1.663881300000000049e-09,6.520000000000000462e+00,6.307000000000000000e+07,6.970000000000000000e+07
6.003574432159716636e+07,-1.665674360000000085e-09,6.525000000000000355e+00,6.307000000000000000e+07,6.970000000000000000e+07
5.998893156221532077e+07,-1.666974180000000096e-09,6.530000000000000249e+00,6.307000000000000000e+07,6.970000000000000000e+07
5.996451767567191273e+07,-1.667652870000000093e-09,6.535000000000000142e+00,6.307000000000000000e+07,6.970000000000000000e+07
5.995105032711421698e+07,-1.668027490000000067e-09,6.540000000000000036e+00,6.307000000000000000e+07,6.970000000000000000e+07
5.997544137621615082e+07,-1.667349130000000091e-09,6.544999999999999929e+00,6.307000000000000000e+07,6.970000000000000000e+07
6.000193638249093294e+07,-1.666612880000000108e-09,6.549999999999999822e+00,6.307000000000000000e+07,6.970000000000000000e+07
5.997372886791177839e+07,-1.667396740000000213e-09,6.554999999999999716e+00,6.307000000000000000e+07,6.970000000000000000e+07
6.000807900769296288e+07,-1.666442280000000113e-09,6.560000000000000497e+00,6.307000000000000000e+07,6.970000000000000000e+07
6.011155526470646262e+07,-1.663573660000000045e-09,6.565000000000000391e+00,6.307000000000000000e+07,6.970000000000000000e+07
6.020480941664869338e+07,-1.660996870000000070e-09,6.570000000000000284e+00,6.307000000000000000e+07,6.970000000000000000e+07
6.030477429882884771e+07,-1.658243500000000137e-09,6.575000000000000178e+00,6.307000000000000000e+07,6.970000000000000000e+07
6.046895183874744922e+07,-1.653741250000000108e-09,6.580000000000000071e+00,6.307000000000000000e+07,6.970000000000000000e+07
6.063256953293052316e+07,-1.649278610000000132e-09,6.584999999999999964e+00,6.307000000000000000e+07,6.970000000000000000e+07
6.077008680472123623e+07,-1.645546440000000033e-09,6.589999999999999858e+00,6.307000000000000000e+07,6.970000000000000000e+07
6.094303681773012877e+07,-1.640876550000000166e-09,6.594999999999999751e+00,6.307000000000000000e+07,6.970000000000000000e+07
6.109967040149400383e+07,-1.636670040000000070e-09,6.600000000000000533e+00,6.307000000000000000e+07,6.970000000000000000e+07
6.113317155947431177e+07,-1.635773140000000161e-09,6.605000000000000426e+00,6.307000000000000000e+07,6.970000000000000000e+07
6.116042799211262912e+07,-1.635044150000000053e-09,6.610000000000000320e+00,6.307000000000000000e+07,6.970000000000000000e+07
6.120283535844232887e+07,-1.633911230000000099e-09,6.615000000000000213e+00,6.307000000000000000e+07,6.970000000000000000e+07
6.121293004638996720e+07,-1.633641780000000232e-09,6.620000000000000107e+00,6.307000000000000000e+07,6.970000000000000000e+07
6.123196184474804997e+07,-1.633134020000000046e-09,6.625000000000000000e+00,6.307000000000000000e+07,6.970000000000000000e+07
6.134150472514531016e+07,-1.630217589999999998e-09,6.629999999999999893e+00,6.307000000000000000e+07,6.970000000000000000e+07
6.144437941717499495e+07,-1.627488160000000004e-09,6.634999999999999787e+00,6.307000000000000000e+07,6.970000000000000000e+07
6.151056451019176841e+07,-1.625736990000000253e-09,6.639999999999999680e+00,6.307000000000000000e+07,6.970000000000000000e+07
6.151754670828927308e+07,-1.625552470000000080e-09,6.645000000000000462e+00,6.307000000000000000e+07,6.970000000000000000e+07
6.152490447843286395e+07,-1.625358070000000150e-09,6.650000000000000355e+00,6.307000000000000000e+07,6.970000000000000000e+07
6.151731245429186523e+07,-1.625558660000000151e-09,6.655000000000000249e+00,6.307000000000000000e+07,6.970000000000000000e+07
6.153943973152508587e+07,-1.624974170000000196e-09,6.660000000000000142e+00,6.307000000000000000e+07,6.970000000000000000e+07
6.160735562254602462e+07,-1.623182800000000037e-09,6.665000000000000036e+00,6.307000000000000000e+07,6.970000000000000000e+07
6.165578890024642646e+07,-1.621907720000000221e-09,6.669999999999999929e+00,6.307000000000000000e+07,6.970000000000000000e+07
6.169863308837844431e+07,-1.620781450000000112e-09,6.674999999999999822e+00,6.307000000000000000e+07,6.970000000000000000e+07
6.178662323314199597e+07,-1.618473300000000117e-09,6.679999999999999716e+00,6.307000000000000000e+07,6.970000000000000000e+07
6.185172396310393512e+07,-1.616769810000000179e-09,6.685000000000000497e+00,6.307000000000000000e+07,6.970000000000000000e+07
6.185888408663938195e+07,-1.616582670000000122e-09,6.690000000000000391e+00,6.307000000000000000e+07,6.970000000000000000e+07
6.179236885377645493e+07,-1.618322810000000163e-09,6.695000000000000284e+00,6.307000000000000000e+07,6.970000000000000000e+07
6.165706468866857141e+07,-1.621874160000000028e-09,6.700000000000000178e+00,6.307000000000000000e+07,6.970000000000000000e+07
6.150770238814233989e+07,-1.625812639999999966e-09,6.705000000000000071e+00,6.307000000000000000e+07,6.970000000000000000e+07
6.143115548624756187e+07,-1.627838499999999972e-09,6.709999999999999964e+00,6.307000000000000000e+07,6.970000000000000000e+07
6.141435616339554638e+07,-1.628283780000000177e-09,6.714999999999999858e+00,6.307000000000000000e+07,6.970000000000000000e+07
6.138068522561198473e+07,-1.629176989999999984e-09,6.719999999999999751e+00,6.307000000000000000e+07,6.970000000000000000e+07
6.135531309708306193e+07,-1.629850700000000132e-09,6.725000000000000533e+00,6.307000000000000000e+07,6.970000000000000000e+07
6.139274463122443855e+07,-1.628856970000000045e-09,6.730000000000000426e+00,6.307000000000000000e+07,6.970000000000000000e+07
6.143045545676138997e+07,-1.627857050000000095e-09,6.735000000000000320e+00,6.307000000000000000e+07,6.970000000000000000e+07
6.145537160692755133e+07,-1.627197060000000268e-09,6.740000000000000213e+00,6.307000000000000000e+07,6.970000000000000000e+07
6.152523796639253199e+07,-1.625349259999999988e-09,6.745000000000000107e+00,6.307000000000000000e+07,6.970000000000000000e+07
6.160430839341021329e+07,-1.623263090000000154e-09,6.750000000000000000e+00,6.307000000000000000e+07,6.970000000000000000e+07
6.164846364260896295e+07,-1.622100440000000112e-09,6.754999999999999893e+00,6.307000000000000000e+07,6.970000000000000000e+07
6.169162761329589784e+07,-1.620965500000000259e-09,6.759999999999999787e+00,6.307000000000000000e+07,6.970000000000000000e+07
6.176479511431577057e+07,-1.619045279999999972e-09,6.764999999999999680e+00,6.307000000000000000e+07,6.970000000000000000e+07
6.181910352977561206e+07,-1.617622940000000114e-09,6.770000000000000462e+00,6.307000000000000000e+07,6.970000000000000000e+07
6.187783538164231926e+07,-1.616087560000000039e-09,6.775000000000000355e+00,6.307000000000000000e+07,6.970000000000000000e+07
6.197802648402882367e+07,-1.613475060000000220e-09,6.780000000000000249e+00,6.307000000000000000e+07,6.970000000000000000e+07
6.205949857613168657e+07,-1.611356880000000067e-09,6.785000000000000142e+00,6.307000000000000000e+07,6.970000000000000000e+07
6.211888047962136567e+07,-1.609816520000000141e-09,6.790000000000000036e+00,6.307000000000000000e+07,6.970000000000000000e+07
6.221360937014101446e+07,-1.607365350000000175e-09,6.794999999999999929e+00,6.307000000000000000e+07,6.970000000000000000e+07
6.230946854933313280e+07,-1.604892520000000087e-09,6.799999999999999822e+00,6.307000000000000000e+07,6.970000000000000000e+07
6.231982947798979282e+07,-1.604625699999999942e-09,6.804999999999999716e+00,6.307000000000000000e+07,6.970000000000000000e+07
6.227517455404482782e+07,-1.605776310000000117e-09,6.810000000000000497e+00,6.307000000000000000e+07,6.970000000000000000e+07
6.226873392221289873e+07,-1.605942400000000081e-09,6.815000000000000391e+00,6.307000000000000000e+07,6.970000000000000000e+07
6.225984161083842069e+07,-1.606171770000000075e-09,6.820000000000000284e+00,6.307000000000000000e+07,6.970000000000000000e+07
6.227203220928703249e+07,-1.605857340000000222e-09,6.825000000000000178e+00,6.307000000000000000e+07,6.970000000000000000e+07
6.237362518784207106e+07,-1.603241750000000080e-09,6.830000000000000071e+00,6.307000000000000000e+07,6.970000000000000000e+07
6.247608805824680626e+07,-1.600612380000000177e-09,6.834999999999999964e+00,6.307000000000000000e+07,6.970000000000000000e+07
6.253183652126888931e+07,-1.599185400000000122e-09,6.839999999999999858e+00,6.307000000000000000e+07,6.970000000000000000e+07
6.258187978468979150e+07,-1.597906620000000160e-09,6.844999999999999751e+00,6.307000000000000000e+07,6.970000000000000000e+07
6.260304030037539452e+07,-1.597366510000000207e-09,6.850000000000000533e+00,6.307000000000000000e+07,6.970000000000000000e+07
6.258757409836778045e+07,-1.597761240000000221e-09,6.855000000000000426e+00,6.307000000000000000e+07,6.970000000000000000e+07
6.260815049306454509e+07,-1.597236130000000087e-09,6.860000000000000320e+00,6.307000000000000000e+07,6.970000000000000000e+07
6.258623600994219631e+07,-1.597795400000000192e-09,6.865000000000000213e+00,6.307000000000000000e+07,6.970000000000000000e+07
6.247896216195953637e+07,-1.600538749999999950e-09,6.870000000000000107e+00,6.307000000000000000e+07,6.970000000000000000e+07
6.241419608393360674e+07,-1.602199600000000192e-09,6.875000000000000000e+00,6.307000000000000000e+07,6.970000000000000000e+07
6.242649709149643034e+07,-1.601883890000000221e-09,6.879999999999999893e+00,6.307000000000000000e+07,6.970000000000000000e+07
6.244662920776472241e+07,-1.601367460000000082e-09,6.884999999999999787e+00,6.307000000000000000e+07,6.970000000000000000e+07
6.245330600509896129e+07,-1.601196260000000103e-09,6.889999999999999680e+00,6.307000000000000000e+07,6.970000000000000000e+07
6.245776527839668095e+07,-1.601081940000000181e-09,6.895000000000000462e+00,6.307000000000000000e+07,6.970000000000000000e+07
6.237895714248135686e+07,-1.603104710000000070e-09,6.900000000000000355e+00,6.307000000000000000e+07,6.970000000000000000e+07
6.222971147119600326e+07,-1.606949440000000109e-09,6.905000000000000249e+00,6.307000000000000000e+07,6.970000000000000000e+07
6.212023994886908680e+07,-1.609781289999999954e-09,6.910000000000000142e+00,6.307000000000000000e+07,6.970000000000000000e+07
6.203116842901351303e+07,-1.612092800000000234e-09,6.915000000000000036e+00,6.307000000000000000e+07,6.970000000000000000e+07
6.192835598911020160e+07,-1.614769170000000023e-09,6.919999999999999929e+00,6.307000000000000000e+07,6.970000000000000000e+07
6.177978020323409140e+07,-1.618652570000000270e-09,6.924999999999999822e+00,6.307000000000000000e+07,6.970000000000000000e+07
6.171122486574322730e+07,-1.620450739999999908e-09,6.929999999999999716e+00,6.307000000000000000e+07,6.970000000000000000e+07
6.166605638853961974e+07,-1.621637669999999956e-09,6.935000000000000497e+00,6.307000000000000000e+07,6.970000000000000000e+07
6.163822518697155267e+07,-1.622369879999999933e-09,6.940000000000000391e+00,6.307000000000000000e+07,6.970000000000000000e+07
6.168707766636255383e+07,-1.621085060000000155e-09,6.945000000000000284e+00,6.307000000000000000e+07,6.970000000000000000e+07
6.177208928216569871e+07,-1.618854100000000116e-09,6.950000000000000178e+00,6.307000000000000000e+07,6.970000000000000000e+07
6.176184024195719510e+07,-1.619122740000000096e-09,6.955000000000000071e+00,6.307000000000000000e+07,6.970000000000000000e+07
6.167815135432236642e+07,-1.621319670000000123e-09,6.959999999999999964e+00,6.307000000000000000e+07,6.970000000000000000e+07
6.162471300369752198e+07,-1.622725610000000130e-09,6.964999999999999858e+00,6.307000000000000000e+07,6.970000000000000000e+07
6.155917951709409058e+07,-1.624453100000000068e-09,6.969999999999999751e+00,6.307000000000000000e+07,6.970000000000000000e+07
6.151332019277585298e+07,-1.625664160000000074e-09,6.975000000000000533e+00,6.307000000000000000e+07,6.970000000000000000e+07
6.153975027550884336e+07,-1.624965970000000270e-09,6.980000000000000426e+00,6.307000000000000000e+07,6.970000000000000000e+07
6.156048655463261157e+07,-1.624418610000000075e-09,6.985000000000000320e+00,6.307000000000000000e+07,6.970000000000000000e+07
6.155926099215245992e+07,-1.624450950000000003e-09,6.990000000000000213e+00,6.307000000000000000e+07,6.970000000000000000e+07
6.156414382612817734e+07,-1.624322110000000126e-09,6.995000000000000107e+00,6.307000000000000000e+07,6.970000000000000000e+07
6.149949924032744020e+07,-1.626029500000000066e-09,7.000000000000000000e+00,6.307000000000000000e+07,6.970000000000000000e+07
6.142858753163687140e+07,-1.627906550000000158e-09,7.004999999999999893e+00,6.307000000000000000e+07,6.970000000000000000e+07
6.135723943913518637e+07,-1.629799530000000281e-09,7.009999999999999787e+00,6.307000000000000000e+07,6.970000000000000000e+07
6.130611212803306431e+07,-1.631158729999999906e-09,7.015000000000000568e+00,6.307000000000000000e+07,6.970000000000000000e+07
6.116146939231450111e+07,-1.635016310000000111e-09,7.020000000000000462e+00,6.307000000000000000e+07,6.970000000000000000e+07
6.102662429287077487e+07,-1.638629060000000110e-09,7.025000000000000355e+00,6.307000000000000000e+07,6.970000000000000000e+07
6.095509687928800285e+07,-1.640551900000000074e-09,7.030000000000000249e+00,6.307000000000000000e+07,6.970000000000000000e+07
6.088803716537594050e+07,-1.642358740000000077e-09,7.035000000000000142e+00,6.307000000000000000e+07,6.970000000000000000e+07
6.085459742060972750e+07,-1.643261220000000234e-09,7.040000000000000036e+00,6.307000000000000000e+07,6.970000000000000000e+07
6.082453015346582234e+07,-1.644073530000000102e-09,7.044999999999999929e+00,6.307000000000000000e+07,6.970000000000000000e+07
6.073755778677538037e+07,-1.646427740000000138e-09,7.049999999999999822e+00,6.307000000000000000e+07,6.970000000000000000e+07
6.060957302264995128e+07,-1.649904380000000134e-09,7.054999999999999716e+00,6.307000000000000000e+07,6.970000000000000000e+07
6.057581381728013605e+07,-1.650823880000000009e-09,7.060000000000000497e+00,6.307000000000000000e+07,6.970000000000000000e+07
6.062095535849205405e+07,-1.649594590000000065e-09,7.065000000000000391e+00,6.307000000000000000e+07,6.970000000000000000e+07
6.067239870366866887e+07,-1.648195920000000184e-09,7.070000000000000284e+00,6.307000000000000000e+07,6.970000000000000000e+07
6.073824248234573007e+07,-1.646409180000000177e-09,7.075000000000000178e+00,6.307000000000000000e+07,6.970000000000000000e+07
6.081319070215693861e+07,-1.644380090000000258e-09,7.080000000000000071e+00,6.307000000000000000e+07,6.970000000000000000e+07
6.086534439100013673e+07,-1.642971070000000180e-09,7.084999999999999964e+00,6.307000000000000000e+07,6.970000000000000000e+07
6.090932444097802788e+07,-1.641784750000000161e-09,7.089999999999999858e+00,6.307000000000000000e+07,6.970000000000000000e+07
6.093775254889821261e+07,-1.641018840000000194e-09,7.094999999999999751e+00,6.307000000000000000e+07,6.970000000000000000e+07
6.087117189874070883e+07,-1.642813780000000126e-09,7.100000000000000533e+00,6.307000000000000000e+07,6.970000000000000000e+07
6.071221093952564895e+07,-1.647115110000000132e-09,7.105000000000000426e+00,6.307000000000000000e+07,6.970000000000000000e+07
6.054826013605727255e+07,-1.651575119999999973e-09,7.110000000000000320e+00,6.307000000000000000e+07,6.970000000000000000e+07
6.040707129284235090e+07,-1.655435330000000107e-09,7.115000000000000213e+00,6.307000000000000000e+07,6.970000000000000000e+07
6.024040100685565174e+07,-1.660015510000000080e-09,7.120000000000000107e+00,6.307000000000000000e+07,6.970000000000000000e+07
6.005270766098697484e+07,-1.665203849999999985e-09,7.125000000000000000e+00,6.307000000000000000e+07,6.970000000000000000e+07
5.987302069897141308e+07,-1.670201350000000101e-09,7.129999999999999893e+00,6.307000000000000000e+07,6.970000000000000000e+07
5.968396968013754487e+07,-1.675491770000000204e-09,7.134999999999999787e+00,6.307000000000000000e+07,6.970000000000000000e+07
5.955389203801267594e+07,-1.679151380000000085e-09,7.140000000000000568e+00,6.307000000000000000e+07,6.970000000000000000e+07
5.946311290525857359e+07,-1.681714850000000281e-09,7.145000000000000462e+00,6.307000000000000000e+07,6.970000000000000000e+07
5.939167189189646393e+07,-1.683737750000000129e-09,7.150000000000000355e+00,6.307000000000000000e+07,6.970000000000000000e+07
5.933636946459762007e+07,-1.685307020000000006e-09,7.155000000000000249e+00,6.307000000000000000e+07,6.970000000000000000e+07
5.931400212895748019e+07,-1.685942550000000059e-09,7.160000000000000142e+00,6.307000000000000000e+07,6.970000000000000000e+07
5.932904040658286959e+07,-1.685515209999999948e-09,7.165000000000000036e+00,6.307000000000000000e+07,6.970000000000000000e+07
5.927982751514571905e+07,-1.686914490000000066e-09,7.169999999999999929e+00,6.307000000000000000e+07,6.970000000000000000e+07
5.921860353851408511e+07,-1.688658530000000109e-09,7.174999999999999822e+00,6.307000000000000000e+07,6.970000000000000000e+07
5.923827714925340563e+07,-1.688097710000000130e-09,7.179999999999999716e+00,6.307000000000000000e+07,6.970000000000000000e+07
5.926337380555558950e+07,-1.687382840000000056e-09,7.185000000000000497e+00,6.307000000000000000e+07,6.970000000000000000e+07
5.928962854887631536e+07,-1.686635630000000260e-09,7.190000000000000391e+00,6.307000000000000000e+07,6.970000000000000000e+07
5.937099106659539789e+07,-1.684324250000000146e-09,7.195000000000000284e+00,6.307000000000000000e+07,6.970000000000000000e+07
5.946730708674752712e+07,-1.681596240000000067e-09,7.200000000000000178e+00,6.307000000000000000e+07,6.970000000000000000e+07
5.953858005321105570e+07,-1.679583220000000183e-09,7.205000000000000071e+00,6.307000000000000000e+07,6.970000000000000000e+07
5.961925782633026689e+07,-1.677310380000000112e-09,7.209999999999999964e+00,6.307000000000000000e+07,6.970000000000000000e+07
5.969385457497760653e+07,-1.675214320000000062e-09,7.214999999999999858e+00,6.307000000000000000e+07,6.970000000000000000e+07
5.964119582243721187e+07,-1.676693410000000019e-09,7.219999999999999751e+00,6.307000000000000000e+07,6.970000000000000000e+07
5.951038001471953094e+07,-1.680379120000000156e-09,7.225000000000000533e+00,6.307000000000000000e+07,6.970000000000000000e+07
5.940279824484690279e+07,-1.683422380000000225e-09,7.230000000000000426e+00,6.307000000000000000e+07,6.970000000000000000e+07
5.934368342955406755e+07,-1.685099310000000134e-09,7.235000000000000320e+00,6.307000000000000000e+07,6.970000000000000000e+07
5.931318628099761903e+07,-1.685965740000000173e-09,7.240000000000000213e+00,6.307000000000000000e+07,6.970000000000000000e+07
5.926305947002385557e+07,-1.687391790000000014e-09,7.245000000000000107e+00,6.307000000000000000e+07,6.970000000000000000e+07
5.921743157477597147e+07,-1.688691950000000091e-09,7.250000000000000000e+00,6.307000000000000000e+07,6.970000000000000000e+07
5.915559516955996305e+07,-1.690457169999999979e-09,7.254999999999999893e+00,6.307000000000000000e+07,6.970000000000000000e+07
5.913929742857662588e+07,-1.690923030000000044e-09,7.259999999999999787e+00,6.307000000000000000e+07,6.970000000000000000e+07
5.919835178528199345e+07,-1.689236219999999964e-09,7.265000000000000568e+00,6.307000000000000000e+07,6.970000000000000000e+07
5.924996465147108585e+07,-1.687764720000000110e-09,7.270000000000000462e+00,6.307000000000000000e+07,6.970000000000000000e+07
5.925962131359747052e+07,-1.687489690000000202e-09,7.275000000000000355e+00,6.307000000000000000e+07,6.970000000000000000e+07
5.930131979653408378e+07,-1.686303110000000266e-09,7.280000000000000249e+00,6.307000000000000000e+07,6.970000000000000000e+07
5.926353676964654773e+07,-1.687378200000000066e-09,7.285000000000000142e+00,6.307000000000000000e+07,6.970000000000000000e+07
5.916742930524669588e+07,-1.690119060000000105e-09,7.290000000000000036e+00,6.307000000000000000e+07,6.970000000000000000e+07
5.913645168516416103e+07,-1.691004400000000009e-09,7.294999999999999929e+00,6.307000000000000000e+07,6.970000000000000000e+07
5.913656009608035535e+07,-1.691001300000000055e-09,7.299999999999999822e+00,6.307000000000000000e+07,6.970000000000000000e+07
5.908539798098341376e+07,-1.692465540000000035e-09,7.304999999999999716e+00,6.307000000000000000e+07,6.970000000000000000e+07
5.908892418651125580e+07,-1.692364540000000099e-09,7.310000000000000497e+00,6.307000000000000000e+07,6.970000000000000000e+07
5.911310014870491624e+07,-1.691672400000000156e-09,7.315000000000000391e+00,6.307000000000000000e+07,6.970000000000000000e+07
5.903713200635413826e+07,-1.693849220000000142e-09,7.320000000000000284e+00,6.307000000000000000e+07,6.970000000000000000e+07
5.891852131762835383e+07,-1.697259160000000176e-09,7.325000000000000178e+00,6.307000000000000000e+07,6.970000000000000000e+07
5.884346453913647681e+07,-1.699424070000000253e-09,7.330000000000000071e+00,6.307000000000000000e+07,6.970000000000000000e+07
5.880440656465815008e+07,-1.700552830000000081e-09,7.334999999999999964e+00,6.307000000000000000e+07,6.970000000000000000e+07
5.871374713811582327e+07,-1.703178640000000048e-09,7.339999999999999858e+00,6.307000000000000000e+07,6.970000000000000000e+07
5.861517109744996578e+07,-1.706042960000000193e-09,7.344999999999999751e+00,6.307000000000000000e+07,6.970000000000000000e+07
5.849075452143330127e+07,-1.709671909999999979e-09,7.350000000000000533e+00,6.307000000000000000e+07,6.970000000000000000e+07
5.834582707114864886e+07,-1.713918630000000113e-09,7.355000000000000426e+00,6.307000000000000000e+07,6.970000000000000000e+07
5.826323722105426341e+07,-1.716348160000000047e-09,7.360000000000000320e+00,6.307000000000000000e+07,6.970000000000000000e+07
5.826731680328788608e+07,-1.716227990000000122e-09,7.365000000000000213e+00,6.307000000000000000e+07,6.970000000000000000e+07
5.828254839766790718e+07,-1.715779470000000166e-09,7.370000000000000107e+00,6.307000000000000000e+07,6.970000000000000000e+07
5.834104076822922379e+07,-1.714059240000000103e-09,7.375000000000000000e+00,6.307000000000000000e+07,6.970000000000000000e+07
5.845630142444678396e+07,-1.710679560000000036e-09,7.379999999999999893e+00,6.307000000000000000e+07,6.970000000000000000e+07
5.853667217145531625e+07,-1.708330800000000083e-09,7.384999999999999787e+00,6.307000000000000000e+07,6.970000000000000000e+07
5.859891563175415248e+07,-1.706516219999999929e-09,7.390000000000000568e+00,6.307000000000000000e+07,6.970000000000000000e+07
5.863197426820890605e+07,-1.705554030000000136e-09,7.395000000000000462e+00,6.307000000000000000e+07,6.970000000000000000e+07
5.857810918720553815e+07,-1.707122360000000168e-09,7.400000000000000355e+00,6.307000000000000000e+07,6.970000000000000000e+07
5.845664382379778475e+07,-1.710669540000000068e-09,7.405000000000000249e+00,6.307000000000000000e+07,6.970000000000000000e+07
5.835947103278924525e+07,-1.713517930000000181e-09,7.410000000000000142e+00,6.307000000000000000e+07,6.970000000000000000e+07
5.833555047315498441e+07,-1.714220560000000117e-09,7.415000000000000036e+00,6.307000000000000000e+07,6.970000000000000000e+07
5.833365572400396317e+07,-1.714276240000000206e-09,7.419999999999999929e+00,6.307000000000000000e+07,6.970000000000000000e+07
5.837392588036140054e+07,-1.713093620000000126e-09,7.424999999999999822e+00,6.307000000000000000e+07,6.970000000000000000e+07
5.842801744499339163e+07,-1.711507670000000185e-09,7.429999999999999716e+00,6.307000000000000000e+07,6.970000000000000000e+07
5.845636327473130822e+07,-1.710677750000000245e-09,7.435000000000000497e+00,6.307000000000000000e+07,6.970000000000000000e+07
5.842409896864756197e+07,-1.711622460000000132e-09,7.440000000000000391e+00,6.307000000000000000e+07,6.970000000000000000e+07
5.847522756628885865e+07,-1.710125880000000225e-09,7.445000000000000284e+00,6.307000000000000000e+07,6.970000000000000000e+07
5.854914024363972247e+07,-1.707967009999999964e-09,7.450000000000000178e+00,6.307000000000000000e+07,6.970000000000000000e+07
5.858967630100265890e+07,-1.706785330000000142e-09,7.455000000000000071e+00,6.307000000000000000e+07,6.970000000000000000e+07
5.867090980944639444e+07,-1.704422179999999985e-09,7.459999999999999964e+00,6.307000000000000000e+07,6.970000000000000000e+07
5.875202301575250924e+07,-1.702069050000000004e-09,7.464999999999999858e+00,6.307000000000000000e+07,6.970000000000000000e+07
5.876855177727442235e+07,-1.701590340000000185e-09,7.469999999999999751e+00,6.307000000000000000e+07,6.970000000000000000e+07
5.881729374067595601e+07,-1.700180230000000007e-09,7.475000000000000533e+00,6.307000000000000000e+07,6.970000000000000000e+07
5.891800547327060252e+07,-1.697274020000000198e-09,7.480000000000000426e+00,6.307000000000000000e+07,6.970000000000000000e+07
5.900969075434571505e+07,-1.694636910000000144e-09,7.485000000000000320e+00,6.307000000000000000e+07,6.970000000000000000e+07
5.908948073700654507e+07,-1.692348600000000229e-09,7.490000000000000213e+00,6.307000000000000000e+07,6.970000000000000000e+07
5.919398311630145460e+07,-1.689360890000000083e-09,7.495000000000000107e+00,6.307000000000000000e+07,6.970000000000000000e+07
5.930492176468034089e+07,-1.686200690000000001e-09,7.500000000000000000e+00,6.307000000000000000e+07,6.970000000000000000e+07
5.939509222748161107e+07,-1.683640790000000199e-09,7.504999999999999893e+00,6.307000000000000000e+07,6.970000000000000000e+07
5.952630183337556571e+07,-1.679929660000000148e-09,7.509999999999999787e+00,6.307000000000000000e+07,6.970000000000000000e+07
5.969065342737524211e+07,-1.675304160000000121e-09,7.515000000000000568e+00,6.307000000000000000e+07,6.970000000000000000e+07
5.975659168240232766e+07,-1.673455549999999956e-09,7.520000000000000462e+00,6.307000000000000000e+07,6.970000000000000000e+07
5.977817633880548924e+07,-1.672851300000000071e-09,7.525000000000000355e+00,6.307000000000000000e+07,6.970000000000000000e+07
5.981251921365030855e+07,-1.671890790000000110e-09,7.530000000000000249e+00,6.307000000000000000e+07,6.970000000000000000e+07
5.983437808246147633e+07,-1.671280010000000088e-09,7.535000000000000142e+00,6.307000000000000000e+07,6.970000000000000000e+07
5.986341360017377883e+07,-1.670469390000000097e-09,7.540000000000000036e+00,6.307000000000000000e+07,6.970000000000000000e+07
5.993032835635129362e+07,-1.668604240000000077e-09,7.544999999999999929e+00,6.307000000000000000e+07,6.970000000000000000e+07
6.000514904183927923e+07,-1.666523650000000078e-09,7.549999999999999822e+00,6.307000000000000000e+07,6.970000000000000000e+07
6.008912948469509184e+07,-1.664194520000000096e-09,7.554999999999999716e+00,6.307000000000000000e+07,6.970000000000000000e+07
6.020893596582777053e+07,-1.660883030000000012e-09,7.560000000000000497e+00,6.307000000000000000e+07,6.970000000000000000e+07
6.032331390033862740e+07,-1.657733860000000054e-09,7.565000000000000391e+00,6.307000000000000000e+07,6.970000000000000000e+07
6.038252413575534523e+07,-1.656108310000000104e-09,7.570000000000000284e+00,6.307000000000000000e+07,6.970000000000000000e+07
6.044680160105443001e+07,-1.654347250000000137e-09,7.575000000000000178e+00,6.307000000000000000e+07,6.970000000000000000e+07
6.054740961470583081e+07,-1.651598320000000130e-09,7.580000000000000071e+00,6.307000000000000000e+07,6.970000000000000000e+07
6.062856740006296337e+07,-1.649387479999999971e-09,7.584999999999999964e+00,6.307000000000000000e+07,6.970000000000000000e+07
6.069378593288349360e+07,-1.647615129999999961e-09,7.589999999999999858e+00,6.307000000000000000e+07,6.970000000000000000e+07
6.077974111063768715e+07,-1.645285060000000134e-09,7.594999999999999751e+00,6.307000000000000000e+07,6.970000000000000000e+07
6.085770759580384940e+07,-1.643177240000000016e-09,7.600000000000000533e+00,6.307000000000000000e+07,6.970000000000000000e+07
6.090038478385616094e+07,-1.642025750000000057e-09,7.605000000000000426e+00,6.307000000000000000e+07,6.970000000000000000e+07
6.097258863868732750e+07,-1.640081260000000222e-09,7.610000000000000320e+00,6.307000000000000000e+07,6.970000000000000000e+07
6.105639033887639642e+07,-1.637830200000000187e-09,7.615000000000000213e+00,6.307000000000000000e+07,6.970000000000000000e+07
6.110249952850256115e+07,-1.636594260000000191e-09,7.620000000000000107e+00,6.307000000000000000e+07,6.970000000000000000e+07
6.116288042646478862e+07,-1.634978590000000206e-09,7.625000000000000000e+00,6.307000000000000000e+07,6.970000000000000000e+07
6.124794275816268474e+07,-1.632707899999999992e-09,7.629999999999999893e+00,6.307000000000000000e+07,6.970000000000000000e+07
6.130820978482461721e+07,-1.631102920000000065e-09,7.634999999999999787e+00,6.307000000000000000e+07,6.970000000000000000e+07
6.136742542558355629e+07,-1.629529009999999991e-09,7.640000000000000568e+00,6.307000000000000000e+07,6.970000000000000000e+07
6.146705648828022927e+07,-1.626887730000000180e-09,7.645000000000000462e+00,6.307000000000000000e+07,6.970000000000000000e+07
6.151854694373275340e+07,-1.625526040000000010e-09,7.650000000000000355e+00,6.307000000000000000e+07,6.970000000000000000e+07
6.147928933040089905e+07,-1.626564020000000140e-09,7.655000000000000249e+00,6.307000000000000000e+07,6.970000000000000000e+07
6.143477438364778459e+07,-1.627742610000000259e-09,7.660000000000000142e+00,6.307000000000000000e+07,6.970000000000000000e+07
6.138932816022654623e+07,-1.628947619999999991e-09,7.665000000000000036e+00,6.307000000000000000e+07,6.970000000000000000e+07
6.135263479043488950e+07,-1.629921850000000065e-09,7.669999999999999929e+00,6.307000000000000000e+07,6.970000000000000000e+07
6.138194437952450663e+07,-1.629143570000000209e-09,7.674999999999999822e+00,6.307000000000000000e+07,6.970000000000000000e+07
6.137332650051814318e+07,-1.629372330000000173e-09,7.679999999999999716e+00,6.307000000000000000e+07,6.970000000000000000e+07
6.123109200717369467e+07,-1.633157219999999996e-09,7.685000000000000497e+00,6.307000000000000000e+07,6.970000000000000000e+07
6.100993491271013021e+07,-1.639077310000000104e-09,7.690000000000000391e+00,6.307000000000000000e+07,6.970000000000000000e+07
6.079122736874066293e+07,-1.644974190000000009e-09,7.695000000000000284e+00,6.307000000000000000e+07,6.970000000000000000e+07
6.059040257717641443e+07,-1.650426400000000152e-09,7.700000000000000178e+00,6.307000000000000000e+07,6.970000000000000000e+07
6.044918727155797929e+07,-1.654281960000000252e-09,7.705000000000000071e+00,6.307000000000000000e+07,6.970000000000000000e+07
6.032261669473538548e+07,-1.657753020000000000e-09,7.709999999999999964e+00,6.307000000000000000e+07,6.970000000000000000e+07
6.016066495149814337e+07,-1.662215670000000020e-09,7.714999999999999858e+00,6.307000000000000000e+07,6.970000000000000000e+07
5.999631802596274763e+07,-1.666768950000000104e-09,7.719999999999999751e+00,6.307000000000000000e+07,6.970000000000000000e+07
5.990139403901939839e+07,-1.669410230000000122e-09,7.725000000000000533e+00,6.307000000000000000e+07,6.970000000000000000e+07
5.988219913903170079e+07,-1.669945350000000180e-09,7.730000000000000426e+00,6.307000000000000000e+07,6.970000000000000000e+07
5.987575421745353192e+07,-1.670125099999999990e-09,7.735000000000000320e+00,6.307000000000000000e+07,6.970000000000000000e+07
5.985023054368655384e+07,-1.670837340000000136e-09,7.740000000000000213e+00,6.307000000000000000e+07,6.970000000000000000e+07
5.978803956172186136e+07,-1.672575330000000112e-09,7.745000000000000107e+00,6.307000000000000000e+07,6.970000000000000000e+07
5.967949556598654389e+07,-1.675617380000000168e-09,7.750000000000000000e+00,6.307000000000000000e+07,6.970000000000000000e+07
5.960015483881826699e+07,-1.677847990000000095e-09,7.754999999999999893e+00,6.307000000000000000e+07,6.970000000000000000e+07
5.960218746465031058e+07,-1.677790770000000177e-09,7.759999999999999787e+00,6.307000000000000000e+07,6.970000000000000000e+07
5.962321135433910042e+07,-1.677199160000000144e-09,7.765000000000000568e+00,6.307000000000000000e+07,6.970000000000000000e+07
5.953598675938706100e+07,-1.679656379999999971e-09,7.770000000000000462e+00,6.307000000000000000e+07,6.970000000000000000e+07
5.944715348095214367e+07,-1.682166330000000188e-09,7.775000000000000355e+00,6.307000000000000000e+07,6.970000000000000000e+07
5.941737355565500259e+07,-1.683009430000000110e-09,7.780000000000000249e+00,6.307000000000000000e+07,6.970000000000000000e+07
5.931074238953763992e+07,-1.686035210000000066e-09,7.785000000000000142e+00,6.307000000000000000e+07,6.970000000000000000e+07
5.917114422111380845e+07,-1.690012950000000153e-09,7.790000000000000036e+00,6.307000000000000000e+07,6.970000000000000000e+07
5.906600892885499448e+07,-1.693021110000000201e-09,7.794999999999999929e+00,6.307000000000000000e+07,6.970000000000000000e+07
5.900753643075142801e+07,-1.694698780000000097e-09,7.799999999999999822e+00,6.307000000000000000e+07,6.970000000000000000e+07
5.896158101705956459e+07,-1.696019649999999994e-09,7.804999999999999716e+00,6.307000000000000000e+07,6.970000000000000000e+07
5.897001891705133766e+07,-1.695776970000000058e-09,7.810000000000000497e+00,6.307000000000000000e+07,6.970000000000000000e+07
5.901636956518031657e+07,-1.694445130000000098e-09,7.815000000000000391e+00,6.307000000000000000e+07,6.970000000000000000e+07
5.900441334130381048e+07,-1.694788479999999946e-09,7.820000000000000284e+00,6.307000000000000000e+07,6.970000000000000000e+07
5.903409256036839634e+07,-1.693936430000000066e-09,7.825000000000000178e+00,6.307000000000000000e+07,6.970000000000000000e+07
5.911059794442540407e+07,-1.691744010000000277e-09,7.830000000000000071e+00,6.307000000000000000e+07,6.970000000000000000e+07
5.915840985838458687e+07,-1.690376740000000066e-09,7.834999999999999964e+00,6.307000000000000000e+07,6.970000000000000000e+07
5.921591321078896523e+07,-1.688735250000000039e-09,7.839999999999999858e+00,6.307000000000000000e+07,6.970000000000000000e+07
5.934579122556572407e+07,-1.685039460000000081e-09,7.844999999999999751e+00,6.307000000000000000e+07,6.970000000000000000e+07
5.945535305498310924e+07,-1.681934340000000103e-09,7.850000000000000533e+00,6.307000000000000000e+07,6.970000000000000000e+07
5.947328625911708921e+07,-1.681427180000000108e-09,7.855000000000000426e+00,6.307000000000000000e+07,6.970000000000000000e+07
5.949882993170986325e+07,-1.680705320000000121e-09,7.860000000000000320e+00,6.307000000000000000e+07,6.970000000000000000e+07
5.955573565210017562e+07,-1.679099399999999935e-09,7.865000000000000213e+00,6.307000000000000000e+07,6.970000000000000000e+07
5.954652581452054530e+07,-1.679359100000000209e-09,7.870000000000000107e+00,6.307000000000000000e+07,6.970000000000000000e+07
5.957841171961694211e+07,-1.678460319999999991e-09,7.875000000000000000e+00,6.307000000000000000e+07,6.970000000000000000e+07
5.960319317193447798e+07,-1.677762460000000210e-09,7.879999999999999893e+00,6.307000000000000000e+07,6.970000000000000000e+07
5.956462370034085959e+07,-1.678848850000000097e-09,7.884999999999999787e+00,6.307000000000000000e+07,6.970000000000000000e+07
5.950587700273277611e+07,-1.680506279999999993e-09,7.890000000000000568e+00,6.307000000000000000e+07,6.970000000000000000e+07
5.940735448909624666e+07,-1.683293270000000179e-09,7.895000000000000462e+00,6.307000000000000000e+07,6.970000000000000000e+07
5.923594328992471844e+07,-1.688164220000000073e-09,7.900000000000000355e+00,6.307000000000000000e+07,6.970000000000000000e+07
5.902674669528724253e+07,-1.694147240000000099e-09,7.905000000000000249e+00,6.307000000000000000e+07,6.970000000000000000e+07
5.890207394143445045e+07,-1.697733090000000208e-09,7.910000000000000142e+00,6.307000000000000000e+07,6.970000000000000000e+07
5.881864746402519196e+07,-1.700141100000000024e-09,7.915000000000000036e+00,6.307000000000000000e+07,6.970000000000000000e+07
5.876563972575110197e+07,-1.701674660000000056e-09,7.919999999999999929e+00,6.307000000000000000e+07,6.970000000000000000e+07
5.878336343110121787e+07,-1.701161589999999997e-09,7.924999999999999822e+00,6.307000000000000000e+07,6.970000000000000000e+07
5.886279851591344923e+07,-1.698865880000000204e-09,7.929999999999999716e+00,6.307000000000000000e+07,6.970000000000000000e+07
5.894529860963248461e+07,-1.696488140000000194e-09,7.935000000000000497e+00,6.307000000000000000e+07,6.970000000000000000e+07
5.905570936483824998e+07,-1.693316380000000108e-09,7.940000000000000391e+00,6.307000000000000000e+07,6.970000000000000000e+07
5.921368980716742575e+07,-1.688798660000000028e-09,7.945000000000000284e+00,6.307000000000000000e+07,6.970000000000000000e+07
5.934365032584856451e+07,-1.685100250000000185e-09,7.950000000000000178e+00,6.307000000000000000e+07,6.970000000000000000e+07
5.943082045382764935e+07,-1.682628630000000111e-09,7.955000000000000071e+00,6.307000000000000000e+07,6.970000000000000000e+07
5.953779594437345862e+07,-1.679605340000000079e-09,7.959999999999999964e+00,6.307000000000000000e+07,6.970000000000000000e+07
5.963968872901370376e+07,-1.676735780000000167e-09,7.964999999999999858e+00,6.307000000000000000e+07,6.970000000000000000e+07
5.967642772511452436e+07,-1.675703520000000081e-09,7.969999999999999751e+00,6.307000000000000000e+07,6.970000000000000000e+07
5.963459000390451401e+07,-1.676879140000000205e-09,7.975000000000000533e+00,6.307000000000000000e+07,6.970000000000000000e+07
5.960886960666473210e+07,-1.677602690000000069e-09,7.980000000000000426e+00,6.307000000000000000e+07,6.970000000000000000e+07
5.954886754548964649e+07,-1.679293060000000085e-09,7.985000000000000320e+00,6.307000000000000000e+07,6.970000000000000000e+07
5.944484129820494354e+07,-1.682231760000000283e-09,7.990000000000000213e+00,6.307000000000000000e+07,6.970000000000000000e+07
5.939065179381415993e+07,-1.683766670000000125e-09,7.995000000000000107e+00,6.307000000000000000e+07,6.970000000000000000e+07
5.935571836908245087e+07,-1.684757640000000118e-09,8.000000000000000000e+00,6.307000000000000000e+07,6.970000000000000000e+07
5.930171718025482446e+07,-1.686291809999999972e-09,8.004999999999999005e+00,6.307000000000000000e+07,6.970000000000000000e+07
5.934987200606603175e+07,-1.684923600000000123e-09,8.009999999999999787e+00,6.307000000000000000e+07,6.970000000000000000e+07
5.944278122882091254e+07,-1.682290060000000049e-09,8.015000000000000568e+00,6.307000000000000000e+07,6.970000000000000000e+07
5.947137135011407733e+07,-1.681481320000000160e-09,8.019999999999999574e+00,6.307000000000000000e+07,6.970000000000000000e+07
5.949520472517102957e+07,-1.680807730000000134e-09,8.025000000000000355e+00,6.307000000000000000e+07,6.970000000000000000e+07
5.951084430706855655e+07,-1.680366010000000071e-09,8.030000000000001137e+00,6.307000000000000000e+07,6.970000000000000000e+07
5.945481822352249175e+07,-1.681949470000000087e-09,8.035000000000000142e+00,6.307000000000000000e+07,6.970000000000000000e+07
5.942123397236255556e+07,-1.682900090000000039e-09,8.039999999999999147e+00,6.307000000000000000e+07,6.970000000000000000e+07
5.945362027838373184e+07,-1.681983360000000096e-09,8.044999999999999929e+00,6.307000000000000000e+07,6.970000000000000000e+07
5.942905590781897306e+07,-1.682678590000000155e-09,8.050000000000000711e+00,6.307000000000000000e+07,6.970000000000000000e+07
5.935197531000560522e+07,-1.684863890000000073e-09,8.054999999999999716e+00,6.307000000000000000e+07,6.970000000000000000e+07
5.933556919647327065e+07,-1.685329750000000138e-09,8.060000000000000497e+00,6.307000000000000000e+07,6.970000000000000000e+07
5.929575135801946372e+07,-1.686461470000000123e-09,8.065000000000001279e+00,6.307000000000000000e+07,6.970000000000000000e+07
5.927828943438114971e+07,-1.686958260000000039e-09,8.070000000000000284e+00,6.307000000000000000e+07,6.970000000000000000e+07
5.927374101966518909e+07,-1.687087709999999945e-09,8.074999999999999289e+00,6.307000000000000000e+07,6.970000000000000000e+07
5.926937772742488235e+07,-1.687211910000000245e-09,8.080000000000000071e+00,6.307000000000000000e+07,6.970000000000000000e+07
5.921683053177620471e+07,-1.688709089999999930e-09,8.085000000000000853e+00,6.307000000000000000e+07,6.970000000000000000e+07
5.913192990517586470e+07,-1.691133709999999912e-09,8.089999999999999858e+00,6.307000000000000000e+07,6.970000000000000000e+07
5.908989623636951298e+07,-1.692336700000000158e-09,8.094999999999998863e+00,6.307000000000000000e+07,6.970000000000000000e+07
5.906931683913233131e+07,-1.692926300000000129e-09,8.100000000000001421e+00,6.307000000000000000e+07,6.970000000000000000e+07
5.896869542428810894e+07,-1.695815030000000031e-09,8.105000000000000426e+00,6.307000000000000000e+07,6.970000000000000000e+07
5.885506637977489829e+07,-1.699089070000000171e-09,8.109999999999999432e+00,6.307000000000000000e+07,6.970000000000000000e+07
5.873319326915490627e+07,-1.702614730000000160e-09,8.115000000000000213e+00,6.307000000000000000e+07,6.970000000000000000e+07
5.856665297124531120e+07,-1.707456290000000240e-09,8.120000000000000995e+00,6.307000000000000000e+07,6.970000000000000000e+07
5.842859814379588515e+07,-1.711490660000000098e-09,8.125000000000000000e+00,6.307000000000000000e+07,6.970000000000000000e+07
5.831386282048642635e+07,-1.714858100000000233e-09,8.129999999999999005e+00,6.307000000000000000e+07,6.970000000000000000e+07
5.825834838199875504e+07,-1.716492190000000175e-09,8.134999999999999787e+00,6.307000000000000000e+07,6.970000000000000000e+07
5.825187192536061257e+07,-1.716683030000000170e-09,8.140000000000000568e+00,6.307000000000000000e+07,6.970000000000000000e+07
5.830309948372139037e+07,-1.715174680000000151e-09,8.144999999999999574e+00,6.307000000000000000e+07,6.970000000000000000e+07
5.830382387319684029e+07,-1.715153369999999934e-09,8.150000000000000355e+00,6.307000000000000000e+07,6.970000000000000000e+07
5.831698669318331778e+07,-1.714766240000000274e-09,8.155000000000001137e+00,6.307000000000000000e+07,6.970000000000000000e+07
5.839030460756316781e+07,-1.712613090000000265e-09,8.160000000000000142e+00,6.307000000000000000e+07,6.970000000000000000e+07
5.848590302289828658e+07,-1.709813730000000189e-09,8.164999999999999147e+00,6.307000000000000000e+07,6.970000000000000000e+07
5.849296091613827646e+07,-1.709607420000000143e-09,8.169999999999999929e+00,6.307000000000000000e+07,6.970000000000000000e+07
5.852012630913837999e+07,-1.708813810000000238e-09,8.175000000000000711e+00,6.307000000000000000e+07,6.970000000000000000e+07
5.858344892433640361e+07,-1.706966760000000198e-09,8.179999999999999716e+00,6.307000000000000000e+07,6.970000000000000000e+07
5.865748525295095891e+07,-1.704812260000000172e-09,8.185000000000000497e+00,6.307000000000000000e+07,6.970000000000000000e+07
5.874878298958598077e+07,-1.702162920000000024e-09,8.190000000000001279e+00,6.307000000000000000e+07,6.970000000000000000e+07
5.888480528652707487e+07,-1.698230970000000017e-09,8.195000000000000284e+00,6.307000000000000000e+07,6.970000000000000000e+07
5.901760847005608678e+07,-1.694409560000000050e-09,8.199999999999999289e+00,6.307000000000000000e+07,6.970000000000000000e+07
5.907212332331236452e+07,-1.692845870000000008e-09,8.205000000000000071e+00,6.307000000000000000e+07,6.970000000000000000e+07
5.906737900980673730e+07,-1.692981840000000214e-09,8.210000000000000853e+00,6.307000000000000000e+07,6.970000000000000000e+07
5.902624532937863469e+07,-1.694161630000000096e-09,8.214999999999999858e+00,6.307000000000000000e+07,6.970000000000000000e+07
5.899858689534597844e+07,-1.694955850000000029e-09,8.219999999999998863e+00,6.307000000000000000e+07,6.970000000000000000e+07
5.896266117546616495e+07,-1.695988580000000140e-09,8.225000000000001421e+00,6.307000000000000000e+07,6.970000000000000000e+07
5.888699955185226351e+07,-1.698167690000000194e-09,8.230000000000000426e+00,6.307000000000000000e+07,6.970000000000000000e+07
5.877033568951641023e+07,-1.701538690000000057e-09,8.234999999999999432e+00,6.307000000000000000e+07,6.970000000000000000e+07
5.872073255194319785e+07,-1.702976030000000147e-09,8.240000000000000213e+00,6.307000000000000000e+07,6.970000000000000000e+07
5.869323698548929393e+07,-1.703773810000000016e-09,8.245000000000000995e+00,6.307000000000000000e+07,6.970000000000000000e+07
5.865047807119034976e+07,-1.705015940000000083e-09,8.250000000000000000e+00,6.307000000000000000e+07,6.970000000000000000e+07
5.859466725831654668e+07,-1.706639950000000203e-09,8.254999999999999005e+00,6.307000000000000000e+07,6.970000000000000000e+07
5.860365882567292452e+07,-1.706378100000000072e-09,8.259999999999999787e+00,6.307000000000000000e+07,6.970000000000000000e+07
5.861335983219885826e+07,-1.706095680000000124e-09,8.265000000000000568e+00,6.307000000000000000e+07,6.970000000000000000e+07
5.862959787670800090e+07,-1.705623160000000169e-09,8.269999999999999574e+00,6.307000000000000000e+07,6.970000000000000000e+07
5.863995049286995828e+07,-1.705322040000000051e-09,8.275000000000000355e+00,6.307000000000000000e+07,6.970000000000000000e+07
5.864890264912048727e+07,-1.705061740000000207e-09,8.280000000000001137e+00,6.307000000000000000e+07,6.970000000000000000e+07
5.864677011651951820e+07,-1.705123740000000118e-09,8.285000000000000142e+00,6.307000000000000000e+07,6.970000000000000000e+07
5.864386565021130443e+07,-1.705208190000000155e-09,8.289999999999999147e+00,6.307000000000000000e+07,6.970000000000000000e+07
5.864756807830228657e+07,-1.705100540000000167e-09,8.294999999999999929e+00,6.307000000000000000e+07,6.970000000000000000e+07
5.859923429318137467e+07,-1.706506939999999949e-09,8.300000000000000711e+00,6.307000000000000000e+07,6.970000000000000000e+07
5.848361678266219795e+07,-1.709880569999999947e-09,8.304999999999999716e+00,6.307000000000000000e+07,6.970000000000000000e+07
5.836456046457863599e+07,-1.713368510000000030e-09,8.310000000000000497e+00,6.307000000000000000e+07,6.970000000000000000e+07
5.820722684281213582e+07,-1.717999730000000102e-09,8.315000000000001279e+00,6.307000000000000000e+07,6.970000000000000000e+07
5.802352292186779529e+07,-1.723438960000000119e-09,8.320000000000000284e+00,6.307000000000000000e+07,6.970000000000000000e+07
5.790114040349104255e+07,-1.727081700000000124e-09,8.324999999999999289e+00,6.307000000000000000e+07,6.970000000000000000e+07
5.780259615736433119e+07,-1.730026100000000071e-09,8.330000000000000071e+00,6.307000000000000000e+07,6.970000000000000000e+07
5.773106610966810584e+07,-1.732169640000000078e-09,8.335000000000000853e+00,6.307000000000000000e+07,6.970000000000000000e+07
5.769791837103912979e+07,-1.733164780000000241e-09,8.339999999999999858e+00,6.307000000000000000e+07,6.970000000000000000e+07
5.768759117704059184e+07,-1.733475050000000174e-09,8.344999999999998863e+00,6.307000000000000000e+07,6.970000000000000000e+07
5.759687122736893594e+07,-1.736205420000000220e-09,8.350000000000001421e+00,6.307000000000000000e+07,6.970000000000000000e+07
5.744189340336664766e+07,-1.740889690000000039e-09,8.355000000000000426e+00,6.307000000000000000e+07,6.970000000000000000e+07
5.729769286198578030e+07,-1.745270970000000094e-09,8.359999999999999432e+00,6.307000000000000000e+07,6.970000000000000000e+07
5.714949007595961541e+07,-1.749796890000000101e-09,8.365000000000000213e+00,6.307000000000000000e+07,6.970000000000000000e+07
5.703859190060208738e+07,-1.753198960000000025e-09,8.370000000000000995e+00,6.307000000000000000e+07,6.970000000000000000e+07
5.693990445187945664e+07,-1.756237580000000104e-09,8.375000000000000000e+00,6.307000000000000000e+07,6.970000000000000000e+07
5.687750085038973391e+07,-1.758164450000000029e-09,8.379999999999999005e+00,6.307000000000000000e+07,6.970000000000000000e+07
5.684928936171175539e+07,-1.759036940000000180e-09,8.384999999999999787e+00,6.307000000000000000e+07,6.970000000000000000e+07
5.685966837678752840e+07,-1.758715850000000024e-09,8.390000000000000568e+00,6.307000000000000000e+07,6.970000000000000000e+07
5.693628352178493887e+07,-1.756349270000000097e-09,8.394999999999999574e+00,6.307000000000000000e+07,6.970000000000000000e+07
5.700923466368068755e+07,-1.754101780000000249e-09,8.400000000000000355e+00,6.307000000000000000e+07,6.970000000000000000e+07
5.700882840997110307e+07,-1.754114280000000097e-09,8.405000000000001137e+00,6.307000000000000000e+07,6.970000000000000000e+07
5.701960226729097217e+07,-1.753782840000000158e-09,8.410000000000000142e+00,6.307000000000000000e+07,6.970000000000000000e+07
5.707178125098501891e+07,-1.752179410000000310e-09,8.414999999999999147e+00,6.307000000000000000e+07,6.970000000000000000e+07
5.713390997255544364e+07,-1.750274050000000046e-09,8.419999999999999929e+00,6.307000000000000000e+07,6.970000000000000000e+07
5.724029451596879959e+07,-1.747021060000000205e-09,8.425000000000000711e+00,6.307000000000000000e+07,6.970000000000000000e+07
5.738048810585969687e+07,-1.742752690000000201e-09,8.429999999999999716e+00,6.307000000000000000e+07,6.970000000000000000e+07
5.747829290596643835e+07,-1.739787230000000116e-09,8.435000000000000497e+00,6.307000000000000000e+07,6.970000000000000000e+07
5.758504182010009140e+07,-1.736562080000000010e-09,8.440000000000001279e+00,6.307000000000000000e+07,6.970000000000000000e+07
5.772967900000835210e+07,-1.732211259999999986e-09,8.445000000000000284e+00,6.307000000000000000e+07,6.970000000000000000e+07
5.785597099684802443e+07,-1.728430070000000101e-09,8.449999999999999289e+00,6.307000000000000000e+07,6.970000000000000000e+07
5.796302634767905623e+07,-1.725237729999999949e-09,8.455000000000000071e+00,6.307000000000000000e+07,6.970000000000000000e+07
5.810017640549860895e+07,-1.721165169999999952e-09,8.460000000000000853e+00,6.307000000000000000e+07,6.970000000000000000e+07
5.822423659190300852e+07,-1.717497829999999964e-09,8.464999999999999858e+00,6.307000000000000000e+07,6.970000000000000000e+07
5.832357356373913586e+07,-1.714572580000000124e-09,8.469999999999998863e+00,6.307000000000000000e+07,6.970000000000000000e+07
5.845213110361755639e+07,-1.710801610000000272e-09,8.475000000000001421e+00,6.307000000000000000e+07,6.970000000000000000e+07
5.859617006760205328e+07,-1.706596180000000023e-09,8.480000000000000426e+00,6.307000000000000000e+07,6.970000000000000000e+07
5.870576702442587167e+07,-1.703410160000000107e-09,8.484999999999999432e+00,6.307000000000000000e+07,6.970000000000000000e+07
5.881428588182241470e+07,-1.700267180000000014e-09,8.490000000000000213e+00,6.307000000000000000e+07,6.970000000000000000e+07
5.895438630155216902e+07,-1.696226630000000129e-09,8.495000000000000995e+00,6.307000000000000000e+07,6.970000000000000000e+07
5.907036361293955147e+07,-1.692896300000000078e-09,8.500000000000000000e+00,6.307000000000000000e+07,6.970000000000000000e+07
5.917018595153990388e+07,-1.690040320000000069e-09,8.504999999999999005e+00,6.307000000000000000e+07,6.970000000000000000e+07
5.933332482889010757e+07,-1.685393500000000194e-09,8.509999999999999787e+00,6.307000000000000000e+07,6.970000000000000000e+07
5.951264736001003534e+07,-1.680315100000000138e-09,8.515000000000000568e+00,6.307000000000000000e+07,6.970000000000000000e+07
5.963862701551199704e+07,-1.676765630000000169e-09,8.519999999999999574e+00,6.307000000000000000e+07,6.970000000000000000e+07
5.976480469537167251e+07,-1.673225580000000184e-09,8.525000000000000355e+00,6.307000000000000000e+07,6.970000000000000000e+07
5.991868722566303611e+07,-1.668928420000000143e-09,8.530000000000001137e+00,6.307000000000000000e+07,6.970000000000000000e+07
6.004339936906395853e+07,-1.665462000000000178e-09,8.535000000000000142e+00,6.307000000000000000e+07,6.970000000000000000e+07
6.015158620785482973e+07,-1.662466550000000088e-09,8.539999999999999147e+00,6.307000000000000000e+07,6.970000000000000000e+07
6.027071398815346509e+07,-1.659180610000000084e-09,8.544999999999999929e+00,6.307000000000000000e+07,6.970000000000000000e+07
6.034647821845465153e+07,-1.657097529999999953e-09,8.550000000000000711e+00,6.307000000000000000e+07,6.970000000000000000e+07
6.040395045218578726e+07,-1.655520859999999992e-09,8.554999999999999716e+00,6.307000000000000000e+07,6.970000000000000000e+07
6.049062616085291654e+07,-1.653148700000000231e-09,8.560000000000000497e+00,6.307000000000000000e+07,6.970000000000000000e+07
6.057725483641381562e+07,-1.650784610000000230e-09,8.565000000000001279e+00,6.307000000000000000e+07,6.970000000000000000e+07
6.063902471491411328e+07,-1.649103040000000124e-09,8.570000000000000284e+00,6.307000000000000000e+07,6.970000000000000000e+07
6.072592585494405776e+07,-1.646743110000000249e-09,8.574999999999999289e+00,6.307000000000000000e+07,6.970000000000000000e+07
6.082174890372294188e+07,-1.644148710000000203e-09,8.580000000000000071e+00,6.307000000000000000e+07,6.970000000000000000e+07
6.086014840601124614e+07,-1.643111340000000102e-09,8.585000000000000853e+00,6.307000000000000000e+07,6.970000000000000000e+07
6.090340245932446420e+07,-1.641944389999999929e-09,8.589999999999999858e+00,6.307000000000000000e+07,6.970000000000000000e+07
6.098624367453730106e+07,-1.639714040000000126e-09,8.594999999999998863e+00,6.307000000000000000e+07,6.970000000000000000e+07
6.105819506028334051e+07,-1.637781790000000017e-09,8.600000000000001421e+00,6.307000000000000000e+07,6.970000000000000000e+07
6.111050448750323057e+07,-1.636379880000000178e-09,8.605000000000000426e+00,6.307000000000000000e+07,6.970000000000000000e+07
6.119266386609058082e+07,-1.634182819999999985e-09,8.609999999999999432e+00,6.307000000000000000e+07,6.970000000000000000e+07
6.126058841027958691e+07,-1.632370869999999966e-09,8.615000000000000213e+00,6.307000000000000000e+07,6.970000000000000000e+07
6.128785756324369460e+07,-1.631644570000000053e-09,8.620000000000000995e+00,6.307000000000000000e+07,6.970000000000000000e+07
6.133663945998241007e+07,-1.630346900000000108e-09,8.625000000000000000e+00,6.307000000000000000e+07,6.970000000000000000e+07
6.138418174692371488e+07,-1.629084189999999974e-09,8.629999999999999005e+00,6.307000000000000000e+07,6.970000000000000000e+07
6.135650532930640876e+07,-1.629819030000000087e-09,8.634999999999999787e+00,6.307000000000000000e+07,6.970000000000000000e+07
6.135686221742901951e+07,-1.629809550000000249e-09,8.640000000000000568e+00,6.307000000000000000e+07,6.970000000000000000e+07
6.141326540043568611e+07,-1.628312699999999966e-09,8.644999999999999574e+00,6.307000000000000000e+07,6.970000000000000000e+07
6.145677357322353870e+07,-1.627159940000000140e-09,8.650000000000000355e+00,6.307000000000000000e+07,6.970000000000000000e+07
6.149019457373014838e+07,-1.626275549999999918e-09,8.655000000000001137e+00,6.307000000000000000e+07,6.970000000000000000e+07
6.152618734805262089e+07,-1.625324180000000141e-09,8.660000000000000142e+00,6.307000000000000000e+07,6.970000000000000000e+07
6.153842594084899127e+07,-1.625000940000000127e-09,8.664999999999999147e+00,6.307000000000000000e+07,6.970000000000000000e+07
6.154340470472741872e+07,-1.624869480000000159e-09,8.669999999999999929e+00,6.307000000000000000e+07,6.970000000000000000e+07
6.160045775546559691e+07,-1.623364560000000116e-09,8.675000000000000711e+00,6.307000000000000000e+07,6.970000000000000000e+07
6.170500505586129427e+07,-1.620614080000000029e-09,8.679999999999999716e+00,6.307000000000000000e+07,6.970000000000000000e+07
6.177390069127651304e+07,-1.618806629999999998e-09,8.685000000000000497e+00,6.307000000000000000e+07,6.970000000000000000e+07
6.184466073336412758e+07,-1.616954460000000103e-09,8.690000000000001279e+00,6.307000000000000000e+07,6.970000000000000000e+07
6.194581224411385506e+07,-1.614314129999999974e-09,8.695000000000000284e+00,6.307000000000000000e+07,6.970000000000000000e+07
6.198990560096587986e+07,-1.613165870000000135e-09,8.699999999999999289e+00,6.307000000000000000e+07,6.970000000000000000e+07
6.201054803142647445e+07,-1.612628870000000181e-09,8.705000000000000071e+00,6.307000000000000000e+07,6.970000000000000000e+07
6.205675882438732684e+07,-1.611428020000000162e-09,8.710000000000000853e+00,6.307000000000000000e+07,6.970000000000000000e+07
6.208199417298402637e+07,-1.610773000000000141e-09,8.714999999999999858e+00,6.307000000000000000e+07,6.970000000000000000e+07
6.208521334602619708e+07,-1.610689480000000111e-09,8.719999999999998863e+00,6.307000000000000000e+07,6.970000000000000000e+07
6.213262802196559310e+07,-1.609460330000000170e-09,8.725000000000001421e+00,6.307000000000000000e+07,6.970000000000000000e+07
6.217418280103807896e+07,-1.608384630000000134e-09,8.730000000000000426e+00,6.307000000000000000e+07,6.970000000000000000e+07
6.218328459708038718e+07,-1.608149210000000280e-09,8.734999999999999432e+00,6.307000000000000000e+07,6.970000000000000000e+07
6.220092667064956576e+07,-1.607693089999999969e-09,8.740000000000000213e+00,6.307000000000000000e+07,6.970000000000000000e+07
6.225675313787265122e+07,-1.606251450000000163e-09,8.745000000000000995e+00,6.307000000000000000e+07,6.970000000000000000e+07
6.228214096354333311e+07,-1.605596700000000104e-09,8.750000000000000000e+00,6.307000000000000000e+07,6.970000000000000000e+07
6.224949519238744676e+07,-1.606438730000000223e-09,8.754999999999999005e+00,6.307000000000000000e+07,6.970000000000000000e+07
6.227382652182114869e+07,-1.605811070000000072e-09,8.759999999999999787e+00,6.307000000000000000e+07,6.970000000000000000e+07
6.229950229052219540e+07,-1.605149259999999996e-09,8.765000000000000568e+00,6.307000000000000000e+07,6.970000000000000000e+07
6.229068500050956756e+07,-1.605376470000000087e-09,8.769999999999999574e+00,6.307000000000000000e+07,6.970000000000000000e+07
6.231925235642802715e+07,-1.604640560000000171e-09,8.775000000000000355e+00,6.307000000000000000e+07,6.970000000000000000e+07
6.236478651657350361e+07,-1.603468970000000009e-09,8.780000000000001137e+00,6.307000000000000000e+07,6.970000000000000000e+07
6.236427662478148937e+07,-1.603482080000000093e-09,8.785000000000000142e+00,6.307000000000000000e+07,6.970000000000000000e+07
6.235175441719001532e+07,-1.603804110000000094e-09,8.789999999999999147e+00,6.307000000000000000e+07,6.970000000000000000e+07
6.237967934536768496e+07,-1.603086150000000110e-09,8.794999999999999929e+00,6.307000000000000000e+07,6.970000000000000000e+07
6.238232237695762515e+07,-1.603018230000000090e-09,8.800000000000000711e+00,6.307000000000000000e+07,6.970000000000000000e+07
6.237727232683899254e+07,-1.603148010000000018e-09,8.804999999999999716e+00,6.307000000000000000e+07,6.970000000000000000e+07
6.242706295083225518e+07,-1.601869370000000059e-09,8.810000000000000497e+00,6.307000000000000000e+07,6.970000000000000000e+07
6.246830163161769509e+07,-1.600811889999999917e-09,8.815000000000001279e+00,6.307000000000000000e+07,6.970000000000000000e+07
6.247510406150089204e+07,-1.600637590000000189e-09,8.820000000000000284e+00,6.307000000000000000e+07,6.970000000000000000e+07
6.250716449306023866e+07,-1.599816610000000163e-09,8.824999999999999289e+00,6.307000000000000000e+07,6.970000000000000000e+07
6.255180031869016588e+07,-1.598675010000000007e-09,8.830000000000000071e+00,6.307000000000000000e+07,6.970000000000000000e+07
6.255708372988529503e+07,-1.598539990000000104e-09,8.835000000000000853e+00,6.307000000000000000e+07,6.970000000000000000e+07
6.257185008222723752e+07,-1.598162750000000040e-09,8.839999999999999858e+00,6.307000000000000000e+07,6.970000000000000000e+07
6.262603450302461535e+07,-1.596780010000000190e-09,8.844999999999998863e+00,6.307000000000000000e+07,6.970000000000000000e+07
6.265483144468802214e+07,-1.596046110000000130e-09,8.850000000000001421e+00,6.307000000000000000e+07,6.970000000000000000e+07
6.265938511142330617e+07,-1.595930120000000006e-09,8.855000000000000426e+00,6.307000000000000000e+07,6.970000000000000000e+07
6.273095380815625191e+07,-1.594109350000000195e-09,8.859999999999999432e+00,6.307000000000000000e+07,6.970000000000000000e+07
6.282538089347856492e+07,-1.591713390000000085e-09,8.865000000000000213e+00,6.307000000000000000e+07,6.970000000000000000e+07
6.289937248944231123e+07,-1.589840979999999984e-09,8.870000000000000995e+00,6.307000000000000000e+07,6.970000000000000000e+07
6.297586373191920668e+07,-1.587909940000000094e-09,8.875000000000000000e+00,6.307000000000000000e+07,6.970000000000000000e+07
6.300871027370126545e+07,-1.587082160000000175e-09,8.879999999999999005e+00,6.307000000000000000e+07,6.970000000000000000e+07
6.300508776794591546e+07,-1.587173409999999898e-09,8.884999999999999787e+00,6.307000000000000000e+07,6.970000000000000000e+07
6.301163359216474742e+07,-1.587008530000000155e-09,8.890000000000000568e+00,6.307000000000000000e+07,6.970000000000000000e+07
6.304363233402493596e+07,-1.586203019999999973e-09,8.894999999999999574e+00,6.307000000000000000e+07,6.970000000000000000e+07
6.304221863622672856e+07,-1.586238590000000020e-09,8.900000000000000355e+00,6.307000000000000000e+07,6.970000000000000000e+07
6.302060018008893728e+07,-1.586782729999999934e-09,8.905000000000001137e+00,6.307000000000000000e+07,6.970000000000000000e+07
6.302713055777649581e+07,-1.586618320000000009e-09,8.910000000000000142e+00,6.307000000000000000e+07,6.970000000000000000e+07
6.301758508862777799e+07,-1.586858650000000023e-09,8.914999999999999147e+00,6.307000000000000000e+07,6.970000000000000000e+07
6.298526882267047465e+07,-1.587672830000000156e-09,8.919999999999999929e+00,6.307000000000000000e+07,6.970000000000000000e+07
6.299346204086104780e+07,-1.587466330000000091e-09,8.925000000000000711e+00,6.307000000000000000e+07,6.970000000000000000e+07
6.301373999477288127e+07,-1.586955480000000201e-09,8.929999999999999716e+00,6.307000000000000000e+07,6.970000000000000000e+07
6.298618365938477218e+07,-1.587649770000000209e-09,8.935000000000000497e+00,6.307000000000000000e+07,6.970000000000000000e+07
6.298244632613880187e+07,-1.587743980000000089e-09,8.940000000000001279e+00,6.307000000000000000e+07,6.970000000000000000e+07
6.302506059812307358e+07,-1.586670430000000118e-09,8.945000000000000284e+00,6.307000000000000000e+07,6.970000000000000000e+07
6.303914544336161762e+07,-1.586315920000000186e-09,8.949999999999999289e+00,6.307000000000000000e+07,6.970000000000000000e+07
6.303560486716059595e+07,-1.586405020000000051e-09,8.955000000000000071e+00,6.307000000000000000e+07,6.970000000000000000e+07
6.308134943698412925e+07,-1.585254610000000147e-09,8.960000000000000853e+00,6.307000000000000000e+07,6.970000000000000000e+07
6.311138085195782781e+07,-1.584500270000000022e-09,8.964999999999999858e+00,6.307000000000000000e+07,6.970000000000000000e+07
6.310769037698534131e+07,-1.584592930000000029e-09,8.969999999999998863e+00,6.307000000000000000e+07,6.970000000000000000e+07
6.314165536773053557e+07,-1.583740549999999920e-09,8.975000000000001421e+00,6.307000000000000000e+07,6.970000000000000000e+07
6.317588523392876983e+07,-1.582882450000000179e-09,8.980000000000000426e+00,6.307000000000000000e+07,6.970000000000000000e+07
6.316309166304921359e+07,-1.583203060000000058e-09,8.984999999999999432e+00,6.307000000000000000e+07,6.970000000000000000e+07
6.315711225346186757e+07,-1.583352950000000234e-09,8.990000000000000213e+00,6.307000000000000000e+07,6.970000000000000000e+07
6.318644250458976626e+07,-1.582617980000000163e-09,8.995000000000000995e+00,6.307000000000000000e+07,6.970000000000000000e+07
6.318349775427525491e+07,-1.582691740000000142e-09,9.000000000000000000e+00,6.307000000000000000e+07,6.970000000000000000e+07
6.315556462890500575e+07,-1.583391750000000195e-09,9.005000000000000782e+00,6.307000000000000000e+07,6.970000000000000000e+07
6.317523068514452875e+07,-1.582898850000000237e-09,9.009999999999999787e+00,6.307000000000000000e+07,6.970000000000000000e+07
6.318592467814432830e+07,-1.582630950000000038e-09,9.015000000000000568e+00,6.307000000000000000e+07,6.970000000000000000e+07
6.316587371702925861e+07,-1.583133330000000040e-09,9.019999999999999574e+00,6.307000000000000000e+07,6.970000000000000000e+07
6.318557294428139925e+07,-1.582639759999999992e-09,9.025000000000000355e+00,6.307000000000000000e+07,6.970000000000000000e+07
6.320943504481517524e+07,-1.582042299999999956e-09,9.029999999999999361e+00,6.307000000000000000e+07,6.970000000000000000e+07
6.316613386138030887e+07,-1.583126810000000153e-09,9.035000000000000142e+00,6.307000000000000000e+07,6.970000000000000000e+07
6.313489755134898424e+07,-1.583910070000000067e-09,9.040000000000000924e+00,6.307000000000000000e+07,6.970000000000000000e+07
6.307429142341015488e+07,-1.585431999999999990e-09,9.044999999999999929e+00,6.307000000000000000e+07,6.970000000000000000e+07
6.298391883247264475e+07,-1.587706859999999961e-09,9.050000000000000711e+00,6.307000000000000000e+07,6.970000000000000000e+07
6.289388988815749437e+07,-1.589979570000000074e-09,9.054999999999999716e+00,6.307000000000000000e+07,6.970000000000000000e+07
6.286588811287654936e+07,-1.590687780000000259e-09,9.060000000000000497e+00,6.307000000000000000e+07,6.970000000000000000e+07
6.283775173738057911e+07,-1.591400030000000036e-09,9.064999999999999503e+00,6.307000000000000000e+07,6.970000000000000000e+07
6.279276814182283729e+07,-1.592540080000000112e-09,9.070000000000000284e+00,6.307000000000000000e+07,6.970000000000000000e+07
6.279873949114118516e+07,-1.592388650000000106e-09,9.074999999999999289e+00,6.307000000000000000e+07,6.970000000000000000e+07
6.281565258019375801e+07,-1.591959900000000124e-09,9.080000000000000071e+00,6.307000000000000000e+07,6.970000000000000000e+07
6.275643062006742507e+07,-1.593462200000000077e-09,9.085000000000000853e+00,6.307000000000000000e+07,6.970000000000000000e+07
6.272882337808401138e+07,-1.594163490000000041e-09,9.089999999999999858e+00,6.307000000000000000e+07,6.970000000000000000e+07
6.272640783275192231e+07,-1.594224880000000130e-09,9.095000000000000639e+00,6.307000000000000000e+07,6.970000000000000000e+07
6.261032761486288160e+07,-1.597180590000000209e-09,9.099999999999999645e+00,6.307000000000000000e+07,6.970000000000000000e+07
6.249305077275407314e+07,-1.600177919999999988e-09,9.105000000000000426e+00,6.307000000000000000e+07,6.970000000000000000e+07
6.234552532292877883e+07,-1.603964350000000054e-09,9.109999999999999432e+00,6.307000000000000000e+07,6.970000000000000000e+07
6.214982303707987815e+07,-1.609015040000000127e-09,9.115000000000000213e+00,6.307000000000000000e+07,6.970000000000000000e+07
6.198140775941772014e+07,-1.613387040000000203e-09,9.120000000000000995e+00,6.307000000000000000e+07,6.970000000000000000e+07
6.186009864842303097e+07,-1.616550930000000179e-09,9.125000000000000000e+00,6.307000000000000000e+07,6.970000000000000000e+07
6.179132914903873205e+07,-1.618350040000000075e-09,9.130000000000000782e+00,6.307000000000000000e+07,6.970000000000000000e+07
6.172734417274550349e+07,-1.620027580000000013e-09,9.134999999999999787e+00,6.307000000000000000e+07,6.970000000000000000e+07
6.170273167680462450e+07,-1.620673790000000079e-09,9.140000000000000568e+00,6.307000000000000000e+07,6.970000000000000000e+07
6.172508705428515375e+07,-1.620086820000000037e-09,9.144999999999999574e+00,6.307000000000000000e+07,6.970000000000000000e+07
6.172811538002043962e+07,-1.620007340000000013e-09,9.150000000000000355e+00,6.307000000000000000e+07,6.970000000000000000e+07
6.173325560293342918e+07,-1.619872450000000069e-09,9.154999999999999361e+00,6.307000000000000000e+07,6.970000000000000000e+07
6.179020700973689556e+07,-1.618379430000000096e-09,9.160000000000000142e+00,6.307000000000000000e+07,6.970000000000000000e+07
6.178300360938778520e+07,-1.618568120000000027e-09,9.165000000000000924e+00,6.307000000000000000e+07,6.970000000000000000e+07
6.171305060692317039e+07,-1.620402799999999971e-09,9.169999999999999929e+00,6.307000000000000000e+07,6.970000000000000000e+07
6.169111611036723107e+07,-1.620978940000000159e-09,9.175000000000000711e+00,6.307000000000000000e+07,6.970000000000000000e+07
6.169165082903183997e+07,-1.620964890000000023e-09,9.179999999999999716e+00,6.307000000000000000e+07,6.970000000000000000e+07
6.166298053590753675e+07,-1.621718560000000058e-09,9.185000000000000497e+00,6.307000000000000000e+07,6.970000000000000000e+07
6.165876975056024641e+07,-1.621829310000000207e-09,9.189999999999999503e+00,6.307000000000000000e+07,6.970000000000000000e+07
6.168513588516803086e+07,-1.621136090000000209e-09,9.195000000000000284e+00,6.307000000000000000e+07,6.970000000000000000e+07
6.167718700613149256e+07,-1.621345019999999933e-09,9.199999999999999289e+00,6.307000000000000000e+07,6.970000000000000000e+07
6.161794679388882965e+07,-1.622903800000000022e-09,9.205000000000000071e+00,6.307000000000000000e+07,6.970000000000000000e+07
6.156538739742974937e+07,-1.624289300000000172e-09,9.210000000000000853e+00,6.307000000000000000e+07,6.970000000000000000e+07
6.152775040903802216e+07,-1.625282890000000049e-09,9.214999999999999858e+00,6.307000000000000000e+07,6.970000000000000000e+07
6.148190235015124828e+07,-1.626494890000000106e-09,9.220000000000000639e+00,6.307000000000000000e+07,6.970000000000000000e+07
6.146481307557687163e+07,-1.626947110000000000e-09,9.224999999999999645e+00,6.307000000000000000e+07,6.970000000000000000e+07
6.140636529908612370e+07,-1.628495670000000058e-09,9.230000000000000426e+00,6.307000000000000000e+07,6.970000000000000000e+07
6.130775724109599739e+07,-1.631114959999999932e-09,9.234999999999999432e+00,6.307000000000000000e+07,6.970000000000000000e+07
6.114242867069242895e+07,-1.635525480000000169e-09,9.240000000000000213e+00,6.307000000000000000e+07,6.970000000000000000e+07
6.098889975799177587e+07,-1.639642630000000069e-09,9.245000000000000995e+00,6.307000000000000000e+07,6.970000000000000000e+07
6.082666972097650915e+07,-1.644015700000000155e-09,9.250000000000000000e+00,6.307000000000000000e+07,6.970000000000000000e+07
6.065331983489657193e+07,-1.648714370000000014e-09,9.255000000000000782e+00,6.307000000000000000e+07,6.970000000000000000e+07
6.054476215335293114e+07,-1.651670540000000074e-09,9.259999999999999787e+00,6.307000000000000000e+07,6.970000000000000000e+07
6.035755392441948503e+07,-1.656793450000000090e-09,9.265000000000000568e+00,6.307000000000000000e+07,6.970000000000000000e+07
6.012675995686218143e+07,-1.663152980000000030e-09,9.269999999999999574e+00,6.307000000000000000e+07,6.970000000000000000e+07
5.999121356687856466e+07,-1.666910770000000107e-09,9.275000000000000355e+00,6.307000000000000000e+07,6.970000000000000000e+07
5.991064650591135025e+07,-1.669152409999999952e-09,9.279999999999999361e+00,6.307000000000000000e+07,6.970000000000000000e+07
5.981364293927638978e+07,-1.671859379999999983e-09,9.285000000000000142e+00,6.307000000000000000e+07,6.970000000000000000e+07
5.970742692085599154e+07,-1.674833520000000063e-09,9.290000000000000924e+00,6.307000000000000000e+07,6.970000000000000000e+07
5.962193018605858088e+07,-1.677235200000000011e-09,9.294999999999999929e+00,6.307000000000000000e+07,6.970000000000000000e+07
5.952327097992923111e+07,-1.680015200000000078e-09,9.300000000000000711e+00,6.307000000000000000e+07,6.970000000000000000e+07
5.938665322026146203e+07,-1.683880040000000158e-09,9.304999999999999716e+00,6.307000000000000000e+07,6.970000000000000000e+07
5.934458816107986122e+07,-1.685073620000000258e-09,9.310000000000000497e+00,6.307000000000000000e+07,6.970000000000000000e+07
5.932561570749140531e+07,-1.685612509999999945e-09,9.314999999999999503e+00,6.307000000000000000e+07,6.970000000000000000e+07
5.923975419719878584e+07,-1.688055620000000196e-09,9.320000000000000284e+00,6.307000000000000000e+07,6.970000000000000000e+07
5.916935725019500405e+07,-1.690063990000000252e-09,9.324999999999999289e+00,6.307000000000000000e+07,6.970000000000000000e+07
5.913702556811180711e+07,-1.690987990000000114e-09,9.330000000000000071e+00,6.307000000000000000e+07,6.970000000000000000e+07
5.906102421265748888e+07,-1.693164000000000007e-09,9.335000000000000853e+00,6.307000000000000000e+07,6.970000000000000000e+07
5.902118023450082541e+07,-1.694307020000000285e-09,9.339999999999999858e+00,6.307000000000000000e+07,6.970000000000000000e+07
5.896817870098987222e+07,-1.695829890000000053e-09,9.345000000000000639e+00,6.307000000000000000e+07,6.970000000000000000e+07
5.885731212404597551e+07,-1.699024240000000061e-09,9.349999999999999645e+00,6.307000000000000000e+07,6.970000000000000000e+07
5.877162922314414382e+07,-1.701501240000000113e-09,9.355000000000000426e+00,6.307000000000000000e+07,6.970000000000000000e+07
5.873395184335156530e+07,-1.702592740000000223e-09,9.359999999999999432e+00,6.307000000000000000e+07,6.970000000000000000e+07
5.864634947557877749e+07,-1.705135970000000005e-09,9.365000000000000213e+00,6.307000000000000000e+07,6.970000000000000000e+07
5.855601728016176820e+07,-1.707766420000000169e-09,9.370000000000000995e+00,6.307000000000000000e+07,6.970000000000000000e+07
5.854804775984396040e+07,-1.707998880000000280e-09,9.375000000000000000e+00,6.307000000000000000e+07,6.970000000000000000e+07
5.852211812730509043e+07,-1.708755650000000269e-09,9.380000000000000782e+00,6.307000000000000000e+07,6.970000000000000000e+07
5.841349007682145387e+07,-1.711933320000000005e-09,9.384999999999999787e+00,6.307000000000000000e+07,6.970000000000000000e+07
5.832274765742893517e+07,-1.714596859999999923e-09,9.390000000000000568e+00,6.307000000000000000e+07,6.970000000000000000e+07
5.828816088297145069e+07,-1.715614259999999986e-09,9.394999999999999574e+00,6.307000000000000000e+07,6.970000000000000000e+07
5.826464363977644593e+07,-1.716306729999999951e-09,9.400000000000000355e+00,6.307000000000000000e+07,6.970000000000000000e+07
5.825554572260198742e+07,-1.716574770000000154e-09,9.404999999999999361e+00,6.307000000000000000e+07,6.970000000000000000e+07
5.823399041617596149e+07,-1.717210160000000204e-09,9.410000000000000142e+00,6.307000000000000000e+07,6.970000000000000000e+07
5.820924993644423038e+07,-1.717940020000000052e-09,9.415000000000000924e+00,6.307000000000000000e+07,6.970000000000000000e+07
5.819114433897868544e+07,-1.718474540000000126e-09,9.419999999999999929e+00,6.307000000000000000e+07,6.970000000000000000e+07
5.824245200536566973e+07,-1.716960679999999962e-09,9.425000000000000711e+00,6.307000000000000000e+07,6.970000000000000000e+07
5.823132709136210382e+07,-1.717288699999999970e-09,9.429999999999999716e+00,6.307000000000000000e+07,6.970000000000000000e+07
5.819188186470717937e+07,-1.718452760000000090e-09,9.435000000000000497e+00,6.307000000000000000e+07,6.970000000000000000e+07
5.823572133489876986e+07,-1.717159120000000105e-09,9.439999999999999503e+00,6.307000000000000000e+07,6.970000000000000000e+07
5.834421555055728555e+07,-1.713965970000000066e-09,9.445000000000000284e+00,6.307000000000000000e+07,6.970000000000000000e+07
5.840425624988910556e+07,-1.712203980000000092e-09,9.449999999999999289e+00,6.307000000000000000e+07,6.970000000000000000e+07
5.848982261001884192e+07,-1.709699150000000143e-09,9.455000000000000071e+00,6.307000000000000000e+07,6.970000000000000000e+07
5.862050144293484837e+07,-1.705887830000000042e-09,9.460000000000000853e+00,6.307000000000000000e+07,6.970000000000000000e+07
5.871822139031290263e+07,-1.703048860000000120e-09,9.464999999999999858e+00,6.307000000000000000e+07,6.970000000000000000e+07
5.879184579439733177e+07,-1.700916150000000174e-09,9.470000000000000639e+00,6.307000000000000000e+07,6.970000000000000000e+07
5.884198121868698299e+07,-1.699466910000000013e-09,9.474999999999999645e+00,6.307000000000000000e+07,6.970000000000000000e+07
5.886727922740840167e+07,-1.698736570000000094e-09,9.480000000000000426e+00,6.307000000000000000e+07,6.970000000000000000e+07
5.888782521773125976e+07,-1.698143880000000007e-09,9.484999999999999432e+00,6.307000000000000000e+07,6.970000000000000000e+07
5.894813536731909961e+07,-1.696406500000000060e-09,9.490000000000000213e+00,6.307000000000000000e+07,6.970000000000000000e+07
5.904535970223519951e+07,-1.693613190000000052e-09,9.495000000000000995e+00,6.307000000000000000e+07,6.970000000000000000e+07
5.911846762141533196e+07,-1.691518810000000248e-09,9.500000000000000000e+00,6.307000000000000000e+07,6.970000000000000000e+07
5.920151191189181060e+07,-1.689146050000000089e-09,9.505000000000000782e+00,6.307000000000000000e+07,6.970000000000000000e+07
5.933038470023163408e+07,-1.685477020000000017e-09,9.509999999999999787e+00,6.307000000000000000e+07,6.970000000000000000e+07
5.946994921914559603e+07,-1.681521529999999992e-09,9.515000000000000568e+00,6.307000000000000000e+07,6.970000000000000000e+07
5.956474539508229494e+07,-1.678845420000000120e-09,9.519999999999999574e+00,6.307000000000000000e+07,6.970000000000000000e+07
5.961624628797207028e+07,-1.677395110000000155e-09,9.525000000000000355e+00,6.307000000000000000e+07,6.970000000000000000e+07
5.957960298488090932e+07,-1.678426760000000212e-09,9.529999999999999361e+00,6.307000000000000000e+07,6.970000000000000000e+07
5.942974921073727310e+07,-1.682658959999999977e-09,9.535000000000000142e+00,6.307000000000000000e+07,6.970000000000000000e+07
5.930229427530046552e+07,-1.686275400000000077e-09,9.540000000000000924e+00,6.307000000000000000e+07,6.970000000000000000e+07
5.927812638914584368e+07,-1.686962900000000029e-09,9.544999999999999929e+00,6.307000000000000000e+07,6.970000000000000000e+07
5.924413453890328854e+07,-1.687930810000000074e-09,9.550000000000000711e+00,6.307000000000000000e+07,6.970000000000000000e+07
5.921798563922395557e+07,-1.688676150000000225e-09,9.554999999999999716e+00,6.307000000000000000e+07,6.970000000000000000e+07
5.916890737346593291e+07,-1.690076840000000005e-09,9.560000000000000497e+00,6.307000000000000000e+07,6.970000000000000000e+07
5.904065245305467397e+07,-1.693748220000000206e-09,9.564999999999999503e+00,6.307000000000000000e+07,6.970000000000000000e+07
5.885280037131880224e+07,-1.699154490000000015e-09,9.570000000000000284e+00,6.307000000000000000e+07,6.970000000000000000e+07
5.870414038423597813e+07,-1.703457360000000057e-09,9.575000000000001066e+00,6.307000000000000000e+07,6.970000000000000000e+07
5.854443808840489388e+07,-1.708104190000000183e-09,9.580000000000000071e+00,6.307000000000000000e+07,6.970000000000000000e+07
5.834602145364537835e+07,-1.713912920000000113e-09,9.585000000000000853e+00,6.307000000000000000e+07,6.970000000000000000e+07
5.822671720574921370e+07,-1.717424660000000131e-09,9.589999999999999858e+00,6.307000000000000000e+07,6.970000000000000000e+07
5.811919282832872868e+07,-1.720602010000000096e-09,9.595000000000000639e+00,6.307000000000000000e+07,6.970000000000000000e+07
5.795558083758297563e+07,-1.725459370000000249e-09,9.599999999999999645e+00,6.307000000000000000e+07,6.970000000000000000e+07
5.777653699454773962e+07,-1.730806400000000241e-09,9.605000000000000426e+00,6.307000000000000000e+07,6.970000000000000000e+07
5.761896429105021060e+07,-1.735539700000000096e-09,9.609999999999999432e+00,6.307000000000000000e+07,6.970000000000000000e+07
5.743825486682805419e+07,-1.740999970000000162e-09,9.615000000000000213e+00,6.307000000000000000e+07,6.970000000000000000e+07
5.728191471902905405e+07,-1.745751700000000226e-09,9.620000000000000995e+00,6.307000000000000000e+07,6.970000000000000000e+07
5.719574948415009677e+07,-1.748381670000000320e-09,9.625000000000000000e+00,6.307000000000000000e+07,6.970000000000000000e+07
5.714013139533206075e+07,-1.750083480000000219e-09,9.630000000000000782e+00,6.307000000000000000e+07,6.970000000000000000e+07
5.706639143926518410e+07,-1.752344900000000083e-09,9.634999999999999787e+00,6.307000000000000000e+07,6.970000000000000000e+07
5.703406808003855497e+07,-1.753338020000000140e-09,9.640000000000000568e+00,6.307000000000000000e+07,6.970000000000000000e+07
5.706165742613990605e+07,-1.752490280000000021e-09,9.644999999999999574e+00,6.307000000000000000e+07,6.970000000000000000e+07
5.709111921321632713e+07,-1.751585910000000130e-09,9.650000000000000355e+00,6.307000000000000000e+07,6.970000000000000000e+07
5.707637686214319617e+07,-1.752038330000000089e-09,9.654999999999999361e+00,6.307000000000000000e+07,6.970000000000000000e+07
5.705110397138097882e+07,-1.752814460000000087e-09,9.660000000000000142e+00,6.307000000000000000e+07,6.970000000000000000e+07
5.705367572727531940e+07,-1.752735450000000295e-09,9.665000000000000924e+00,6.307000000000000000e+07,6.970000000000000000e+07
5.704521919762384892e+07,-1.752995280000000114e-09,9.669999999999999929e+00,6.307000000000000000e+07,6.970000000000000000e+07
5.701705763918786496e+07,-1.753861109999999961e-09,9.675000000000000711e+00,6.307000000000000000e+07,6.970000000000000000e+07
5.694904749358072877e+07,-1.755955620000000138e-09,9.679999999999999716e+00,6.307000000000000000e+07,6.970000000000000000e+07
5.685726408007885516e+07,-1.758790220000000239e-09,9.685000000000000497e+00,6.307000000000000000e+07,6.970000000000000000e+07
5.681564383754629642e+07,-1.760078620000000248e-09,9.689999999999999503e+00,6.307000000000000000e+07,6.970000000000000000e+07
5.675980468156571686e+07,-1.761810150000000192e-09,9.695000000000000284e+00,6.307000000000000000e+07,6.970000000000000000e+07
5.672518538896726817e+07,-1.762885379999999995e-09,9.700000000000001066e+00,6.307000000000000000e+07,6.970000000000000000e+07
5.671290011929331720e+07,-1.763267260000000049e-09,9.705000000000000071e+00,6.307000000000000000e+07,6.970000000000000000e+07
5.676768921642962098e+07,-1.761565450000000150e-09,9.710000000000000853e+00,6.307000000000000000e+07,6.970000000000000000e+07
5.682920733019032329e+07,-1.759658540000000011e-09,9.714999999999999858e+00,6.307000000000000000e+07,6.970000000000000000e+07
5.689743185873947293e+07,-1.757548570000000035e-09,9.720000000000000639e+00,6.307000000000000000e+07,6.970000000000000000e+07
5.701928527363660187e+07,-1.753792590000000164e-09,9.724999999999999645e+00,6.307000000000000000e+07,6.970000000000000000e+07
5.715421907501371950e+07,-1.749652110000000147e-09,9.730000000000000426e+00,6.307000000000000000e+07,6.970000000000000000e+07
5.723831822877077758e+07,-1.747081380000000077e-09,9.734999999999999432e+00,6.307000000000000000e+07,6.970000000000000000e+07
5.731467244782191515e+07,-1.744753929999999927e-09,9.740000000000000213e+00,6.307000000000000000e+07,6.970000000000000000e+07
5.743774449237509817e+07,-1.741015440000000006e-09,9.745000000000000995e+00,6.307000000000000000e+07,6.970000000000000000e+07
5.748453834060911834e+07,-1.739598210000000164e-09,9.750000000000000000e+00,6.307000000000000000e+07,6.970000000000000000e+07
5.746194661595534533e+07,-1.740282150000000181e-09,9.755000000000000782e+00,6.307000000000000000e+07,6.970000000000000000e+07
5.741352253232445568e+07,-1.741749950000000096e-09,9.759999999999999787e+00,6.307000000000000000e+07,6.970000000000000000e+07
5.734264021204482764e+07,-1.743902960000000102e-09,9.765000000000000568e+00,6.307000000000000000e+07,6.970000000000000000e+07
5.725027894912166148e+07,-1.746716380000000151e-09,9.769999999999999574e+00,6.307000000000000000e+07,6.970000000000000000e+07
5.719603311192748696e+07,-1.748373000000000162e-09,9.775000000000000355e+00,6.307000000000000000e+07,6.970000000000000000e+07
5.718802915011096746e+07,-1.748617700000000204e-09,9.779999999999999361e+00,6.307000000000000000e+07,6.970000000000000000e+07
5.717070907887154073e+07,-1.749147450000000121e-09,9.785000000000000142e+00,6.307000000000000000e+07,6.970000000000000000e+07
5.723112847320409864e+07,-1.747300860000000062e-09,9.790000000000000924e+00,6.307000000000000000e+07,6.970000000000000000e+07
5.730229833215357363e+07,-1.745130700000000172e-09,9.794999999999999929e+00,6.307000000000000000e+07,6.970000000000000000e+07
5.728704076796165854e+07,-1.745595490000000020e-09,9.800000000000000711e+00,6.307000000000000000e+07,6.970000000000000000e+07
5.730443140783911198e+07,-1.745065740000000103e-09,9.804999999999999716e+00,6.307000000000000000e+07,6.970000000000000000e+07
5.736003370246140659e+07,-1.743374150000000029e-09,9.810000000000000497e+00,6.307000000000000000e+07,6.970000000000000000e+07
5.743152010557200015e+07,-1.741204130000000143e-09,9.814999999999999503e+00,6.307000000000000000e+07,6.970000000000000000e+07
5.749537971440768242e+07,-1.739270190000000156e-09,9.820000000000000284e+00,6.307000000000000000e+07,6.970000000000000000e+07
5.756932577367489040e+07,-1.737036150000000045e-09,9.825000000000001066e+00,6.307000000000000000e+07,6.970000000000000000e+07
5.760193568309562653e+07,-1.736052769999999949e-09,9.830000000000000071e+00,6.307000000000000000e+07,6.970000000000000000e+07
5.756203241497638822e+07,-1.737256240000000059e-09,9.835000000000000853e+00,6.307000000000000000e+07,6.970000000000000000e+07
5.759620443777372688e+07,-1.736225520000000216e-09,9.839999999999999858e+00,6.307000000000000000e+07,6.970000000000000000e+07
5.768987617496898770e+07,-1.733406390000000166e-09,9.845000000000000639e+00,6.307000000000000000e+07,6.970000000000000000e+07
5.781399804199019819e+07,-1.729684910000000125e-09,9.849999999999999645e+00,6.307000000000000000e+07,6.970000000000000000e+07
5.795307625186439604e+07,-1.725533940000000115e-09,9.855000000000000426e+00,6.307000000000000000e+07,6.970000000000000000e+07
5.811292929807845503e+07,-1.720787460000000069e-09,9.859999999999999432e+00,6.307000000000000000e+07,6.970000000000000000e+07
5.823447400497519970e+07,-1.717195900000000166e-09,9.865000000000000213e+00,6.307000000000000000e+07,6.970000000000000000e+07
5.833453468446304649e+07,-1.714250410000000120e-09,9.870000000000000995e+00,6.307000000000000000e+07,6.970000000000000000e+07
5.845801311957989633e+07,-1.710629470000000034e-09,9.875000000000000000e+00,6.307000000000000000e+07,6.970000000000000000e+07
5.855414041128288209e+07,-1.707821160000000000e-09,9.880000000000000782e+00,6.307000000000000000e+07,6.970000000000000000e+07
5.860297298625050485e+07,-1.706398070000000110e-09,9.884999999999999787e+00,6.307000000000000000e+07,6.970000000000000000e+07
5.865723545915288478e+07,-1.704819520000000046e-09,9.890000000000000568e+00,6.307000000000000000e+07,6.970000000000000000e+07
5.873523687618545443e+07,-1.702555490000000136e-09,9.894999999999999574e+00,6.307000000000000000e+07,6.970000000000000000e+07
5.878092603388580680e+07,-1.701232130000000107e-09,9.900000000000000355e+00,6.307000000000000000e+07,6.970000000000000000e+07
5.883855435578317195e+07,-1.699565890000000049e-09,9.904999999999999361e+00,6.307000000000000000e+07,6.970000000000000000e+07
5.893182287613967806e+07,-1.696876070000000109e-09,9.910000000000000142e+00,6.307000000000000000e+07,6.970000000000000000e+07
5.894524961854318529e+07,-1.696489550000000065e-09,9.915000000000000924e+00,6.307000000000000000e+07,6.970000000000000000e+07
5.888233415979006886e+07,-1.698302240000000278e-09,9.919999999999999929e+00,6.307000000000000000e+07,6.970000000000000000e+07
5.888396375564841926e+07,-1.698255239999999978e-09,9.925000000000000711e+00,6.307000000000000000e+07,6.970000000000000000e+07
5.884929293986915797e+07,-1.699255760000000120e-09,9.929999999999999716e+00,6.307000000000000000e+07,6.970000000000000000e+07
5.881510466697797179e+07,-1.700243510000000037e-09,9.935000000000000497e+00,6.307000000000000000e+07,6.970000000000000000e+07
5.884116168505035341e+07,-1.699490579999999990e-09,9.939999999999999503e+00,6.307000000000000000e+07,6.970000000000000000e+07
5.890698536351094395e+07,-1.697591539999999961e-09,9.945000000000000284e+00,6.307000000000000000e+07,6.970000000000000000e+07
5.895129698512692004e+07,-1.696315520000000093e-09,9.950000000000001066e+00,6.307000000000000000e+07,6.970000000000000000e+07
5.901624522477428615e+07,-1.694448700000000078e-09,9.955000000000000071e+00,6.307000000000000000e+07,6.970000000000000000e+07
5.911684598904702812e+07,-1.691565210000000150e-09,9.960000000000000853e+00,6.307000000000000000e+07,6.970000000000000000e+07
5.919622150991672277e+07,-1.689297010000000069e-09,9.964999999999999858e+00,6.307000000000000000e+07,6.970000000000000000e+07
5.927464818732880056e+07,-1.687061890000000110e-09,9.970000000000000639e+00,6.307000000000000000e+07,6.970000000000000000e+07
5.940109464099600166e+07,-1.683470660000000023e-09,9.974999999999999645e+00,6.307000000000000000e+07,6.970000000000000000e+07
5.953121300972269475e+07,-1.679791070000000059e-09,9.980000000000000426e+00,6.307000000000000000e+07,6.970000000000000000e+07
5.963155309175469726e+07,-1.676964540000000131e-09,9.984999999999999432e+00,6.307000000000000000e+07,6.970000000000000000e+07
5.975276897468448430e+07,-1.673562610000000210e-09,9.990000000000000213e+00,6.307000000000000000e+07,6.970000000000000000e+07
5.987874864768337458e+07,-1.670041579999999960e-09,9.995000000000000995e+00,6.307000000000000000e+07,6.970000000000000000e+07
5.996416673317193240e+07,-1.667662629999999937e-09,1.000000000000000000e+01,6.307000000000000000e+07,6.970000000000000000e+07
6.005011302031771094e+07,-1.665275800000000173e-09,1.000500000000000078e+01,6.307000000000000000e+07,6.970000000000000000e+07
6.016747291180647165e+07,-1.662027590000000119e-09,1.000999999999999979e+01,6.307000000000000000e+07,6.970000000000000000e+07
6.026423674193120003e+07,-1.659358939999999979e-09,1.001500000000000057e+01,6.307000000000000000e+07,6.970000000000000000e+07
6.033617288234634697e+07,-1.657380560000000136e-09,1.001999999999999957e+01,6.307000000000000000e+07,6.970000000000000000e+07
6.041528999100555480e+07,-1.655210130000000078e-09,1.002500000000000036e+01,6.307000000000000000e+07,6.970000000000000000e+07
6.043572745297572762e+07,-1.654650390000000154e-09,1.002999999999999936e+01,6.307000000000000000e+07,6.970000000000000000e+07
6.043190355135876685e+07,-1.654755090000000235e-09,1.003500000000000014e+01,6.307000000000000000e+07,6.970000000000000000e+07
6.048195164129267633e+07,-1.653385799999999918e-09,1.004000000000000092e+01,6.307000000000000000e+07,6.970000000000000000e+07
6.054138259590478241e+07,-1.651762740000000100e-09,1.004499999999999993e+01,6.307000000000000000e+07,6.970000000000000000e+07
6.056426612364906073e+07,-1.651138640000000298e-09,1.005000000000000071e+01,6.307000000000000000e+07,6.970000000000000000e+07
6.060526024932070076e+07,-1.650021790000000173e-09,1.005499999999999972e+01,6.307000000000000000e+07,6.970000000000000000e+07
6.068765571086982638e+07,-1.647781560000000198e-09,1.006000000000000050e+01,6.307000000000000000e+07,6.970000000000000000e+07
6.075055192787684500e+07,-1.646075580000000128e-09,1.006499999999999950e+01,6.307000000000000000e+07,6.970000000000000000e+07
6.079379442236755788e+07,-1.644904729999999953e-09,1.007000000000000028e+01,6.307000000000000000e+07,6.970000000000000000e+07
6.087560227733679861e+07,-1.642694220000000229e-09,1.007500000000000107e+01,6.307000000000000000e+07,6.970000000000000000e+07
6.095378012608582526e+07,-1.640587339999999956e-09,1.008000000000000007e+01,6.307000000000000000e+07,6.970000000000000000e+07
6.099257684964045882e+07,-1.639543779999999991e-09,1.008500000000000085e+01,6.307000000000000000e+07,6.970000000000000000e+07
6.100755725624831766e+07,-1.639141190000000118e-09,1.008999999999999986e+01,6.307000000000000000e+07,6.970000000000000000e+07
6.103180888772787899e+07,-1.638489859999999991e-09,1.009500000000000064e+01,6.307000000000000000e+07,6.970000000000000000e+07
6.104759268494290113e+07,-1.638066230000000070e-09,1.009999999999999964e+01,6.307000000000000000e+07,6.970000000000000000e+07
6.108132029203980416e+07,-1.637161730000000221e-09,1.010500000000000043e+01,6.307000000000000000e+07,6.970000000000000000e+07
6.114995087610420585e+07,-1.635324290000000183e-09,1.010999999999999943e+01,6.307000000000000000e+07,6.970000000000000000e+07
6.118786224208749831e+07,-1.634311060000000084e-09,1.011500000000000021e+01,6.307000000000000000e+07,6.970000000000000000e+07
6.120771463504245132e+07,-1.633780980000000144e-09,1.012000000000000099e+01,6.307000000000000000e+07,6.970000000000000000e+07
6.127179274531803280e+07,-1.632072369999999939e-09,1.012500000000000000e+01,6.307000000000000000e+07,6.970000000000000000e+07
6.132942519339682907e+07,-1.630538679999999948e-09,1.013000000000000078e+01,6.307000000000000000e+07,6.970000000000000000e+07
6.136110039303134382e+07,-1.629696980000000265e-09,1.013499999999999979e+01,6.307000000000000000e+07,6.970000000000000000e+07
6.141921565880446136e+07,-1.628154950000000138e-09,1.014000000000000057e+01,6.307000000000000000e+07,6.970000000000000000e+07
6.147852924152161926e+07,-1.626584129999999974e-09,1.014499999999999957e+01,6.307000000000000000e+07,6.970000000000000000e+07
6.148221231370790303e+07,-1.626486689999999974e-09,1.015000000000000036e+01,6.307000000000000000e+07,6.970000000000000000e+07
6.143343191883797944e+07,-1.627778180000000100e-09,1.015499999999999936e+01,6.307000000000000000e+07,6.970000000000000000e+07
6.137975313836672902e+07,-1.629201729999999971e-09,1.016000000000000014e+01,6.307000000000000000e+07,6.970000000000000000e+07
6.125834765972100198e+07,-1.632430580000000223e-09,1.016500000000000092e+01,6.307000000000000000e+07,6.970000000000000000e+07
6.116827939282017201e+07,-1.634834280000000071e-09,1.016999999999999993e+01,6.307000000000000000e+07,6.970000000000000000e+07
6.116532819394517690e+07,-1.634913160000000111e-09,1.017500000000000071e+01,6.307000000000000000e+07,6.970000000000000000e+07
6.117976925744125247e+07,-1.634527250000000302e-09,1.017999999999999972e+01,6.307000000000000000e+07,6.970000000000000000e+07
6.117838514060716331e+07,-1.634564230000000220e-09,1.018500000000000050e+01,6.307000000000000000e+07,6.970000000000000000e+07
6.122514253090731055e+07,-1.633315920000000127e-09,1.018999999999999950e+01,6.307000000000000000e+07,6.970000000000000000e+07
6.130051444372529536e+07,-1.631307680000000031e-09,1.019500000000000028e+01,6.307000000000000000e+07,6.970000000000000000e+07
6.135183002662000060e+07,-1.629943230000000180e-09,1.020000000000000107e+01,6.307000000000000000e+07,6.970000000000000000e+07
6.140792227781044692e+07,-1.628454380000000172e-09,1.020500000000000007e+01,6.307000000000000000e+07,6.970000000000000000e+07
6.149152212694944441e+07,-1.626240440000000058e-09,1.021000000000000085e+01,6.307000000000000000e+07,6.970000000000000000e+07
6.154924042020847648e+07,-1.624715420000000225e-09,1.021499999999999986e+01,6.307000000000000000e+07,6.970000000000000000e+07
6.158440464126677811e+07,-1.623787720000000011e-09,1.022000000000000064e+01,6.307000000000000000e+07,6.970000000000000000e+07
6.162590585459663719e+07,-1.622694200000000003e-09,1.022499999999999964e+01,6.307000000000000000e+07,6.970000000000000000e+07
6.154947984226837754e+07,-1.624709100000000196e-09,1.023000000000000043e+01,6.307000000000000000e+07,6.970000000000000000e+07
6.137167749004273862e+07,-1.629416109999999984e-09,1.023499999999999943e+01,6.307000000000000000e+07,6.970000000000000000e+07
6.127316344629829377e+07,-1.632035860000000047e-09,1.024000000000000021e+01,6.307000000000000000e+07,6.970000000000000000e+07
6.123862104514326155e+07,-1.632956429999999931e-09,1.024500000000000099e+01,6.307000000000000000e+07,6.970000000000000000e+07
6.116016652543357015e+07,-1.635051140000000171e-09,1.025000000000000000e+01,6.307000000000000000e+07,6.970000000000000000e+07
6.101511146011754125e+07,-1.638938250000000195e-09,1.025500000000000078e+01,6.307000000000000000e+07,6.970000000000000000e+07
6.087900146261800826e+07,-1.642602500000000067e-09,1.025999999999999979e+01,6.307000000000000000e+07,6.970000000000000000e+07
6.078067759891840816e+07,-1.645259710000000118e-09,1.026500000000000057e+01,6.307000000000000000e+07,6.970000000000000000e+07
6.073051104154174030e+07,-1.646618780000000197e-09,1.026999999999999957e+01,6.307000000000000000e+07,6.970000000000000000e+07
6.075397185773956776e+07,-1.645982920000000121e-09,1.027500000000000036e+01,6.307000000000000000e+07,6.970000000000000000e+07
6.076198248168852180e+07,-1.645765920000000224e-09,1.027999999999999936e+01,6.307000000000000000e+07,6.970000000000000000e+07
6.065462842125464231e+07,-1.648678800000000174e-09,1.028500000000000014e+01,6.307000000000000000e+07,6.970000000000000000e+07
6.059539948819913715e+07,-1.650290299999999987e-09,1.029000000000000092e+01,6.307000000000000000e+07,6.970000000000000000e+07
6.058022369138553739e+07,-1.650703710000000084e-09,1.029499999999999993e+01,6.307000000000000000e+07,6.970000000000000000e+07
6.047113996401519328e+07,-1.653681410000000099e-09,1.030000000000000071e+01,6.307000000000000000e+07,6.970000000000000000e+07
6.033596974571055174e+07,-1.657386140000000178e-09,1.030499999999999972e+01,6.307000000000000000e+07,6.970000000000000000e+07
6.024788365150421858e+07,-1.659809340000000037e-09,1.031000000000000050e+01,6.307000000000000000e+07,6.970000000000000000e+07
6.014289651497475803e+07,-1.662706749999999936e-09,1.031499999999999950e+01,6.307000000000000000e+07,6.970000000000000000e+07
5.998884195541860908e+07,-1.666976670000000021e-09,1.032000000000000028e+01,6.307000000000000000e+07,6.970000000000000000e+07
5.993301179392371327e+07,-1.668529530000000208e-09,1.032500000000000107e+01,6.307000000000000000e+07,6.970000000000000000e+07
5.991482221283077449e+07,-1.669036079999999968e-09,1.033000000000000007e+01,6.307000000000000000e+07,6.970000000000000000e+07
5.991014185661181808e+07,-1.669166470000000132e-09,1.033500000000000085e+01,6.307000000000000000e+07,6.970000000000000000e+07
5.998929215130815655e+07,-1.666964160000000127e-09,1.033999999999999986e+01,6.307000000000000000e+07,6.970000000000000000e+07
6.011885521723990887e+07,-1.663371659999999966e-09,1.034500000000000064e+01,6.307000000000000000e+07,6.970000000000000000e+07
6.022759006507597864e+07,-1.660368609999999935e-09,1.034999999999999964e+01,6.307000000000000000e+07,6.970000000000000000e+07
6.033435889877703786e+07,-1.657430390000000221e-09,1.035500000000000043e+01,6.307000000000000000e+07,6.970000000000000000e+07
6.045587392565906793e+07,-1.654098990000000160e-09,1.035999999999999943e+01,6.307000000000000000e+07,6.970000000000000000e+07
6.046692803697867692e+07,-1.653796599999999967e-09,1.036500000000000021e+01,6.307000000000000000e+07,6.970000000000000000e+07
6.038298755216787755e+07,-1.656095600000000147e-09,1.037000000000000099e+01,6.307000000000000000e+07,6.970000000000000000e+07
6.032848704341071099e+07,-1.657591710000000029e-09,1.037500000000000000e+01,6.307000000000000000e+07,6.970000000000000000e+07
6.021785688525374979e+07,-1.660636980000000160e-09,1.038000000000000078e+01,6.307000000000000000e+07,6.970000000000000000e+07
6.008627174880439043e+07,-1.664273670000000097e-09,1.038499999999999979e+01,6.307000000000000000e+07,6.970000000000000000e+07
5.994891620962162316e+07,-1.668086870000000094e-09,1.039000000000000057e+01,6.307000000000000000e+07,6.970000000000000000e+07
5.980802115634585917e+07,-1.672016530000000240e-09,1.039499999999999957e+01,6.307000000000000000e+07,6.970000000000000000e+07
5.969690282558454573e+07,-1.675128780000000133e-09,1.040000000000000036e+01,6.307000000000000000e+07,6.970000000000000000e+07
5.964647285026462376e+07,-1.676545070000000130e-09,1.040499999999999936e+01,6.307000000000000000e+07,6.970000000000000000e+07
5.966906961170282215e+07,-1.675910159999999943e-09,1.041000000000000014e+01,6.307000000000000000e+07,6.970000000000000000e+07
5.962051755211939663e+07,-1.677274940000000023e-09,1.041500000000000092e+01,6.307000000000000000e+07,6.970000000000000000e+07
5.956162725724942982e+07,-1.678933309999999971e-09,1.041999999999999993e+01,6.307000000000000000e+07,6.970000000000000000e+07
5.954760588135982305e+07,-1.679328640000000177e-09,1.042500000000000071e+01,6.307000000000000000e+07,6.970000000000000000e+07
5.947563390632377565e+07,-1.681360809999999961e-09,1.042999999999999972e+01,6.307000000000000000e+07,6.970000000000000000e+07
5.942108673490434140e+07,-1.682904260000000003e-09,1.043500000000000050e+01,6.307000000000000000e+07,6.970000000000000000e+07
5.943338799184293300e+07,-1.682555940000000142e-09,1.043999999999999950e+01,6.307000000000000000e+07,6.970000000000000000e+07
5.945801569028062373e+07,-1.681859020000000206e-09,1.044500000000000028e+01,6.307000000000000000e+07,6.970000000000000000e+07
5.946530026982558519e+07,-1.681652989999999959e-09,1.045000000000000107e+01,6.307000000000000000e+07,6.970000000000000000e+07
5.949823236701460928e+07,-1.680722200000000042e-09,1.045500000000000007e+01,6.307000000000000000e+07,6.970000000000000000e+07
5.952036690830209106e+07,-1.680097170000000234e-09,1.046000000000000085e+01,6.307000000000000000e+07,6.970000000000000000e+07
5.944176432096546143e+07,-1.682318840000000041e-09,1.046499999999999986e+01,6.307000000000000000e+07,6.970000000000000000e+07
5.936202327620549500e+07,-1.684578700000000193e-09,1.047000000000000064e+01,6.307000000000000000e+07,6.970000000000000000e+07
5.936069375745076686e+07,-1.684616430000000144e-09,1.047499999999999964e+01,6.307000000000000000e+07,6.970000000000000000e+07
5.937775191757926345e+07,-1.684132470000000099e-09,1.048000000000000043e+01,6.307000000000000000e+07,6.970000000000000000e+07
5.936214379211358726e+07,-1.684575280000000055e-09,1.048499999999999943e+01,6.307000000000000000e+07,6.970000000000000000e+07
5.936954024720799923e+07,-1.684365410000000073e-09,1.049000000000000021e+01,6.307000000000000000e+07,6.970000000000000000e+07
5.940023828880792111e+07,-1.683494929999999984e-09,1.049500000000000099e+01,6.307000000000000000e+07,6.970000000000000000e+07
5.938216891234194487e+07,-1.684007199999999995e-09,1.050000000000000000e+01,6.307000000000000000e+07,6.970000000000000000e+07
5.940180422882038355e+07,-1.683450550000000188e-09,1.050500000000000078e+01,6.307000000000000000e+07,6.970000000000000000e+07
5.942374100509517640e+07,-1.682829090000000153e-09,1.050999999999999979e+01,6.307000000000000000e+07,6.970000000000000000e+07
5.936725559716415405e+07,-1.684430230000000139e-09,1.051500000000000057e+01,6.307000000000000000e+07,6.970000000000000000e+07
5.923785956055306643e+07,-1.688109609999999995e-09,1.051999999999999957e+01,6.307000000000000000e+07,6.970000000000000000e+07
5.909313174475709349e+07,-1.692244040000000151e-09,1.052500000000000036e+01,6.307000000000000000e+07,6.970000000000000000e+07
5.893406961945293099e+07,-1.696811380000000002e-09,1.052999999999999936e+01,6.307000000000000000e+07,6.970000000000000000e+07
5.880574344170269370e+07,-1.700514170000000123e-09,1.053500000000000014e+01,6.307000000000000000e+07,6.970000000000000000e+07
5.877378708138877153e+07,-1.701438770000000176e-09,1.054000000000000092e+01,6.307000000000000000e+07,6.970000000000000000e+07
5.876958308293572813e+07,-1.701560480000000138e-09,1.054499999999999993e+01,6.307000000000000000e+07,6.970000000000000000e+07
5.877544798367270082e+07,-1.701390690000000028e-09,1.055000000000000071e+01,6.307000000000000000e+07,6.970000000000000000e+07
5.882407336143131554e+07,-1.699984280000000203e-09,1.055499999999999972e+01,6.307000000000000000e+07,6.970000000000000000e+07
5.891557807125656307e+07,-1.697343950000000073e-09,1.056000000000000050e+01,6.307000000000000000e+07,6.970000000000000000e+07
5.897866307083980739e+07,-1.695528430000000075e-09,1.056499999999999950e+01,6.307000000000000000e+07,6.970000000000000000e+07
5.895800464368573576e+07,-1.696122530000000032e-09,1.057000000000000028e+01,6.307000000000000000e+07,6.970000000000000000e+07
5.896575863702865690e+07,-1.695899490000000113e-09,1.057500000000000107e+01,6.307000000000000000e+07,6.970000000000000000e+07
5.897730162413993478e+07,-1.695567570000000102e-09,1.058000000000000007e+01,6.307000000000000000e+07,6.970000000000000000e+07
5.899546927774950117e+07,-1.695045420000000126e-09,1.058500000000000085e+01,6.307000000000000000e+07,6.970000000000000000e+07
5.907026730819969624e+07,-1.692899060000000172e-09,1.058999999999999986e+01,6.307000000000000000e+07,6.970000000000000000e+07
5.916306029851184040e+07,-1.690243870000000021e-09,1.059500000000000064e+01,6.307000000000000000e+07,6.970000000000000000e+07
5.923831013550247997e+07,-1.688096770000000079e-09,1.059999999999999964e+01,6.307000000000000000e+07,6.970000000000000000e+07
5.933141927405954897e+07,-1.685447630000000202e-09,1.060500000000000043e+01,6.307000000000000000e+07,6.970000000000000000e+07
5.942992969112453610e+07,-1.682653849999999961e-09,1.060999999999999943e+01,6.307000000000000000e+07,6.970000000000000000e+07
5.948369379153043032e+07,-1.681132990000000255e-09,1.061500000000000021e+01,6.307000000000000000e+07,6.970000000000000000e+07
5.948137876551180333e+07,-1.681198420000000143e-09,1.062000000000000099e+01,6.307000000000000000e+07,6.970000000000000000e+07
5.943437140812090784e+07,-1.682528100000000201e-09,1.062500000000000000e+01,6.307000000000000000e+07,6.970000000000000000e+07
5.938878523203308135e+07,-1.683819590000000120e-09,1.063000000000000078e+01,6.307000000000000000e+07,6.970000000000000000e+07
5.935998550381666422e+07,-1.684636529999999934e-09,1.063499999999999979e+01,6.307000000000000000e+07,6.970000000000000000e+07
5.934025703980024159e+07,-1.685196610000000131e-09,1.064000000000000057e+01,6.307000000000000000e+07,6.970000000000000000e+07
5.931733822721936554e+07,-1.685847730000000150e-09,1.064499999999999957e+01,6.307000000000000000e+07,6.970000000000000000e+07
5.923990545050434023e+07,-1.688051310000000229e-09,1.065000000000000036e+01,6.307000000000000000e+07,6.970000000000000000e+07
5.917195651630431414e+07,-1.689989750000000202e-09,1.065499999999999936e+01,6.307000000000000000e+07,6.970000000000000000e+07
5.909576168565648794e+07,-1.692168730000000091e-09,1.066000000000000014e+01,6.307000000000000000e+07,6.970000000000000000e+07
5.901068109260660410e+07,-1.694608470000000012e-09,1.066500000000000092e+01,6.307000000000000000e+07,6.970000000000000000e+07
5.894799046506822854e+07,-1.696410670000000025e-09,1.066999999999999993e+01,6.307000000000000000e+07,6.970000000000000000e+07
5.891734488631765544e+07,-1.697293050000000185e-09,1.067500000000000071e+01,6.307000000000000000e+07,6.970000000000000000e+07
5.889661734228095412e+07,-1.697890380000000055e-09,1.067999999999999972e+01,6.307000000000000000e+07,6.970000000000000000e+07
5.885504074678665400e+07,-1.699089810000000159e-09,1.068500000000000050e+01,6.307000000000000000e+07,6.970000000000000000e+07
5.884062642107468098e+07,-1.699506039999999996e-09,1.068999999999999950e+01,6.307000000000000000e+07,6.970000000000000000e+07
5.884806074513390660e+07,-1.699291340000000212e-09,1.069500000000000028e+01,6.307000000000000000e+07,6.970000000000000000e+07
5.878320309708946198e+07,-1.701166229999999987e-09,1.070000000000000107e+01,6.307000000000000000e+07,6.970000000000000000e+07
5.874862284415759891e+07,-1.702167560000000014e-09,1.070500000000000007e+01,6.307000000000000000e+07,6.970000000000000000e+07
5.877765034391332418e+07,-1.701326939999999973e-09,1.071000000000000085e+01,6.307000000000000000e+07,6.970000000000000000e+07
5.873223291956103593e+07,-1.702642570000000101e-09,1.071499999999999986e+01,6.307000000000000000e+07,6.970000000000000000e+07
5.860912550882830471e+07,-1.706218940000000166e-09,1.072000000000000064e+01,6.307000000000000000e+07,6.970000000000000000e+07
5.852180509875791520e+07,-1.708764790000000039e-09,1.072499999999999964e+01,6.307000000000000000e+07,6.970000000000000000e+07
5.847008223589032888e+07,-1.710276370000000179e-09,1.073000000000000043e+01,6.307000000000000000e+07,6.970000000000000000e+07
5.836385500312649459e+07,-1.713389220000000056e-09,1.073499999999999943e+01,6.307000000000000000e+07,6.970000000000000000e+07
5.824503424971099943e+07,-1.716884560000000016e-09,1.074000000000000021e+01,6.307000000000000000e+07,6.970000000000000000e+07
5.816632385762038082e+07,-1.719207839999999995e-09,1.074500000000000099e+01,6.307000000000000000e+07,6.970000000000000000e+07
5.804613696196142584e+07,-1.722767530000000203e-09,1.075000000000000000e+01,6.307000000000000000e+07,6.970000000000000000e+07
5.791683086329536140e+07,-1.726613810000000115e-09,1.075500000000000078e+01,6.307000000000000000e+07,6.970000000000000000e+07
5.781882629204969853e+07,-1.729540470000000238e-09,1.075999999999999979e+01,6.307000000000000000e+07,6.970000000000000000e+07
5.773005993194214255e+07,-1.732199830000000147e-09,1.076500000000000057e+01,6.307000000000000000e+07,6.970000000000000000e+07
5.770155858372309059e+07,-1.733055440000000170e-09,1.076999999999999957e+01,6.307000000000000000e+07,6.970000000000000000e+07
5.774269785698543489e+07,-1.731820710000000187e-09,1.077500000000000036e+01,6.307000000000000000e+07,6.970000000000000000e+07
5.774840226917957515e+07,-1.731649640000000166e-09,1.077999999999999936e+01,6.307000000000000000e+07,6.970000000000000000e+07
5.777611272156568617e+07,-1.730819110000000198e-09,1.078500000000000014e+01,6.307000000000000000e+07,6.970000000000000000e+07
5.784083572835364193e+07,-1.728882350000000056e-09,1.079000000000000092e+01,6.307000000000000000e+07,6.970000000000000000e+07
5.791963222423608601e+07,-1.726530300000000130e-09,1.079499999999999993e+01,6.307000000000000000e+07,6.970000000000000000e+07
5.791121721630068123e+07,-1.726781179999999990e-09,1.080000000000000071e+01,6.307000000000000000e+07,6.970000000000000000e+07
5.788525170382922888e+07,-1.727555760000000115e-09,1.080499999999999972e+01,6.307000000000000000e+07,6.970000000000000000e+07
5.791584972982198000e+07,-1.726643060000000133e-09,1.081000000000000050e+01,6.307000000000000000e+07,6.970000000000000000e+07
5.796593634069576114e+07,-1.725151120000000216e-09,1.081499999999999950e+01,6.307000000000000000e+07,6.970000000000000000e+07
5.804941552858900279e+07,-1.722670230000000205e-09,1.082000000000000028e+01,6.307000000000000000e+07,6.970000000000000000e+07
5.818793371249210835e+07,-1.718569360000000242e-09,1.082500000000000107e+01,6.307000000000000000e+07,6.970000000000000000e+07
5.832019082972969115e+07,-1.714672030000000186e-09,1.083000000000000007e+01,6.307000000000000000e+07,6.970000000000000000e+07
5.841807702995953709e+07,-1.711798900000000087e-09,1.083500000000000085e+01,6.307000000000000000e+07,6.970000000000000000e+07
5.847203406571349502e+07,-1.710219280000000013e-09,1.083999999999999986e+01,6.307000000000000000e+07,6.970000000000000000e+07
5.845067222978343815e+07,-1.710844310000000028e-09,1.084500000000000064e+01,6.307000000000000000e+07,6.970000000000000000e+07
5.833432404460336268e+07,-1.714256599999999984e-09,1.084999999999999964e+01,6.307000000000000000e+07,6.970000000000000000e+07
5.820750466680124402e+07,-1.717991529999999970e-09,1.085500000000000043e+01,6.307000000000000000e+07,6.970000000000000000e+07
5.813591524699778855e+07,-1.720107090000000032e-09,1.085999999999999943e+01,6.307000000000000000e+07,6.970000000000000000e+07
5.809449746232197434e+07,-1.721333420000000025e-09,1.086500000000000021e+01,6.307000000000000000e+07,6.970000000000000000e+07
5.810995218817731738e+07,-1.720875620000000089e-09,1.087000000000000099e+01,6.307000000000000000e+07,6.970000000000000000e+07
5.817759216152357310e+07,-1.718874849999999975e-09,1.087500000000000000e+01,6.307000000000000000e+07,6.970000000000000000e+07
5.816960011209514737e+07,-1.719111010000000024e-09,1.088000000000000078e+01,6.307000000000000000e+07,6.970000000000000000e+07
5.810324096450008452e+07,-1.721074390000000255e-09,1.088499999999999979e+01,6.307000000000000000e+07,6.970000000000000000e+07
5.805030178233060986e+07,-1.722643930000000093e-09,1.089000000000000057e+01,6.307000000000000000e+07,6.970000000000000000e+07
5.803872701384922117e+07,-1.722987480000000213e-09,1.089499999999999957e+01,6.307000000000000000e+07,6.970000000000000000e+07
5.804644963969842345e+07,-1.722758250000000222e-09,1.090000000000000036e+01,6.307000000000000000e+07,6.970000000000000000e+07
5.808911049626369029e+07,-1.721493050000000163e-09,1.090499999999999936e+01,6.307000000000000000e+07,6.970000000000000000e+07
5.811243860776799917e+07,-1.720801990000000069e-09,1.091000000000000014e+01,6.307000000000000000e+07,6.970000000000000000e+07
5.810362211588871479e+07,-1.721063100000000213e-09,1.091500000000000092e+01,6.307000000000000000e+07,6.970000000000000000e+07
5.808078178312077373e+07,-1.721739910000000108e-09,1.091999999999999993e+01,6.307000000000000000e+07,6.970000000000000000e+07
5.805860557569883019e+07,-1.722397550000000013e-09,1.092500000000000071e+01,6.307000000000000000e+07,6.970000000000000000e+07
5.799817579497635365e+07,-1.724192160000000129e-09,1.092999999999999972e+01,6.307000000000000000e+07,6.970000000000000000e+07
5.788600394628569484e+07,-1.727533310000000196e-09,1.093500000000000050e+01,6.307000000000000000e+07,6.970000000000000000e+07
5.778015107822325826e+07,-1.730698140000000224e-09,1.093999999999999950e+01,6.307000000000000000e+07,6.970000000000000000e+07
5.768105999653348327e+07,-1.733671330000000001e-09,1.094500000000000028e+01,6.307000000000000000e+07,6.970000000000000000e+07
5.761342815067111701e+07,-1.735706470000000194e-09,1.095000000000000107e+01,6.307000000000000000e+07,6.970000000000000000e+07
5.763149549241308868e+07,-1.735162330000000281e-09,1.095500000000000007e+01,6.307000000000000000e+07,6.970000000000000000e+07
5.771984016706707329e+07,-1.732506530000000100e-09,1.096000000000000085e+01,6.307000000000000000e+07,6.970000000000000000e+07
5.780803805045304447e+07,-1.729863240000000227e-09,1.096499999999999986e+01,6.307000000000000000e+07,6.970000000000000000e+07
5.789063242673496157e+07,-1.727395190000000132e-09,1.097000000000000064e+01,6.307000000000000000e+07,6.970000000000000000e+07
5.798637768938863277e+07,-1.724542969999999915e-09,1.097499999999999964e+01,6.307000000000000000e+07,6.970000000000000000e+07
5.806675529550372064e+07,-1.722155810000000129e-09,1.098000000000000043e+01,6.307000000000000000e+07,6.970000000000000000e+07
5.809099377912842482e+07,-1.721437240000000116e-09,1.098499999999999943e+01,6.307000000000000000e+07,6.970000000000000000e+07
5.812900035424393415e+07,-1.720311710000000201e-09,1.099000000000000021e+01,6.307000000000000000e+07,6.970000000000000000e+07
5.818437778664986044e+07,-1.718674390000000139e-09,1.099500000000000099e+01,6.307000000000000000e+07,6.970000000000000000e+07
5.820621517933227122e+07,-1.718029590000000150e-09,1.100000000000000000e+01,6.307000000000000000e+07,6.970000000000000000e+07
5.818810672920724750e+07,-1.718564250000000019e-09,1.100500000000000078e+01,6.307000000000000000e+07,6.970000000000000000e+07
5.819629758995687962e+07,-1.718322370000000132e-09,1.100999999999999979e+01,6.307000000000000000e+07,6.970000000000000000e+07
5.812436983011339605e+07,-1.720448760000000048e-09,1.101500000000000057e+01,6.307000000000000000e+07,6.970000000000000000e+07
5.802693934314630181e+07,-1.723337490000000158e-09,1.101999999999999957e+01,6.307000000000000000e+07,6.970000000000000000e+07
5.799282685564766079e+07,-1.724351190000000075e-09,1.102500000000000036e+01,6.307000000000000000e+07,6.970000000000000000e+07
5.794166645088224858e+07,-1.725873730000000028e-09,1.102999999999999936e+01,6.307000000000000000e+07,6.970000000000000000e+07
5.787459374205490202e+07,-1.727873900000000158e-09,1.103500000000000014e+01,6.307000000000000000e+07,6.970000000000000000e+07
5.783837918630862981e+07,-1.728955780000000013e-09,1.104000000000000092e+01,6.307000000000000000e+07,6.970000000000000000e+07
5.782184118168553710e+07,-1.729450290000000112e-09,1.104499999999999993e+01,6.307000000000000000e+07,6.970000000000000000e+07
5.773942250588573515e+07,-1.731918950000000236e-09,1.105000000000000071e+01,6.307000000000000000e+07,6.970000000000000000e+07
5.772971032755421847e+07,-1.732210320000000141e-09,1.105499999999999972e+01,6.307000000000000000e+07,6.970000000000000000e+07
5.780628100158075988e+07,-1.729915820000000155e-09,1.106000000000000050e+01,6.307000000000000000e+07,6.970000000000000000e+07
5.786267041605198383e+07,-1.728229950000000126e-09,1.106499999999999950e+01,6.307000000000000000e+07,6.970000000000000000e+07
5.784614528848410398e+07,-1.728723660000000177e-09,1.107000000000000028e+01,6.307000000000000000e+07,6.970000000000000000e+07
5.781985127913209796e+07,-1.729509809999999936e-09,1.107500000000000107e+01,6.307000000000000000e+07,6.970000000000000000e+07
5.781585918272206932e+07,-1.729629230000000036e-09,1.108000000000000007e+01,6.307000000000000000e+07,6.970000000000000000e+07
5.779293886913169920e+07,-1.730315190000000159e-09,1.108500000000000085e+01,6.307000000000000000e+07,6.970000000000000000e+07
5.775689344984038174e+07,-1.731395060000000160e-09,1.108999999999999986e+01,6.307000000000000000e+07,6.970000000000000000e+07
5.771061849468234926e+07,-1.732783370000000006e-09,1.109500000000000064e+01,6.307000000000000000e+07,6.970000000000000000e+07
5.760343478682601452e+07,-1.736007590000000106e-09,1.109999999999999964e+01,6.307000000000000000e+07,6.970000000000000000e+07
5.754726214210256934e+07,-1.737702130000000086e-09,1.110500000000000043e+01,6.307000000000000000e+07,6.970000000000000000e+07
5.753782836033116281e+07,-1.737987039999999959e-09,1.110999999999999943e+01,6.307000000000000000e+07,6.970000000000000000e+07
5.749660219517081976e+07,-1.739233210000000238e-09,1.111500000000000021e+01,6.307000000000000000e+07,6.970000000000000000e+07
5.745802359556257725e+07,-1.740400970000000089e-09,1.112000000000000099e+01,6.307000000000000000e+07,6.970000000000000000e+07
5.744633331945812702e+07,-1.740755140000000161e-09,1.112500000000000000e+01,6.307000000000000000e+07,6.970000000000000000e+07
5.745993980623117834e+07,-1.740342930000000034e-09,1.113000000000000078e+01,6.307000000000000000e+07,6.970000000000000000e+07
5.749682236624090374e+07,-1.739226549999999935e-09,1.113499999999999979e+01,6.307000000000000000e+07,6.970000000000000000e+07
5.759111445584946126e+07,-1.736378970000000121e-09,1.114000000000000057e+01,6.307000000000000000e+07,6.970000000000000000e+07
5.764832922315157950e+07,-1.734655650000000148e-09,1.114499999999999957e+01,6.307000000000000000e+07,6.970000000000000000e+07
5.766301310740257800e+07,-1.734213920000000041e-09,1.115000000000000036e+01,6.307000000000000000e+07,6.970000000000000000e+07
5.771841761748957634e+07,-1.732549230000000063e-09,1.115499999999999936e+01,6.307000000000000000e+07,6.970000000000000000e+07
5.779350734677133709e+07,-1.730298170000000028e-09,1.116000000000000014e+01,6.307000000000000000e+07,6.970000000000000000e+07
5.782490787899469584e+07,-1.729358570000000157e-09,1.116500000000000092e+01,6.307000000000000000e+07,6.970000000000000000e+07
5.786253080109308660e+07,-1.728234120000000090e-09,1.116999999999999993e+01,6.307000000000000000e+07,6.970000000000000000e+07
5.787545892272807658e+07,-1.727848070000000279e-09,1.117500000000000071e+01,6.307000000000000000e+07,6.970000000000000000e+07
5.790328242185296118e+07,-1.727017810000000065e-09,1.117999999999999972e+01,6.307000000000000000e+07,6.970000000000000000e+07
5.794522903379077464e+07,-1.725767620000000076e-09,1.118500000000000050e+01,6.307000000000000000e+07,6.970000000000000000e+07
5.802497637527593225e+07,-1.723395790000000131e-09,1.118999999999999950e+01,6.307000000000000000e+07,6.970000000000000000e+07
5.805338130322932452e+07,-1.722552550000000205e-09,1.119500000000000028e+01,6.307000000000000000e+07,6.970000000000000000e+07
5.800580856245550513e+07,-1.723965280000000060e-09,1.120000000000000107e+01,6.307000000000000000e+07,6.970000000000000000e+07
5.802444003340072185e+07,-1.723411720000000163e-09,1.120500000000000007e+01,6.307000000000000000e+07,6.970000000000000000e+07
5.808123550590027869e+07,-1.721726460000000163e-09,1.121000000000000085e+01,6.307000000000000000e+07,6.970000000000000000e+07
5.809512858868713677e+07,-1.721314720000000268e-09,1.121499999999999986e+01,6.307000000000000000e+07,6.970000000000000000e+07
5.814361169742482901e+07,-1.719879400000000078e-09,1.122000000000000064e+01,6.307000000000000000e+07,6.970000000000000000e+07
5.823495048005545139e+07,-1.717181850000000030e-09,1.122499999999999964e+01,6.307000000000000000e+07,6.970000000000000000e+07
5.830114294027028978e+07,-1.715232240000000136e-09,1.123000000000000043e+01,6.307000000000000000e+07,6.970000000000000000e+07
5.836067808314749599e+07,-1.713482490000000092e-09,1.123499999999999943e+01,6.307000000000000000e+07,6.970000000000000000e+07
5.838945635428133607e+07,-1.712637970000000255e-09,1.124000000000000021e+01,6.307000000000000000e+07,6.970000000000000000e+07
5.834335706241290271e+07,-1.713991190000000124e-09,1.124500000000000099e+01,6.307000000000000000e+07,6.970000000000000000e+07
5.825173517647415400e+07,-1.716687060000000132e-09,1.125000000000000000e+01,6.307000000000000000e+07,6.970000000000000000e+07
5.822369181408081204e+07,-1.717513899999999999e-09,1.125500000000000078e+01,6.307000000000000000e+07,6.970000000000000000e+07
5.817635205870897323e+07,-1.718911490000000033e-09,1.125999999999999979e+01,6.307000000000000000e+07,6.970000000000000000e+07
5.814045870856773853e+07,-1.719972670000000114e-09,1.126500000000000057e+01,6.307000000000000000e+07,6.970000000000000000e+07
5.815689065812488645e+07,-1.719486700000000214e-09,1.126999999999999957e+01,6.307000000000000000e+07,6.970000000000000000e+07
5.824461460246189684e+07,-1.716896930000000113e-09,1.127500000000000036e+01,6.307000000000000000e+07,6.970000000000000000e+07
5.828496502083195001e+07,-1.715708330000000070e-09,1.127999999999999936e+01,6.307000000000000000e+07,6.970000000000000000e+07
5.828688854336291552e+07,-1.715651710000000137e-09,1.128500000000000014e+01,6.307000000000000000e+07,6.970000000000000000e+07
5.826272158514687419e+07,-1.716363350000000092e-09,1.129000000000000092e+01,6.307000000000000000e+07,6.970000000000000000e+07
5.820729494332506508e+07,-1.717997720000000248e-09,1.129499999999999993e+01,6.307000000000000000e+07,6.970000000000000000e+07
5.817903743538890779e+07,-1.718832150000000012e-09,1.130000000000000071e+01,6.307000000000000000e+07,6.970000000000000000e+07
5.822483392690737545e+07,-1.717480210000000055e-09,1.130499999999999972e+01,6.307000000000000000e+07,6.970000000000000000e+07
5.831838618515811861e+07,-1.714725089999999978e-09,1.131000000000000050e+01,6.307000000000000000e+07,6.970000000000000000e+07
5.837200137921365350e+07,-1.713150100000000056e-09,1.131499999999999950e+01,6.307000000000000000e+07,6.970000000000000000e+07
5.835551611293253303e+07,-1.713634060000000101e-09,1.132000000000000028e+01,6.307000000000000000e+07,6.970000000000000000e+07
5.838733582889759541e+07,-1.712700170000000023e-09,1.132500000000000107e+01,6.307000000000000000e+07,6.970000000000000000e+07
5.839761431262924522e+07,-1.712398720000000089e-09,1.133000000000000007e+01,6.307000000000000000e+07,6.970000000000000000e+07
5.836042604254876077e+07,-1.713489889999999969e-09,1.133500000000000085e+01,6.307000000000000000e+07,6.970000000000000000e+07
5.833723026031472534e+07,-1.714171200000000058e-09,1.133999999999999986e+01,6.307000000000000000e+07,6.970000000000000000e+07
5.827382861577262729e+07,-1.716036210000000075e-09,1.134500000000000064e+01,6.307000000000000000e+07,6.970000000000000000e+07
5.824000227368968725e+07,-1.717032900000000112e-09,1.134999999999999964e+01,6.307000000000000000e+07,6.970000000000000000e+07
5.821438131685342640e+07,-1.717788590000000254e-09,1.135500000000000043e+01,6.307000000000000000e+07,6.970000000000000000e+07
5.814516888014276326e+07,-1.719833340000000243e-09,1.135999999999999943e+01,6.307000000000000000e+07,6.970000000000000000e+07
5.804377615162333846e+07,-1.722837600000000288e-09,1.136500000000000021e+01,6.307000000000000000e+07,6.970000000000000000e+07
5.799847214624825865e+07,-1.724183349999999967e-09,1.137000000000000099e+01,6.307000000000000000e+07,6.970000000000000000e+07
5.802077916730968654e+07,-1.723520460000000043e-09,1.137500000000000000e+01,6.307000000000000000e+07,6.970000000000000000e+07
5.805621206810300052e+07,-1.722468560000000149e-09,1.138000000000000078e+01,6.307000000000000000e+07,6.970000000000000000e+07
5.806444506564368308e+07,-1.722224330000000134e-09,1.138499999999999979e+01,6.307000000000000000e+07,6.970000000000000000e+07
5.812831645660012960e+07,-1.720331950000000201e-09,1.139000000000000057e+01,6.307000000000000000e+07,6.970000000000000000e+07
5.819737698602186888e+07,-1.718290500000000023e-09,1.139499999999999957e+01,6.307000000000000000e+07,6.970000000000000000e+07
5.817092452335921675e+07,-1.719071870000000203e-09,1.140000000000000036e+01,6.307000000000000000e+07,6.970000000000000000e+07
5.817588534156644344e+07,-1.718925280000000251e-09,1.140499999999999936e+01,6.307000000000000000e+07,6.970000000000000000e+07
5.823867030586139858e+07,-1.717072170000000099e-09,1.141000000000000014e+01,6.307000000000000000e+07,6.970000000000000000e+07
5.829433005445215106e+07,-1.715432700000000178e-09,1.141500000000000092e+01,6.307000000000000000e+07,6.970000000000000000e+07
5.838526352212044597e+07,-1.712760960000000128e-09,1.141999999999999993e+01,6.307000000000000000e+07,6.970000000000000000e+07
5.849130430835717916e+07,-1.709655839999999944e-09,1.142500000000000071e+01,6.307000000000000000e+07,6.970000000000000000e+07
5.854580018921417743e+07,-1.708064449999999964e-09,1.142999999999999972e+01,6.307000000000000000e+07,6.970000000000000000e+07
5.857107258481669426e+07,-1.707327450000000156e-09,1.143500000000000050e+01,6.307000000000000000e+07,6.970000000000000000e+07
5.855449561508803815e+07,-1.707810800000000172e-09,1.143999999999999950e+01,6.307000000000000000e+07,6.970000000000000000e+07
5.847643940983612090e+07,-1.710090440000000136e-09,1.144500000000000028e+01,6.307000000000000000e+07,6.970000000000000000e+07
5.837401992793306708e+07,-1.713090860000000239e-09,1.145000000000000107e+01,6.307000000000000000e+07,6.970000000000000000e+07
5.832490499572875351e+07,-1.714533440000000097e-09,1.145500000000000007e+01,6.307000000000000000e+07,6.970000000000000000e+07
5.831017010417753458e+07,-1.714966700000000110e-09,1.146000000000000085e+01,6.307000000000000000e+07,6.970000000000000000e+07
5.825477434284973890e+07,-1.716597500000000079e-09,1.146499999999999986e+01,6.307000000000000000e+07,6.970000000000000000e+07
5.821756266445297003e+07,-1.717694720000000026e-09,1.147000000000000064e+01,6.307000000000000000e+07,6.970000000000000000e+07
5.822685383719887584e+07,-1.717420629999999963e-09,1.147499999999999964e+01,6.307000000000000000e+07,6.970000000000000000e+07
5.825967649823176116e+07,-1.716453060000000192e-09,1.148000000000000043e+01,6.307000000000000000e+07,6.970000000000000000e+07
5.824414237932039052e+07,-1.716910850000000291e-09,1.148499999999999943e+01,6.307000000000000000e+07,6.970000000000000000e+07
5.820149985497932136e+07,-1.718168780000000224e-09,1.149000000000000021e+01,6.307000000000000000e+07,6.970000000000000000e+07
5.819483113858996332e+07,-1.718365670000000080e-09,1.149500000000000099e+01,6.307000000000000000e+07,6.970000000000000000e+07
5.819427539654044807e+07,-1.718382080000000182e-09,1.150000000000000000e+01,6.307000000000000000e+07,6.970000000000000000e+07
5.824570020193725824e+07,-1.716864930000000252e-09,1.150500000000000078e+01,6.307000000000000000e+07,6.970000000000000000e+07
5.834544682051738352e+07,-1.713929800000000241e-09,1.150999999999999979e+01,6.307000000000000000e+07,6.970000000000000000e+07
5.844211348983889818e+07,-1.711094860000000073e-09,1.151500000000000057e+01,6.307000000000000000e+07,6.970000000000000000e+07
5.858074221484050155e+07,-1.707045630000000193e-09,1.151999999999999957e+01,6.307000000000000000e+07,6.970000000000000000e+07
5.872122391378624737e+07,-1.702961780000000154e-09,1.152500000000000036e+01,6.307000000000000000e+07,6.970000000000000000e+07
5.876253735461047292e+07,-1.701764499999999909e-09,1.152999999999999936e+01,6.307000000000000000e+07,6.970000000000000000e+07
5.872282874161135405e+07,-1.702915240000000249e-09,1.153500000000000014e+01,6.307000000000000000e+07,6.970000000000000000e+07
5.867250706883431226e+07,-1.704375780000000084e-09,1.154000000000000092e+01,6.307000000000000000e+07,6.970000000000000000e+07
5.858410685005273670e+07,-1.706947590000000001e-09,1.154499999999999993e+01,6.307000000000000000e+07,6.970000000000000000e+07
5.844698505435780436e+07,-1.710952240000000022e-09,1.155000000000000071e+01,6.307000000000000000e+07,6.970000000000000000e+07
5.830343533169524372e+07,-1.715164799999999979e-09,1.155499999999999972e+01,6.307000000000000000e+07,6.970000000000000000e+07
5.816529331623196602e+07,-1.719238300000000027e-09,1.156000000000000050e+01,6.307000000000000000e+07,6.970000000000000000e+07
5.807791253021496534e+07,-1.721824969999999967e-09,1.156499999999999950e+01,6.307000000000000000e+07,6.970000000000000000e+07
5.808811879326998442e+07,-1.721522440000000185e-09,1.157000000000000028e+01,6.307000000000000000e+07,6.970000000000000000e+07
5.814748553816794604e+07,-1.719764820000000031e-09,1.157500000000000107e+01,6.307000000000000000e+07,6.970000000000000000e+07
5.810549756158827245e+07,-1.721007550000000083e-09,1.158000000000000007e+01,6.307000000000000000e+07,6.970000000000000000e+07
5.802338252959933877e+07,-1.723443130000000084e-09,1.158500000000000085e+01,6.307000000000000000e+07,6.970000000000000000e+07
5.794409114869762957e+07,-1.725801510000000085e-09,1.158999999999999986e+01,6.307000000000000000e+07,6.970000000000000000e+07
5.788201845665400475e+07,-1.727652260000000064e-09,1.159500000000000064e+01,6.307000000000000000e+07,6.970000000000000000e+07
5.778954994573387504e+07,-1.730416660000000121e-09,1.159999999999999964e+01,6.307000000000000000e+07,6.970000000000000000e+07
5.773876774695573747e+07,-1.731938590000000044e-09,1.160500000000000043e+01,6.307000000000000000e+07,6.970000000000000000e+07
5.766025180797035247e+07,-1.734296970000000045e-09,1.160999999999999943e+01,6.307000000000000000e+07,6.970000000000000000e+07
5.754027036377787590e+07,-1.737913279999999979e-09,1.161500000000000021e+01,6.307000000000000000e+07,6.970000000000000000e+07
5.749528847671666741e+07,-1.739272950000000043e-09,1.162000000000000099e+01,6.307000000000000000e+07,6.970000000000000000e+07
5.754274403059197962e+07,-1.737838570000000111e-09,1.162500000000000000e+01,6.307000000000000000e+07,6.970000000000000000e+07
5.755226653688552976e+07,-1.737551030000000310e-09,1.163000000000000078e+01,6.307000000000000000e+07,6.970000000000000000e+07
5.748915836395306885e+07,-1.739458410000000060e-09,1.163499999999999979e+01,6.307000000000000000e+07,6.970000000000000000e+07
5.747541151604358852e+07,-1.739874450000000085e-09,1.164000000000000057e+01,6.307000000000000000e+07,6.970000000000000000e+07
5.746754912379256636e+07,-1.740112490000000030e-09,1.164499999999999957e+01,6.307000000000000000e+07,6.970000000000000000e+07
5.740620663965697587e+07,-1.741971920000000005e-09,1.165000000000000036e+01,6.307000000000000000e+07,6.970000000000000000e+07
5.734128255533397943e+07,-1.743944249999999988e-09,1.165499999999999936e+01,6.307000000000000000e+07,6.970000000000000000e+07
5.726025801346288621e+07,-1.746411970000000060e-09,1.166000000000000014e+01,6.307000000000000000e+07,6.970000000000000000e+07
5.718784207980012149e+07,-1.748623420000000042e-09,1.166500000000000092e+01,6.307000000000000000e+07,6.970000000000000000e+07
5.720610781146598607e+07,-1.748065090000000196e-09,1.166999999999999993e+01,6.307000000000000000e+07,6.970000000000000000e+07
5.730395427598295361e+07,-1.745080270000000309e-09,1.167500000000000071e+01,6.307000000000000000e+07,6.970000000000000000e+07
5.738098198817287385e+07,-1.742737690000000175e-09,1.167999999999999972e+01,6.307000000000000000e+07,6.970000000000000000e+07
5.738235700131577253e+07,-1.742695930000000057e-09,1.168500000000000050e+01,6.307000000000000000e+07,6.970000000000000000e+07
5.740547769038291276e+07,-1.741994040000000108e-09,1.168999999999999950e+01,6.307000000000000000e+07,6.970000000000000000e+07
5.747027184961546212e+07,-1.740030050000000262e-09,1.169500000000000028e+01,6.307000000000000000e+07,6.970000000000000000e+07
5.754625772485139221e+07,-1.737732459999999952e-09,1.170000000000000107e+01,6.307000000000000000e+07,6.970000000000000000e+07
5.762875746918401867e+07,-1.735244770000000049e-09,1.170500000000000007e+01,6.307000000000000000e+07,6.970000000000000000e+07
5.766712279630785435e+07,-1.734090329999999977e-09,1.171000000000000085e+01,6.307000000000000000e+07,6.970000000000000000e+07
5.767517894055898488e+07,-1.733848110000000229e-09,1.171499999999999986e+01,6.307000000000000000e+07,6.970000000000000000e+07
5.774677189337337762e+07,-1.731698530000000200e-09,1.172000000000000064e+01,6.307000000000000000e+07,6.970000000000000000e+07
5.786884428053596616e+07,-1.728045569999999957e-09,1.172499999999999964e+01,6.307000000000000000e+07,6.970000000000000000e+07
5.795994498326101899e+07,-1.725329450000000111e-09,1.173000000000000043e+01,6.307000000000000000e+07,6.970000000000000000e+07
5.805423127887324244e+07,-1.722527329999999941e-09,1.173499999999999943e+01,6.307000000000000000e+07,6.970000000000000000e+07
5.819288862766230106e+07,-1.718423030000000208e-09,1.174000000000000021e+01,6.307000000000000000e+07,6.970000000000000000e+07
5.831165393507508188e+07,-1.714923060000000095e-09,1.174500000000000099e+01,6.307000000000000000e+07,6.970000000000000000e+07
5.832599359029992670e+07,-1.714501440000000236e-09,1.175000000000000000e+01,6.307000000000000000e+07,6.970000000000000000e+07
5.832383651163734496e+07,-1.714564850000000018e-09,1.175500000000000078e+01,6.307000000000000000e+07,6.970000000000000000e+07
5.827668092063775659e+07,-1.715952220000000019e-09,1.175999999999999979e+01,6.307000000000000000e+07,6.970000000000000000e+07
5.817169368410258740e+07,-1.719049140000000278e-09,1.176500000000000057e+01,6.307000000000000000e+07,6.970000000000000000e+07
5.814808806179048866e+07,-1.719747000000000058e-09,1.176999999999999957e+01,6.307000000000000000e+07,6.970000000000000000e+07
5.812011735800081491e+07,-1.720574639999999974e-09,1.177500000000000036e+01,6.307000000000000000e+07,6.970000000000000000e+07
5.803289269538238645e+07,-1.723160700000000092e-09,1.177999999999999936e+01,6.307000000000000000e+07,6.970000000000000000e+07
5.791401367396194488e+07,-1.726697799999999964e-09,1.178500000000000014e+01,6.307000000000000000e+07,6.970000000000000000e+07
5.784290536723104864e+07,-1.728820489999999941e-09,1.179000000000000092e+01,6.307000000000000000e+07,6.970000000000000000e+07
5.782236943823179603e+07,-1.729434490000000245e-09,1.179499999999999993e+01,6.307000000000000000e+07,6.970000000000000000e+07
5.784784887712263316e+07,-1.728672750000000243e-09,1.180000000000000071e+01,6.307000000000000000e+07,6.970000000000000000e+07
5.794864094240345061e+07,-1.725666010000000111e-09,1.180499999999999972e+01,6.307000000000000000e+07,6.970000000000000000e+07
5.801620221960359067e+07,-1.723656430000000042e-09,1.181000000000000050e+01,6.307000000000000000e+07,6.970000000000000000e+07
5.804250974210152030e+07,-1.722875190000000028e-09,1.181499999999999950e+01,6.307000000000000000e+07,6.970000000000000000e+07
5.811950629362475872e+07,-1.720592729999999909e-09,1.182000000000000028e+01,6.307000000000000000e+07,6.970000000000000000e+07
5.827093991865190119e+07,-1.716121280000000185e-09,1.182500000000000107e+01,6.307000000000000000e+07,6.970000000000000000e+07
5.842427339264819026e+07,-1.711617350000000116e-09,1.183000000000000007e+01,6.307000000000000000e+07,6.970000000000000000e+07
5.858998319047523290e+07,-1.706776390000000022e-09,1.183500000000000085e+01,6.307000000000000000e+07,6.970000000000000000e+07
5.880021892967914045e+07,-1.700673940000000058e-09,1.183999999999999986e+01,6.307000000000000000e+07,6.970000000000000000e+07
5.895232289837916195e+07,-1.696286000000000112e-09,1.184500000000000064e+01,6.307000000000000000e+07,6.970000000000000000e+07
5.904513936545287073e+07,-1.693619510000000081e-09,1.184999999999999964e+01,6.307000000000000000e+07,6.970000000000000000e+07
5.916553404112666845e+07,-1.690173200000000158e-09,1.185500000000000043e+01,6.307000000000000000e+07,6.970000000000000000e+07
5.931179281251983345e+07,-1.686005350000000226e-09,1.185999999999999943e+01,6.307000000000000000e+07,6.970000000000000000e+07
5.944778783426940441e+07,-1.682148380000000256e-09,1.186500000000000021e+01,6.307000000000000000e+07,6.970000000000000000e+07
5.958584548250985146e+07,-1.678250920000000035e-09,1.187000000000000099e+01,6.307000000000000000e+07,6.970000000000000000e+07
5.966132319173569977e+07,-1.676127760000000032e-09,1.187500000000000000e+01,6.307000000000000000e+07,6.970000000000000000e+07
5.963285138718803972e+07,-1.676928030000000032e-09,1.188000000000000078e+01,6.307000000000000000e+07,6.970000000000000000e+07
5.956182521328657866e+07,-1.678927730000000136e-09,1.188499999999999979e+01,6.307000000000000000e+07,6.970000000000000000e+07
5.950534621915258467e+07,-1.680521270000000181e-09,1.189000000000000057e+01,6.307000000000000000e+07,6.970000000000000000e+07
5.945391507657467574e+07,-1.681975020000000167e-09,1.189499999999999957e+01,6.307000000000000000e+07,6.970000000000000000e+07
5.936289050831249356e+07,-1.684554090000000165e-09,1.190000000000000036e+01,6.307000000000000000e+07,6.970000000000000000e+07
5.929894334204777330e+07,-1.686370690000000012e-09,1.190499999999999936e+01,6.307000000000000000e+07,6.970000000000000000e+07
5.925053582481441647e+07,-1.687748450000000011e-09,1.191000000000000014e+01,6.307000000000000000e+07,6.970000000000000000e+07
5.925562842549380660e+07,-1.687603400000000095e-09,1.191500000000000092e+01,6.307000000000000000e+07,6.970000000000000000e+07
5.931569370412609726e+07,-1.685894470000000119e-09,1.191999999999999993e+01,6.307000000000000000e+07,6.970000000000000000e+07
5.934526294182800502e+07,-1.685054460000000106e-09,1.192500000000000071e+01,6.307000000000000000e+07,6.970000000000000000e+07
5.933966969842731208e+07,-1.685213290000000196e-09,1.192999999999999972e+01,6.307000000000000000e+07,6.970000000000000000e+07
5.935023692970683426e+07,-1.684913240000000088e-09,1.193500000000000050e+01,6.307000000000000000e+07,6.970000000000000000e+07
5.945697669680713862e+07,-1.681888410000000020e-09,1.193999999999999950e+01,6.307000000000000000e+07,6.970000000000000000e+07
5.958484036056383699e+07,-1.678279230000000208e-09,1.194500000000000028e+01,6.307000000000000000e+07,6.970000000000000000e+07
5.970817735791040212e+07,-1.674812470000000177e-09,1.195000000000000107e+01,6.307000000000000000e+07,6.970000000000000000e+07
5.982511551317472756e+07,-1.671538770000000104e-09,1.195500000000000007e+01,6.307000000000000000e+07,6.970000000000000000e+07
5.991707668321688473e+07,-1.668973280000000009e-09,1.196000000000000085e+01,6.307000000000000000e+07,6.970000000000000000e+07
5.989721051682649553e+07,-1.669526830000000068e-09,1.196499999999999986e+01,6.307000000000000000e+07,6.970000000000000000e+07
5.984295700040577352e+07,-1.671040420000000063e-09,1.197000000000000064e+01,6.307000000000000000e+07,6.970000000000000000e+07
5.979218603903398663e+07,-1.672459340000000195e-09,1.197499999999999964e+01,6.307000000000000000e+07,6.970000000000000000e+07
5.972837672541169822e+07,-1.674246069999999950e-09,1.198000000000000043e+01,6.307000000000000000e+07,6.970000000000000000e+07
5.973762577645099908e+07,-1.673986849999999954e-09,1.198499999999999943e+01,6.307000000000000000e+07,6.970000000000000000e+07
5.983626058602927625e+07,-1.671227430000000160e-09,1.199000000000000021e+01,6.307000000000000000e+07,6.970000000000000000e+07
5.994291863641344756e+07,-1.668253770000000151e-09,1.199500000000000099e+01,6.307000000000000000e+07,6.970000000000000000e+07
6.002163719999422133e+07,-1.666065850000000142e-09,1.200000000000000000e+01,6.307000000000000000e+07,6.970000000000000000e+07
6.014462593272435665e+07,-1.662658940000000164e-09,1.200500000000000078e+01,6.307000000000000000e+07,6.970000000000000000e+07
6.029812102552849799e+07,-1.658426470000000023e-09,1.200999999999999979e+01,6.307000000000000000e+07,6.970000000000000000e+07
6.042892730574685335e+07,-1.654836589999999952e-09,1.201500000000000057e+01,6.307000000000000000e+07,6.970000000000000000e+07
6.050300016226904094e+07,-1.652810600000000194e-09,1.201999999999999957e+01,6.307000000000000000e+07,6.970000000000000000e+07
6.060862453454091400e+07,-1.649930200000000176e-09,1.202500000000000036e+01,6.307000000000000000e+07,6.970000000000000000e+07
6.064657214870095253e+07,-1.648897810000000132e-09,1.202999999999999936e+01,6.307000000000000000e+07,6.970000000000000000e+07
6.067701078638231754e+07,-1.648070640000000035e-09,1.203500000000000014e+01,6.307000000000000000e+07,6.970000000000000000e+07
6.081792075449252874e+07,-1.644252200000000064e-09,1.204000000000000092e+01,6.307000000000000000e+07,6.970000000000000000e+07
6.103445888362408429e+07,-1.638418720000000103e-09,1.204499999999999993e+01,6.307000000000000000e+07,6.970000000000000000e+07
6.128620825955700129e+07,-1.631688480000000030e-09,1.205000000000000071e+01,6.307000000000000000e+07,6.970000000000000000e+07
6.162244553703505546e+07,-1.622785319999999974e-09,1.205499999999999972e+01,6.307000000000000000e+07,6.970000000000000000e+07
6.198764691575968266e+07,-1.613224650000000178e-09,1.206000000000000050e+01,6.307000000000000000e+07,6.970000000000000000e+07
6.233251137320560217e+07,-1.604299230000000222e-09,1.206499999999999950e+01,6.307000000000000000e+07,6.970000000000000000e+07
6.271282734629962593e+07,-1.594570110000000082e-09,1.207000000000000028e+01,6.307000000000000000e+07,6.970000000000000000e+07
6.311873122513615340e+07,-1.584315750000000056e-09,1.207500000000000107e+01,6.307000000000000000e+07,6.970000000000000000e+07
6.347639469667925686e+07,-1.575388780000000020e-09,1.208000000000000007e+01,6.307000000000000000e+07,6.970000000000000000e+07
6.380700758929481357e+07,-1.567225980000000057e-09,1.208500000000000085e+01,6.307000000000000000e+07,6.970000000000000000e+07
6.406772809679260105e+07,-1.560848230000000017e-09,1.208999999999999986e+01,6.307000000000000000e+07,6.970000000000000000e+07
6.419195675167053193e+07,-1.557827570000000121e-09,1.209500000000000064e+01,6.307000000000000000e+07,6.970000000000000000e+07
6.422045103217259794e+07,-1.557136370000000230e-09,1.209999999999999964e+01,6.307000000000000000e+07,6.970000000000000000e+07
6.425528614906176925e+07,-1.556292190000000046e-09,1.210500000000000043e+01,6.307000000000000000e+07,6.970000000000000000e+07
6.430362504998642206e+07,-1.555122280000000129e-09,1.210999999999999943e+01,6.307000000000000000e+07,6.970000000000000000e+07
6.428453425125304610e+07,-1.555584110000000234e-09,1.211500000000000021e+01,6.307000000000000000e+07,6.970000000000000000e+07
6.422801747770242393e+07,-1.556952930000000112e-09,1.212000000000000099e+01,6.307000000000000000e+07,6.970000000000000000e+07
6.415630487810026109e+07,-1.558693260000000172e-09,1.212500000000000000e+01,6.307000000000000000e+07,6.970000000000000000e+07
6.403166217140919715e+07,-1.561727380000000057e-09,1.213000000000000078e+01,6.307000000000000000e+07,6.970000000000000000e+07
6.396055199696101248e+07,-1.563463679999999949e-09,1.213499999999999979e+01,6.307000000000000000e+07,6.970000000000000000e+07
6.397591107343243062e+07,-1.563088330000000033e-09,1.214000000000000057e+01,6.307000000000000000e+07,6.970000000000000000e+07
6.394363016032528877e+07,-1.563877430000000112e-09,1.214499999999999957e+01,6.307000000000000000e+07,6.970000000000000000e+07
6.390917575607462972e+07,-1.564720540000000079e-09,1.215000000000000036e+01,6.307000000000000000e+07,6.970000000000000000e+07
6.394592568822234124e+07,-1.563821290000000042e-09,1.215499999999999936e+01,6.307000000000000000e+07,6.970000000000000000e+07
6.400125012361840904e+07,-1.562469480000000251e-09,1.216000000000000014e+01,6.307000000000000000e+07,6.970000000000000000e+07
6.403931665668837726e+07,-1.561540710000000233e-09,1.216500000000000092e+01,6.307000000000000000e+07,6.970000000000000000e+07
6.410933133563528210e+07,-1.559835330000000148e-09,1.216999999999999993e+01,6.307000000000000000e+07,6.970000000000000000e+07
6.422750718978771567e+07,-1.556965300000000209e-09,1.217500000000000071e+01,6.307000000000000000e+07,6.970000000000000000e+07
6.434298786354198307e+07,-1.554170910000000146e-09,1.217999999999999972e+01,6.307000000000000000e+07,6.970000000000000000e+07
6.447610559370449185e+07,-1.550962160000000097e-09,1.218500000000000050e+01,6.307000000000000000e+07,6.970000000000000000e+07
6.465601754040168971e+07,-1.546646449999999933e-09,1.218999999999999950e+01,6.307000000000000000e+07,6.970000000000000000e+07
6.478325463258413225e+07,-1.543608770000000112e-09,1.219500000000000028e+01,6.307000000000000000e+07,6.970000000000000000e+07
6.487200807947126776e+07,-1.541496910000000196e-09,1.220000000000000107e+01,6.307000000000000000e+07,6.970000000000000000e+07
6.499458900548152626e+07,-1.538589620000000125e-09,1.220500000000000007e+01,6.307000000000000000e+07,6.970000000000000000e+07
6.510636188703264296e+07,-1.535948209999999942e-09,1.221000000000000085e+01,6.307000000000000000e+07,6.970000000000000000e+07
6.516762788700573891e+07,-1.534504220000000213e-09,1.221499999999999986e+01,6.307000000000000000e+07,6.970000000000000000e+07
6.525024607988429815e+07,-1.532561270000000001e-09,1.222000000000000064e+01,6.307000000000000000e+07,6.970000000000000000e+07
6.535340694597314298e+07,-1.530142110000000147e-09,1.222499999999999964e+01,6.307000000000000000e+07,6.970000000000000000e+07
6.540438514295700938e+07,-1.528949470000000099e-09,1.223000000000000043e+01,6.307000000000000000e+07,6.970000000000000000e+07
6.545150793336419016e+07,-1.527848679999999964e-09,1.223499999999999943e+01,6.307000000000000000e+07,6.970000000000000000e+07
6.554793557891208678e+07,-1.525601060000000157e-09,1.224000000000000021e+01,6.307000000000000000e+07,6.970000000000000000e+07
6.563591888379714638e+07,-1.523556029999999954e-09,1.224500000000000099e+01,6.307000000000000000e+07,6.970000000000000000e+07
6.569709751405730844e+07,-1.522137260000000076e-09,1.225000000000000000e+01,6.307000000000000000e+07,6.970000000000000000e+07
6.579473423292849958e+07,-1.519878470000000141e-09,1.225500000000000078e+01,6.307000000000000000e+07,6.970000000000000000e+07
6.588886660600629449e+07,-1.517707090000000193e-09,1.225999999999999979e+01,6.307000000000000000e+07,6.970000000000000000e+07
6.593866033703002334e+07,-1.516560990000000257e-09,1.226500000000000057e+01,6.307000000000000000e+07,6.970000000000000000e+07
6.600474381374169141e+07,-1.515042620000000062e-09,1.226999999999999957e+01,6.307000000000000000e+07,6.970000000000000000e+07
6.605721574807193875e+07,-1.513839160000000204e-09,1.227500000000000036e+01,6.307000000000000000e+07,6.970000000000000000e+07
6.598676412410227954e+07,-1.515455430000000174e-09,1.227999999999999936e+01,6.307000000000000000e+07,6.970000000000000000e+07
6.585790741570244730e+07,-1.518420550000000191e-09,1.228500000000000014e+01,6.307000000000000000e+07,6.970000000000000000e+07
6.571792545464564115e+07,-1.521654850000000112e-09,1.229000000000000092e+01,6.307000000000000000e+07,6.970000000000000000e+07
6.551369121497432888e+07,-1.526398500000000165e-09,1.229499999999999993e+01,6.307000000000000000e+07,6.970000000000000000e+07
6.528782991825643927e+07,-1.531679030000000051e-09,1.230000000000000071e+01,6.307000000000000000e+07,6.970000000000000000e+07
6.515545919902921468e+07,-1.534790810000000125e-09,1.230499999999999972e+01,6.307000000000000000e+07,6.970000000000000000e+07
6.509323261396697164e+07,-1.536258010000000056e-09,1.231000000000000050e+01,6.307000000000000000e+07,6.970000000000000000e+07
6.500508385259285569e+07,-1.538341220000000145e-09,1.231499999999999950e+01,6.307000000000000000e+07,6.970000000000000000e+07
6.491487767268426716e+07,-1.540478910000000148e-09,1.232000000000000028e+01,6.307000000000000000e+07,6.970000000000000000e+07
6.488707209701208770e+07,-1.541139040000000185e-09,1.232500000000000107e+01,6.307000000000000000e+07,6.970000000000000000e+07
6.486171181434221566e+07,-1.541741610000000237e-09,1.233000000000000007e+01,6.307000000000000000e+07,6.970000000000000000e+07
6.485648120058685541e+07,-1.541865950000000127e-09,1.233500000000000085e+01,6.307000000000000000e+07,6.970000000000000000e+07
6.490225642299988866e+07,-1.540778479999999979e-09,1.233999999999999986e+01,6.307000000000000000e+07,6.970000000000000000e+07
6.493366169333690405e+07,-1.540033280000000245e-09,1.234500000000000064e+01,6.307000000000000000e+07,6.970000000000000000e+07
6.494799127228892595e+07,-1.539693500000000169e-09,1.234999999999999964e+01,6.307000000000000000e+07,6.970000000000000000e+07
6.500778331688874215e+07,-1.538277340000000131e-09,1.235500000000000043e+01,6.307000000000000000e+07,6.970000000000000000e+07
6.506873301364457607e+07,-1.536836440000000105e-09,1.235999999999999943e+01,6.307000000000000000e+07,6.970000000000000000e+07
6.508801077149301022e+07,-1.536381260000000053e-09,1.236500000000000021e+01,6.307000000000000000e+07,6.970000000000000000e+07
6.509447792998414487e+07,-1.536228620000000034e-09,1.237000000000000099e+01,6.307000000000000000e+07,6.970000000000000000e+07
6.505132517030274123e+07,-1.537247700000000136e-09,1.237500000000000000e+01,6.307000000000000000e+07,6.970000000000000000e+07
6.496315052986446768e+07,-1.539334210000000037e-09,1.238000000000000078e+01,6.307000000000000000e+07,6.970000000000000000e+07
6.491850228600767255e+07,-1.540392900000000193e-09,1.238499999999999979e+01,6.307000000000000000e+07,6.970000000000000000e+07
6.493748954912277311e+07,-1.539942500000000134e-09,1.239000000000000057e+01,6.307000000000000000e+07,6.970000000000000000e+07
6.495453568981199712e+07,-1.539538370000000225e-09,1.239499999999999957e+01,6.307000000000000000e+07,6.970000000000000000e+07
6.497415743851704150e+07,-1.539073439999999960e-09,1.240000000000000036e+01,6.307000000000000000e+07,6.970000000000000000e+07
6.503536551637879014e+07,-1.537624939999999993e-09,1.240499999999999936e+01,6.307000000000000000e+07,6.970000000000000000e+07
6.511137893881031871e+07,-1.535829860000000058e-09,1.241000000000000014e+01,6.307000000000000000e+07,6.970000000000000000e+07
6.517132622749508917e+07,-1.534417140000000041e-09,1.241500000000000092e+01,6.307000000000000000e+07,6.970000000000000000e+07
6.525323504821466655e+07,-1.532491070000000164e-09,1.241999999999999993e+01,6.307000000000000000e+07,6.970000000000000000e+07
6.535977487426854670e+07,-1.529993030000000063e-09,1.242500000000000071e+01,6.307000000000000000e+07,6.970000000000000000e+07
6.541024231250429153e+07,-1.528812560000000048e-09,1.242999999999999972e+01,6.307000000000000000e+07,6.970000000000000000e+07
6.544071000343315303e+07,-1.528100780000000090e-09,1.243500000000000050e+01,6.307000000000000000e+07,6.970000000000000000e+07
6.547942730357100070e+07,-1.527197230000000130e-09,1.243999999999999950e+01,6.307000000000000000e+07,6.970000000000000000e+07
6.541322584649505466e+07,-1.528742830000000237e-09,1.244500000000000028e+01,6.307000000000000000e+07,6.970000000000000000e+07
6.530262030943358690e+07,-1.531332120000000267e-09,1.245000000000000107e+01,6.307000000000000000e+07,6.970000000000000000e+07
6.527590561947412044e+07,-1.531958830000000115e-09,1.245500000000000007e+01,6.307000000000000000e+07,6.970000000000000000e+07
6.527386852579176426e+07,-1.532006640000000094e-09,1.246000000000000085e+01,6.307000000000000000e+07,6.970000000000000000e+07
6.525437450481310487e+07,-1.532464310000000071e-09,1.246499999999999986e+01,6.307000000000000000e+07,6.970000000000000000e+07
6.528776981705140322e+07,-1.531680439999999922e-09,1.247000000000000064e+01,6.307000000000000000e+07,6.970000000000000000e+07
6.534097665941904485e+07,-1.530433200000000046e-09,1.247499999999999964e+01,6.307000000000000000e+07,6.970000000000000000e+07
6.528357067915333807e+07,-1.531778960000000184e-09,1.248000000000000043e+01,6.307000000000000000e+07,6.970000000000000000e+07
6.521338294958801568e+07,-1.533427579999999919e-09,1.248499999999999943e+01,6.307000000000000000e+07,6.970000000000000000e+07
6.521800775629940629e+07,-1.533318840000000039e-09,1.249000000000000021e+01,6.307000000000000000e+07,6.970000000000000000e+07
6.520792453126946092e+07,-1.533555940000000139e-09,1.249500000000000099e+01,6.307000000000000000e+07,6.970000000000000000e+07
6.518628101002648473e+07,-1.534065120000000034e-09,1.250000000000000000e+01,6.307000000000000000e+07,6.970000000000000000e+07
6.521859983335865289e+07,-1.533304920000000068e-09,1.250500000000000078e+01,6.307000000000000000e+07,6.970000000000000000e+07
6.525957197055962682e+07,-1.532342260000000249e-09,1.250999999999999979e+01,6.307000000000000000e+07,6.970000000000000000e+07
6.529088243774634600e+07,-1.531607420000000137e-09,1.251500000000000057e+01,6.307000000000000000e+07,6.970000000000000000e+07
6.538042962892525643e+07,-1.529509680000000255e-09,1.251999999999999957e+01,6.307000000000000000e+07,6.970000000000000000e+07
6.552362365138622373e+07,-1.526167120000000110e-09,1.252500000000000036e+01,6.307000000000000000e+07,6.970000000000000000e+07
6.564680115906254202e+07,-1.523303470000000261e-09,1.252999999999999936e+01,6.307000000000000000e+07,6.970000000000000000e+07
6.578730962797276676e+07,-1.520049999999999936e-09,1.253500000000000014e+01,6.307000000000000000e+07,6.970000000000000000e+07
6.594321290988215059e+07,-1.516456290000000175e-09,1.254000000000000092e+01,6.307000000000000000e+07,6.970000000000000000e+07
6.604403215063111484e+07,-1.514141350000000125e-09,1.254499999999999993e+01,6.307000000000000000e+07,6.970000000000000000e+07
6.608558143594689667e+07,-1.513189380000000157e-09,1.255000000000000071e+01,6.307000000000000000e+07,6.970000000000000000e+07
6.616580475781098008e+07,-1.511354700000000213e-09,1.255499999999999972e+01,6.307000000000000000e+07,6.970000000000000000e+07
6.623433879951863736e+07,-1.509790870000000168e-09,1.256000000000000050e+01,6.307000000000000000e+07,6.970000000000000000e+07
6.626020843699052930e+07,-1.509201409999999994e-09,1.256499999999999950e+01,6.307000000000000000e+07,6.970000000000000000e+07
6.627769919856939465e+07,-1.508803130000000089e-09,1.257000000000000028e+01,6.307000000000000000e+07,6.970000000000000000e+07
6.631357869065669179e+07,-1.507986780000000008e-09,1.257500000000000107e+01,6.307000000000000000e+07,6.970000000000000000e+07
6.632011444570340961e+07,-1.507838170000000157e-09,1.258000000000000007e+01,6.307000000000000000e+07,6.970000000000000000e+07
6.634545910712705553e+07,-1.507262160000000134e-09,1.258500000000000085e+01,6.307000000000000000e+07,6.970000000000000000e+07
6.641268110829455405e+07,-1.505736530000000066e-09,1.258999999999999986e+01,6.307000000000000000e+07,6.970000000000000000e+07
6.645587174277260154e+07,-1.504757930000000170e-09,1.259500000000000064e+01,6.307000000000000000e+07,6.970000000000000000e+07
6.648167387452110648e+07,-1.504173920000000079e-09,1.259999999999999964e+01,6.307000000000000000e+07,6.970000000000000000e+07
6.654466678000997752e+07,-1.502750030000000140e-09,1.260500000000000043e+01,6.307000000000000000e+07,6.970000000000000000e+07
6.659304760858172923e+07,-1.501658260000000069e-09,1.260999999999999943e+01,6.307000000000000000e+07,6.970000000000000000e+07
6.659282099955598265e+07,-1.501663370000000085e-09,1.261500000000000021e+01,6.307000000000000000e+07,6.970000000000000000e+07
6.658420124563460052e+07,-1.501857770000000015e-09,1.262000000000000099e+01,6.307000000000000000e+07,6.970000000000000000e+07
6.658819913280856609e+07,-1.501767600000000140e-09,1.262500000000000000e+01,6.307000000000000000e+07,6.970000000000000000e+07
6.656320525796071440e+07,-1.502331499999999983e-09,1.263000000000000078e+01,6.307000000000000000e+07,6.970000000000000000e+07
6.652434448407743126e+07,-1.503209100000000150e-09,1.263499999999999979e+01,6.307000000000000000e+07,6.970000000000000000e+07
6.644855504361078143e+07,-1.504923620000000213e-09,1.264000000000000057e+01,6.307000000000000000e+07,6.970000000000000000e+07
6.632621640871461481e+07,-1.507699450000000109e-09,1.264499999999999957e+01,6.307000000000000000e+07,6.970000000000000000e+07
6.613417063778662682e+07,-1.512077630000000210e-09,1.265000000000000036e+01,6.307000000000000000e+07,6.970000000000000000e+07
6.596323473149006814e+07,-1.515995999999999900e-09,1.265499999999999936e+01,6.307000000000000000e+07,6.970000000000000000e+07
6.584600117662853748e+07,-1.518695110000000073e-09,1.266000000000000014e+01,6.307000000000000000e+07,6.970000000000000000e+07
6.575222418404941261e+07,-1.520861100000000205e-09,1.266500000000000092e+01,6.307000000000000000e+07,6.970000000000000000e+07
6.574259704992849380e+07,-1.521083810000000102e-09,1.266999999999999993e+01,6.307000000000000000e+07,6.970000000000000000e+07
6.578021468622887135e+07,-1.520213950000000086e-09,1.267500000000000071e+01,6.307000000000000000e+07,6.970000000000000000e+07
6.577668834041435272e+07,-1.520295450000000217e-09,1.267999999999999972e+01,6.307000000000000000e+07,6.970000000000000000e+07
6.570962352262588590e+07,-1.521847100000000184e-09,1.268500000000000050e+01,6.307000000000000000e+07,6.970000000000000000e+07
6.564408326836428791e+07,-1.523366540000000183e-09,1.268999999999999950e+01,6.307000000000000000e+07,6.970000000000000000e+07
6.559260352615079284e+07,-1.524562140000000182e-09,1.269500000000000028e+01,6.307000000000000000e+07,6.970000000000000000e+07
6.555663592163147777e+07,-1.525398590000000053e-09,1.270000000000000107e+01,6.307000000000000000e+07,6.970000000000000000e+07
6.558626843908746541e+07,-1.524709400000000223e-09,1.270500000000000007e+01,6.307000000000000000e+07,6.970000000000000000e+07
6.562270868059093505e+07,-1.523862730000000114e-09,1.271000000000000085e+01,6.307000000000000000e+07,6.970000000000000000e+07
6.563681971440212429e+07,-1.523535120000000072e-09,1.271499999999999986e+01,6.307000000000000000e+07,6.970000000000000000e+07
6.568186690880681574e+07,-1.522490219999999928e-09,1.272000000000000064e+01,6.307000000000000000e+07,6.970000000000000000e+07
6.573537822509680688e+07,-1.521250849999999955e-09,1.272499999999999964e+01,6.307000000000000000e+07,6.970000000000000000e+07
6.576011525380839407e+07,-1.520678600000000138e-09,1.273000000000000043e+01,6.307000000000000000e+07,6.970000000000000000e+07
6.571990311361578852e+07,-1.521609060000000239e-09,1.273499999999999943e+01,6.307000000000000000e+07,6.970000000000000000e+07
6.566605735350935161e+07,-1.522856770000000141e-09,1.274000000000000021e+01,6.307000000000000000e+07,6.970000000000000000e+07
6.552619331929399818e+07,-1.526107270000000056e-09,1.274500000000000099e+01,6.307000000000000000e+07,6.970000000000000000e+07
6.539894046914950013e+07,-1.529076760000000102e-09,1.275000000000000000e+01,6.307000000000000000e+07,6.970000000000000000e+07
6.527158190006240457e+07,-1.532060310000000121e-09,1.275500000000000078e+01,6.307000000000000000e+07,6.970000000000000000e+07
6.503912584709234536e+07,-1.537536039999999986e-09,1.275999999999999979e+01,6.307000000000000000e+07,6.970000000000000000e+07
6.476974185132039338e+07,-1.543930810000000158e-09,1.276500000000000057e+01,6.307000000000000000e+07,6.970000000000000000e+07
6.460495250583068281e+07,-1.547868950000000029e-09,1.276999999999999957e+01,6.307000000000000000e+07,6.970000000000000000e+07
6.448572588466966897e+07,-1.550730780000000249e-09,1.277500000000000036e+01,6.307000000000000000e+07,6.970000000000000000e+07
6.436166518817194551e+07,-1.553719900000000058e-09,1.277999999999999936e+01,6.307000000000000000e+07,6.970000000000000000e+07
6.428445077483430505e+07,-1.555586130000000133e-09,1.278500000000000014e+01,6.307000000000000000e+07,6.970000000000000000e+07
6.420553413951428235e+07,-1.557498140000000243e-09,1.279000000000000092e+01,6.307000000000000000e+07,6.970000000000000000e+07
6.412320519789883494e+07,-1.559497839999999934e-09,1.279499999999999993e+01,6.307000000000000000e+07,6.970000000000000000e+07
6.403100903950726986e+07,-1.561743310000000090e-09,1.280000000000000071e+01,6.307000000000000000e+07,6.970000000000000000e+07
6.401244033128383756e+07,-1.562196340000000077e-09,1.280499999999999972e+01,6.307000000000000000e+07,6.970000000000000000e+07
6.401254236150013655e+07,-1.562193850000000152e-09,1.281000000000000050e+01,6.307000000000000000e+07,6.970000000000000000e+07
6.399183689412496984e+07,-1.562699320000000063e-09,1.281499999999999950e+01,6.307000000000000000e+07,6.970000000000000000e+07
6.395716036833926290e+07,-1.563546590000000157e-09,1.282000000000000028e+01,6.307000000000000000e+07,6.970000000000000000e+07
6.397381147581806034e+07,-1.563139630000000049e-09,1.282500000000000107e+01,6.307000000000000000e+07,6.970000000000000000e+07
6.398301552937528491e+07,-1.562914770000000087e-09,1.283000000000000007e+01,6.307000000000000000e+07,6.970000000000000000e+07
6.402769233549018204e+07,-1.561824210000000029e-09,1.283500000000000085e+01,6.307000000000000000e+07,6.970000000000000000e+07
6.412125873775583506e+07,-1.559545180000000094e-09,1.283999999999999986e+01,6.307000000000000000e+07,6.970000000000000000e+07
6.419442302989819646e+07,-1.557767720000000068e-09,1.284500000000000064e+01,6.307000000000000000e+07,6.970000000000000000e+07
6.425526137662052363e+07,-1.556292790000000237e-09,1.284999999999999964e+01,6.307000000000000000e+07,6.970000000000000000e+07
6.427886578578609228e+07,-1.555721290000000039e-09,1.285500000000000043e+01,6.307000000000000000e+07,6.970000000000000000e+07
6.421422028274729103e+07,-1.557287459999999962e-09,1.285999999999999943e+01,6.307000000000000000e+07,6.970000000000000000e+07
6.411216695444267243e+07,-1.559766340000000117e-09,1.286500000000000021e+01,6.307000000000000000e+07,6.970000000000000000e+07
6.405551409562405944e+07,-1.561145850000000053e-09,1.287000000000000099e+01,6.307000000000000000e+07,6.970000000000000000e+07
6.403197951714304090e+07,-1.561719640000000113e-09,1.287500000000000000e+01,6.307000000000000000e+07,6.970000000000000000e+07
6.399128612739242613e+07,-1.562712770000000215e-09,1.288000000000000078e+01,6.307000000000000000e+07,6.970000000000000000e+07
6.398208501619546115e+07,-1.562937500000000219e-09,1.288499999999999979e+01,6.307000000000000000e+07,6.970000000000000000e+07
6.402069394667822123e+07,-1.561994939999999983e-09,1.289000000000000057e+01,6.307000000000000000e+07,6.970000000000000000e+07
6.403515027714636922e+07,-1.561642310000000154e-09,1.289499999999999957e+01,6.307000000000000000e+07,6.970000000000000000e+07
6.404533754073627293e+07,-1.561393910000000173e-09,1.290000000000000036e+01,6.307000000000000000e+07,6.970000000000000000e+07
6.411286613599634916e+07,-1.559749330000000237e-09,1.290499999999999936e+01,6.307000000000000000e+07,6.970000000000000000e+07
6.417728868180502951e+07,-1.558183620000000296e-09,1.291000000000000014e+01,6.307000000000000000e+07,6.970000000000000000e+07
6.422910243368373066e+07,-1.556926630000000000e-09,1.291500000000000092e+01,6.307000000000000000e+07,6.970000000000000000e+07
6.431042405026704073e+07,-1.554957869999999998e-09,1.291999999999999993e+01,6.307000000000000000e+07,6.970000000000000000e+07
6.439979060279286653e+07,-1.552800079999999999e-09,1.292500000000000071e+01,6.307000000000000000e+07,6.970000000000000000e+07
6.445817780353899300e+07,-1.551393529999999963e-09,1.292999999999999972e+01,6.307000000000000000e+07,6.970000000000000000e+07
6.453026490719135106e+07,-1.549660459999999984e-09,1.293500000000000050e+01,6.307000000000000000e+07,6.970000000000000000e+07
6.462486056863208115e+07,-1.547392120000000106e-09,1.293999999999999950e+01,6.307000000000000000e+07,6.970000000000000000e+07
6.465252082441532612e+07,-1.546730100000000128e-09,1.294500000000000028e+01,6.307000000000000000e+07,6.970000000000000000e+07
6.467103493639248610e+07,-1.546287300000000011e-09,1.295000000000000107e+01,6.307000000000000000e+07,6.970000000000000000e+07
6.473790606252752244e+07,-1.544690060000000027e-09,1.295500000000000007e+01,6.307000000000000000e+07,6.970000000000000000e+07
6.477851083803758770e+07,-1.543721810000000122e-09,1.296000000000000085e+01,6.307000000000000000e+07,6.970000000000000000e+07
6.471572610976743698e+07,-1.545219470000000085e-09,1.296499999999999986e+01,6.307000000000000000e+07,6.970000000000000000e+07
6.470526544532803446e+07,-1.545469280000000142e-09,1.297000000000000064e+01,6.307000000000000000e+07,6.970000000000000000e+07
6.469005764272276312e+07,-1.545832600000000029e-09,1.297499999999999964e+01,6.307000000000000000e+07,6.970000000000000000e+07
6.462649524221680313e+07,-1.547352980000000285e-09,1.298000000000000043e+01,6.307000000000000000e+07,6.970000000000000000e+07
6.460515201408144087e+07,-1.547864170000000035e-09,1.298499999999999943e+01,6.307000000000000000e+07,6.970000000000000000e+07
6.461201492982075363e+07,-1.547699760000000111e-09,1.299000000000000021e+01,6.307000000000000000e+07,6.970000000000000000e+07
6.448324299435186386e+07,-1.550790490000000092e-09,1.299500000000000099e+01,6.307000000000000000e+07,6.970000000000000000e+07
6.425869006411249936e+07,-1.556209750000000071e-09,1.300000000000000000e+01,6.307000000000000000e+07,6.970000000000000000e+07
6.403232105682836473e+07,-1.561711310000000022e-09,1.300500000000000078e+01,6.307000000000000000e+07,6.970000000000000000e+07
6.379019130506138504e+07,-1.567639130000000236e-09,1.300999999999999979e+01,6.307000000000000000e+07,6.970000000000000000e+07
6.356857543667908758e+07,-1.573104310000000047e-09,1.301500000000000057e+01,6.307000000000000000e+07,6.970000000000000000e+07
6.346179121032614261e+07,-1.575751300000000272e-09,1.301999999999999957e+01,6.307000000000000000e+07,6.970000000000000000e+07
6.342418350798080862e+07,-1.576685650000000124e-09,1.302500000000000036e+01,6.307000000000000000e+07,6.970000000000000000e+07
6.339214579808109254e+07,-1.577482490000000148e-09,1.303000000000000114e+01,6.307000000000000000e+07,6.970000000000000000e+07
6.338610406090364605e+07,-1.577632850000000143e-09,1.303500000000000014e+01,6.307000000000000000e+07,6.970000000000000000e+07
6.332821590686232597e+07,-1.579074960000000182e-09,1.304000000000000092e+01,6.307000000000000000e+07,6.970000000000000000e+07
6.317775596123509109e+07,-1.582835580000000044e-09,1.304499999999999993e+01,6.307000000000000000e+07,6.970000000000000000e+07
6.299643196398892254e+07,-1.587391490000000057e-09,1.305000000000000071e+01,6.307000000000000000e+07,6.970000000000000000e+07
6.293474376974986494e+07,-1.588947440000000154e-09,1.305499999999999972e+01,6.307000000000000000e+07,6.970000000000000000e+07
6.292671985254004598e+07,-1.589150050000000055e-09,1.306000000000000050e+01,6.307000000000000000e+07,6.970000000000000000e+07
6.293930097938146442e+07,-1.588832390000000289e-09,1.306499999999999950e+01,6.307000000000000000e+07,6.970000000000000000e+07
6.302008467113891244e+07,-1.586795710000000267e-09,1.307000000000000028e+01,6.307000000000000000e+07,6.970000000000000000e+07
6.312520146408047527e+07,-1.584153360000000031e-09,1.307500000000000107e+01,6.307000000000000000e+07,6.970000000000000000e+07
6.320858882350283861e+07,-1.582063480000000007e-09,1.308000000000000007e+01,6.307000000000000000e+07,6.970000000000000000e+07
6.328528254809229076e+07,-1.580146220000000085e-09,1.308500000000000085e+01,6.307000000000000000e+07,6.970000000000000000e+07
6.331330089940659702e+07,-1.579446950000000020e-09,1.308999999999999986e+01,6.307000000000000000e+07,6.970000000000000000e+07
6.335381862164112180e+07,-1.578436820000000083e-09,1.309500000000000064e+01,6.307000000000000000e+07,6.970000000000000000e+07
6.344089911182867736e+07,-1.576270220000000129e-09,1.309999999999999964e+01,6.307000000000000000e+07,6.970000000000000000e+07
6.361299361043102294e+07,-1.572005880000000085e-09,1.310500000000000043e+01,6.307000000000000000e+07,6.970000000000000000e+07
6.379037482599102706e+07,-1.567634619999999998e-09,1.310999999999999943e+01,6.307000000000000000e+07,6.970000000000000000e+07
6.393899462874721736e+07,-1.563990809999999983e-09,1.311500000000000021e+01,6.307000000000000000e+07,6.970000000000000000e+07
6.410244740323678404e+07,-1.560002840000000026e-09,1.312000000000000099e+01,6.307000000000000000e+07,6.970000000000000000e+07
6.421802729232766479e+07,-1.557195140000000022e-09,1.312500000000000000e+01,6.307000000000000000e+07,6.970000000000000000e+07
6.426043386382977664e+07,-1.556167520000000134e-09,1.313000000000000078e+01,6.307000000000000000e+07,6.970000000000000000e+07
6.429641904244667292e+07,-1.555296570000000226e-09,1.313499999999999979e+01,6.307000000000000000e+07,6.970000000000000000e+07
6.431323901981195807e+07,-1.554889809999999975e-09,1.314000000000000057e+01,6.307000000000000000e+07,6.970000000000000000e+07
6.435131286491819471e+07,-1.553969850000000119e-09,1.314499999999999957e+01,6.307000000000000000e+07,6.970000000000000000e+07
6.439712190458247811e+07,-1.552864430000000246e-09,1.315000000000000036e+01,6.307000000000000000e+07,6.970000000000000000e+07
6.442710241516461968e+07,-1.552141820000000020e-09,1.315500000000000114e+01,6.307000000000000000e+07,6.970000000000000000e+07
6.443458893064794689e+07,-1.551961480000000063e-09,1.316000000000000014e+01,6.307000000000000000e+07,6.970000000000000000e+07
6.442155652478789538e+07,-1.552275440000000097e-09,1.316500000000000092e+01,6.307000000000000000e+07,6.970000000000000000e+07
6.445819733137132972e+07,-1.551393060000000144e-09,1.316999999999999993e+01,6.307000000000000000e+07,6.970000000000000000e+07
6.452338021135420352e+07,-1.549825810000000167e-09,1.317500000000000071e+01,6.307000000000000000e+07,6.970000000000000000e+07
6.451771450306156278e+07,-1.549961910000000124e-09,1.317999999999999972e+01,6.307000000000000000e+07,6.970000000000000000e+07
6.450797522418972850e+07,-1.550195920000000108e-09,1.318500000000000050e+01,6.307000000000000000e+07,6.970000000000000000e+07
6.455688858572687209e+07,-1.549021369999999995e-09,1.318999999999999950e+01,6.307000000000000000e+07,6.970000000000000000e+07
6.456348905898398161e+07,-1.548863010000000138e-09,1.319500000000000028e+01,6.307000000000000000e+07,6.970000000000000000e+07
6.446194398567773402e+07,-1.551302890000000269e-09,1.320000000000000107e+01,6.307000000000000000e+07,6.970000000000000000e+07
6.444113368811958283e+07,-1.551803859999999987e-09,1.320500000000000007e+01,6.307000000000000000e+07,6.970000000000000000e+07
6.445714949291431159e+07,-1.551418280000000201e-09,1.321000000000000085e+01,6.307000000000000000e+07,6.970000000000000000e+07
6.447531449430408329e+07,-1.550981190000000084e-09,1.321499999999999986e+01,6.307000000000000000e+07,6.970000000000000000e+07
6.454701415388216823e+07,-1.549258340000000137e-09,1.322000000000000064e+01,6.307000000000000000e+07,6.970000000000000000e+07
6.463258736404608190e+07,-1.547207130000000115e-09,1.322499999999999964e+01,6.307000000000000000e+07,6.970000000000000000e+07
6.466884137202060223e+07,-1.546339750000000187e-09,1.323000000000000043e+01,6.307000000000000000e+07,6.970000000000000000e+07
6.462807068806391954e+07,-1.547315259999999966e-09,1.323499999999999943e+01,6.307000000000000000e+07,6.970000000000000000e+07
6.458895328543885797e+07,-1.548252370000000119e-09,1.324000000000000021e+01,6.307000000000000000e+07,6.970000000000000000e+07
6.456630621643815935e+07,-1.548795429999999978e-09,1.324500000000000099e+01,6.307000000000000000e+07,6.970000000000000000e+07
6.457412242669861764e+07,-1.548607960000000106e-09,1.325000000000000000e+01,6.307000000000000000e+07,6.970000000000000000e+07
6.464806614231568575e+07,-1.546836680000000106e-09,1.325500000000000078e+01,6.307000000000000000e+07,6.970000000000000000e+07
6.469001830559323728e+07,-1.545833540000000080e-09,1.325999999999999979e+01,6.307000000000000000e+07,6.970000000000000000e+07
6.469158596908849478e+07,-1.545796080000000092e-09,1.326500000000000057e+01,6.307000000000000000e+07,6.970000000000000000e+07
6.469284107532724738e+07,-1.545766090000000086e-09,1.326999999999999957e+01,6.307000000000000000e+07,6.970000000000000000e+07
6.461282900900991261e+07,-1.547680260000000099e-09,1.327500000000000036e+01,6.307000000000000000e+07,6.970000000000000000e+07
6.441031203169878572e+07,-1.552546430000000206e-09,1.328000000000000114e+01,6.307000000000000000e+07,6.970000000000000000e+07
6.419006998104132712e+07,-1.557873360000000201e-09,1.328500000000000014e+01,6.307000000000000000e+07,6.970000000000000000e+07
6.406840701703076810e+07,-1.560831690000000163e-09,1.329000000000000092e+01,6.307000000000000000e+07,6.970000000000000000e+07
6.394223346090810746e+07,-1.563911590000000083e-09,1.329499999999999993e+01,6.307000000000000000e+07,6.970000000000000000e+07
6.385203124389714003e+07,-1.566120890000000207e-09,1.330000000000000071e+01,6.307000000000000000e+07,6.970000000000000000e+07
6.385184206785773486e+07,-1.566125530000000197e-09,1.330499999999999972e+01,6.307000000000000000e+07,6.970000000000000000e+07
6.375918533154652268e+07,-1.568401470000000016e-09,1.331000000000000050e+01,6.307000000000000000e+07,6.970000000000000000e+07
6.364672867971111089e+07,-1.571172660000000128e-09,1.331499999999999950e+01,6.307000000000000000e+07,6.970000000000000000e+07
6.359089504801611602e+07,-1.572552170000000064e-09,1.332000000000000028e+01,6.307000000000000000e+07,6.970000000000000000e+07
6.348949730704852939e+07,-1.575063660000000110e-09,1.332500000000000107e+01,6.307000000000000000e+07,6.970000000000000000e+07
6.335526559582202882e+07,-1.578400770000000172e-09,1.333000000000000007e+01,6.307000000000000000e+07,6.970000000000000000e+07
6.323816606965938210e+07,-1.581323530000000086e-09,1.333500000000000085e+01,6.307000000000000000e+07,6.970000000000000000e+07
6.310922490259722620e+07,-1.584554400000000030e-09,1.333999999999999986e+01,6.307000000000000000e+07,6.970000000000000000e+07
6.290785482006997615e+07,-1.589626610000000222e-09,1.334500000000000064e+01,6.307000000000000000e+07,6.970000000000000000e+07
6.267079790059595555e+07,-1.595639490000000089e-09,1.334999999999999964e+01,6.307000000000000000e+07,6.970000000000000000e+07
6.245780701882971823e+07,-1.601080870000000171e-09,1.335500000000000043e+01,6.307000000000000000e+07,6.970000000000000000e+07
6.222304561287114024e+07,-1.607121590000000185e-09,1.335999999999999943e+01,6.307000000000000000e+07,6.970000000000000000e+07
6.199525478400642425e+07,-1.613026680000000060e-09,1.336500000000000021e+01,6.307000000000000000e+07,6.970000000000000000e+07
6.178782732348675281e+07,-1.618441760000000237e-09,1.337000000000000099e+01,6.307000000000000000e+07,6.970000000000000000e+07
6.157550763741341233e+07,-1.624022340000000024e-09,1.337500000000000000e+01,6.307000000000000000e+07,6.970000000000000000e+07
6.131651875783598423e+07,-1.630881890000000000e-09,1.338000000000000078e+01,6.307000000000000000e+07,6.970000000000000000e+07
6.111345002469930798e+07,-1.636301009999999976e-09,1.338499999999999979e+01,6.307000000000000000e+07,6.970000000000000000e+07
6.100101333053313941e+07,-1.639317030000000088e-09,1.339000000000000057e+01,6.307000000000000000e+07,6.970000000000000000e+07
6.083069287065556645e+07,-1.643906970000000112e-09,1.339499999999999957e+01,6.307000000000000000e+07,6.970000000000000000e+07
6.062745254339165241e+07,-1.649417810000000250e-09,1.340000000000000036e+01,6.307000000000000000e+07,6.970000000000000000e+07
6.050756931842440367e+07,-1.652685790000000072e-09,1.340500000000000114e+01,6.307000000000000000e+07,6.970000000000000000e+07
6.043303314070183039e+07,-1.654724160000000178e-09,1.341000000000000014e+01,6.307000000000000000e+07,6.970000000000000000e+07
6.037496900877372175e+07,-1.656315550000000158e-09,1.341500000000000092e+01,6.307000000000000000e+07,6.970000000000000000e+07
6.034400014511524886e+07,-1.657165580000000138e-09,1.341999999999999993e+01,6.307000000000000000e+07,6.970000000000000000e+07
6.038352936826014519e+07,-1.656080740000000125e-09,1.342500000000000071e+01,6.307000000000000000e+07,6.970000000000000000e+07
6.045244800465300679e+07,-1.654192730000000015e-09,1.342999999999999972e+01,6.307000000000000000e+07,6.970000000000000000e+07
6.058805750737290084e+07,-1.650490280000000167e-09,1.343500000000000050e+01,6.307000000000000000e+07,6.970000000000000000e+07
6.075932102212172747e+07,-1.645838010000000209e-09,1.343999999999999950e+01,6.307000000000000000e+07,6.970000000000000000e+07
6.088965991706207395e+07,-1.642314970000000104e-09,1.344500000000000028e+01,6.307000000000000000e+07,6.970000000000000000e+07
6.104746001084605604e+07,-1.638069790000000212e-09,1.345000000000000107e+01,6.307000000000000000e+07,6.970000000000000000e+07
6.124719363062014431e+07,-1.632727870000000237e-09,1.345500000000000007e+01,6.307000000000000000e+07,6.970000000000000000e+07
6.136282451952187717e+07,-1.629651189999999979e-09,1.346000000000000085e+01,6.307000000000000000e+07,6.970000000000000000e+07
6.139622443303886801e+07,-1.628764650000000105e-09,1.346499999999999986e+01,6.307000000000000000e+07,6.970000000000000000e+07
6.146384254241988063e+07,-1.626972800000000290e-09,1.347000000000000064e+01,6.307000000000000000e+07,6.970000000000000000e+07
6.159077086442179233e+07,-1.623619879999999903e-09,1.347499999999999964e+01,6.307000000000000000e+07,6.970000000000000000e+07
6.171809880655341595e+07,-1.620270260000000155e-09,1.348000000000000043e+01,6.307000000000000000e+07,6.970000000000000000e+07
6.182578326451103389e+07,-1.617448170000000154e-09,1.348499999999999943e+01,6.307000000000000000e+07,6.970000000000000000e+07
6.187698347057245672e+07,-1.616109810000000100e-09,1.349000000000000021e+01,6.307000000000000000e+07,6.970000000000000000e+07
6.193031349688258022e+07,-1.614718130000000131e-09,1.349500000000000099e+01,6.307000000000000000e+07,6.970000000000000000e+07
6.194470252156132460e+07,-1.614343050000000177e-09,1.350000000000000000e+01,6.307000000000000000e+07,6.970000000000000000e+07
6.193887444491541386e+07,-1.614494950000000208e-09,1.350500000000000078e+01,6.307000000000000000e+07,6.970000000000000000e+07
6.191159759373395145e+07,-1.615206259999999933e-09,1.350999999999999979e+01,6.307000000000000000e+07,6.970000000000000000e+07
6.193331021156418324e+07,-1.614640000000000124e-09,1.351500000000000057e+01,6.307000000000000000e+07,6.970000000000000000e+07
6.201860115221753716e+07,-1.612419470000000225e-09,1.351999999999999957e+01,6.307000000000000000e+07,6.970000000000000000e+07
6.210955873996921629e+07,-1.610058130000000273e-09,1.352500000000000036e+01,6.307000000000000000e+07,6.970000000000000000e+07
6.216354254562678188e+07,-1.608659930000000004e-09,1.353000000000000114e+01,6.307000000000000000e+07,6.970000000000000000e+07
6.229642268835464865e+07,-1.605228610000000061e-09,1.353500000000000014e+01,6.307000000000000000e+07,6.970000000000000000e+07
6.248492160735462606e+07,-1.600386100000000093e-09,1.354000000000000092e+01,6.307000000000000000e+07,6.970000000000000000e+07
6.263563315740258247e+07,-1.596535309999999942e-09,1.354499999999999993e+01,6.307000000000000000e+07,6.970000000000000000e+07
6.270796154828064889e+07,-1.594693839999999943e-09,1.355000000000000071e+01,6.307000000000000000e+07,6.970000000000000000e+07
6.277777005262439698e+07,-1.592920550000000295e-09,1.355499999999999972e+01,6.307000000000000000e+07,6.970000000000000000e+07
6.283895449879691005e+07,-1.591369570000000004e-09,1.356000000000000050e+01,6.307000000000000000e+07,6.970000000000000000e+07
6.291134385582178831e+07,-1.589538450000000202e-09,1.356499999999999950e+01,6.307000000000000000e+07,6.970000000000000000e+07
6.304276669990281016e+07,-1.586224800000000215e-09,1.357000000000000028e+01,6.307000000000000000e+07,6.970000000000000000e+07
6.314358586854883283e+07,-1.583692130000000118e-09,1.357500000000000107e+01,6.307000000000000000e+07,6.970000000000000000e+07
6.322463452794530988e+07,-1.581661970000000189e-09,1.358000000000000007e+01,6.307000000000000000e+07,6.970000000000000000e+07
6.331935803339596838e+07,-1.579295860000000082e-09,1.358500000000000085e+01,6.307000000000000000e+07,6.970000000000000000e+07
6.346762785088730603e+07,-1.575606389999999946e-09,1.358999999999999986e+01,6.307000000000000000e+07,6.970000000000000000e+07
6.355891980827655643e+07,-1.573343290000000043e-09,1.359500000000000064e+01,6.307000000000000000e+07,6.970000000000000000e+07
6.356010145310848951e+07,-1.573314040000000232e-09,1.359999999999999964e+01,6.307000000000000000e+07,6.970000000000000000e+07
6.362054305808452517e+07,-1.571819340000000013e-09,1.360500000000000043e+01,6.307000000000000000e+07,6.970000000000000000e+07
6.365909809432224929e+07,-1.570867370000000045e-09,1.360999999999999943e+01,6.307000000000000000e+07,6.970000000000000000e+07
6.365760762679250538e+07,-1.570904150000000106e-09,1.361500000000000021e+01,6.307000000000000000e+07,6.970000000000000000e+07
6.366667713559060544e+07,-1.570680370000000199e-09,1.362000000000000099e+01,6.307000000000000000e+07,6.970000000000000000e+07
6.368515202078846842e+07,-1.570224719999999914e-09,1.362500000000000000e+01,6.307000000000000000e+07,6.970000000000000000e+07
6.367388214005167037e+07,-1.570502640000000081e-09,1.363000000000000078e+01,6.307000000000000000e+07,6.970000000000000000e+07
6.373639524335791916e+07,-1.568962280000000156e-09,1.363499999999999979e+01,6.307000000000000000e+07,6.970000000000000000e+07
6.383630125320873410e+07,-1.566506800000000015e-09,1.364000000000000057e+01,6.307000000000000000e+07,6.970000000000000000e+07
6.380970170489504933e+07,-1.567159809999999975e-09,1.364499999999999957e+01,6.307000000000000000e+07,6.970000000000000000e+07
6.370808283686792105e+07,-1.569659540000000159e-09,1.365000000000000036e+01,6.307000000000000000e+07,6.970000000000000000e+07
6.363036722624780983e+07,-1.571576660000000078e-09,1.365500000000000114e+01,6.307000000000000000e+07,6.970000000000000000e+07
6.360195596112798154e+07,-1.572278690000000237e-09,1.366000000000000014e+01,6.307000000000000000e+07,6.970000000000000000e+07
6.354474551549480110e+07,-1.573694240000000040e-09,1.366500000000000092e+01,6.307000000000000000e+07,6.970000000000000000e+07
6.354886205276932567e+07,-1.573592300000000052e-09,1.366999999999999993e+01,6.307000000000000000e+07,6.970000000000000000e+07
6.349767870266012847e+07,-1.574860720000000186e-09,1.367500000000000071e+01,6.307000000000000000e+07,6.970000000000000000e+07
6.341067237125984579e+07,-1.577021600000000096e-09,1.367999999999999972e+01,6.307000000000000000e+07,6.970000000000000000e+07
6.331670516353998333e+07,-1.579362030000000165e-09,1.368500000000000050e+01,6.307000000000000000e+07,6.970000000000000000e+07
6.325152857122778893e+07,-1.580989460000000218e-09,1.368999999999999950e+01,6.307000000000000000e+07,6.970000000000000000e+07
6.323732427754613012e+07,-1.581344580000000179e-09,1.369500000000000028e+01,6.307000000000000000e+07,6.970000000000000000e+07
6.329416013456692547e+07,-1.579924590000000242e-09,1.370000000000000107e+01,6.307000000000000000e+07,6.970000000000000000e+07
6.342282026897440106e+07,-1.576719540000000133e-09,1.370500000000000007e+01,6.307000000000000000e+07,6.970000000000000000e+07
6.345683306414733082e+07,-1.575874420000000104e-09,1.371000000000000085e+01,6.307000000000000000e+07,6.970000000000000000e+07
6.344795809719192237e+07,-1.576094850000000185e-09,1.371499999999999986e+01,6.307000000000000000e+07,6.970000000000000000e+07
6.350999024531006813e+07,-1.574555430000000104e-09,1.372000000000000064e+01,6.307000000000000000e+07,6.970000000000000000e+07
6.353923138663170487e+07,-1.573830810000000023e-09,1.372499999999999964e+01,6.307000000000000000e+07,6.970000000000000000e+07
6.355429666639791429e+07,-1.573457740000000131e-09,1.373000000000000043e+01,6.307000000000000000e+07,6.970000000000000000e+07
6.354315985811345279e+07,-1.573733510000000233e-09,1.373499999999999943e+01,6.307000000000000000e+07,6.970000000000000000e+07
6.354885680277453363e+07,-1.573592430000000011e-09,1.374000000000000021e+01,6.307000000000000000e+07,6.970000000000000000e+07
6.357963424531091750e+07,-1.572830690000000009e-09,1.374500000000000099e+01,6.307000000000000000e+07,6.970000000000000000e+07
6.363026114724546671e+07,-1.571579279999999962e-09,1.375000000000000000e+01,6.307000000000000000e+07,6.970000000000000000e+07
6.369900680317495018e+07,-1.569883190000000108e-09,1.375500000000000078e+01,6.307000000000000000e+07,6.970000000000000000e+07
6.366027779333564639e+07,-1.570838260000000030e-09,1.375999999999999979e+01,6.307000000000000000e+07,6.970000000000000000e+07
6.354783832019168884e+07,-1.573617650000000275e-09,1.376500000000000057e+01,6.307000000000000000e+07,6.970000000000000000e+07
6.348563229674098641e+07,-1.575159550000000030e-09,1.376999999999999957e+01,6.307000000000000000e+07,6.970000000000000000e+07
6.341850889349142462e+07,-1.576826730000000139e-09,1.377500000000000036e+01,6.307000000000000000e+07,6.970000000000000000e+07
6.337869128668548167e+07,-1.577817370000000109e-09,1.378000000000000114e+01,6.307000000000000000e+07,6.970000000000000000e+07
6.340858236937809736e+07,-1.577073580000000039e-09,1.378500000000000014e+01,6.307000000000000000e+07,6.970000000000000000e+07
6.350430833231583983e+07,-1.574696310000000055e-09,1.379000000000000092e+01,6.307000000000000000e+07,6.970000000000000000e+07
6.360992157023889571e+07,-1.572081800000000174e-09,1.379499999999999993e+01,6.307000000000000000e+07,6.970000000000000000e+07
6.375132698387116939e+07,-1.568594800000000143e-09,1.380000000000000071e+01,6.307000000000000000e+07,6.970000000000000000e+07
6.395169508476416767e+07,-1.563680210000000027e-09,1.380499999999999972e+01,6.307000000000000000e+07,6.970000000000000000e+07
6.413338183698246628e+07,-1.559250380000000005e-09,1.381000000000000050e+01,6.307000000000000000e+07,6.970000000000000000e+07
6.429710281819795072e+07,-1.555280030000000164e-09,1.381499999999999950e+01,6.307000000000000000e+07,6.970000000000000000e+07
6.450596039589475095e+07,-1.550244340000000116e-09,1.382000000000000028e+01,6.307000000000000000e+07,6.970000000000000000e+07
6.471137242771242559e+07,-1.545323430000000178e-09,1.382500000000000107e+01,6.307000000000000000e+07,6.970000000000000000e+07
6.488038551561743021e+07,-1.541297870000000068e-09,1.383000000000000007e+01,6.307000000000000000e+07,6.970000000000000000e+07
6.507122732331985235e+07,-1.536777530000000103e-09,1.383500000000000085e+01,6.307000000000000000e+07,6.970000000000000000e+07
6.527481100135398656e+07,-1.531984519999999991e-09,1.383999999999999986e+01,6.307000000000000000e+07,6.970000000000000000e+07
6.542676919774179906e+07,-1.528426380000000071e-09,1.384500000000000064e+01,6.307000000000000000e+07,6.970000000000000000e+07
6.558275683466765285e+07,-1.524791040000000150e-09,1.384999999999999964e+01,6.307000000000000000e+07,6.970000000000000000e+07
6.578242327988386154e+07,-1.520162910000000195e-09,1.385500000000000043e+01,6.307000000000000000e+07,6.970000000000000000e+07
6.594464577418071777e+07,-1.516423340000000012e-09,1.385999999999999943e+01,6.307000000000000000e+07,6.970000000000000000e+07
6.608866227585931122e+07,-1.513118840000000046e-09,1.386500000000000021e+01,6.307000000000000000e+07,6.970000000000000000e+07
6.627705259451960772e+07,-1.508817850000000108e-09,1.387000000000000099e+01,6.307000000000000000e+07,6.970000000000000000e+07
6.644249853560732305e+07,-1.505060800000000226e-09,1.387500000000000000e+01,6.307000000000000000e+07,6.970000000000000000e+07
6.655909961831883341e+07,-1.502424170000000242e-09,1.388000000000000078e+01,6.307000000000000000e+07,6.970000000000000000e+07
6.670701240190758556e+07,-1.499092770000000180e-09,1.388499999999999979e+01,6.307000000000000000e+07,6.970000000000000000e+07
6.686115685714318603e+07,-1.495636700000000000e-09,1.389000000000000057e+01,6.307000000000000000e+07,6.970000000000000000e+07
6.695376396016944945e+07,-1.493568010000000072e-09,1.389499999999999957e+01,6.307000000000000000e+07,6.970000000000000000e+07
6.705339398733020574e+07,-1.491348820000000145e-09,1.390000000000000036e+01,6.307000000000000000e+07,6.970000000000000000e+07
6.720095683410379291e+07,-1.488074050000000062e-09,1.390500000000000114e+01,6.307000000000000000e+07,6.970000000000000000e+07
6.731957952136775851e+07,-1.485451940000000033e-09,1.391000000000000014e+01,6.307000000000000000e+07,6.970000000000000000e+07
6.740072118097655475e+07,-1.483663650000000153e-09,1.391500000000000092e+01,6.307000000000000000e+07,6.970000000000000000e+07
6.753486700243832171e+07,-1.480716620000000071e-09,1.391999999999999993e+01,6.307000000000000000e+07,6.970000000000000000e+07
6.766789116001354158e+07,-1.477805770000000066e-09,1.392500000000000071e+01,6.307000000000000000e+07,6.970000000000000000e+07
6.776682446781645715e+07,-1.475648310000000089e-09,1.392999999999999972e+01,6.307000000000000000e+07,6.970000000000000000e+07
6.790204247646218538e+07,-1.472709750000000101e-09,1.393500000000000050e+01,6.307000000000000000e+07,6.970000000000000000e+07
6.804831141585685313e+07,-1.469544180000000086e-09,1.393999999999999950e+01,6.307000000000000000e+07,6.970000000000000000e+07
6.814313347981244326e+07,-1.467499290000000093e-09,1.394500000000000028e+01,6.307000000000000000e+07,6.970000000000000000e+07
6.824297334689466655e+07,-1.465352330000000154e-09,1.395000000000000107e+01,6.307000000000000000e+07,6.970000000000000000e+07
6.838743962910701334e+07,-1.462256819999999973e-09,1.395500000000000007e+01,6.307000000000000000e+07,6.970000000000000000e+07
6.849524635798273981e+07,-1.459955330000000282e-09,1.396000000000000085e+01,6.307000000000000000e+07,6.970000000000000000e+07
6.858854419594068825e+07,-1.457969419999999982e-09,1.396499999999999986e+01,6.307000000000000000e+07,6.970000000000000000e+07
6.871779480418430269e+07,-1.455227140000000235e-09,1.397000000000000064e+01,6.307000000000000000e+07,6.970000000000000000e+07
6.883246314071501791e+07,-1.452802870000000158e-09,1.397499999999999964e+01,6.307000000000000000e+07,6.970000000000000000e+07
6.890471999330191314e+07,-1.451279390000000154e-09,1.398000000000000043e+01,6.307000000000000000e+07,6.970000000000000000e+07
6.901535013191801310e+07,-1.448953020000000059e-09,1.398499999999999943e+01,6.307000000000000000e+07,6.970000000000000000e+07
6.913895349828067422e+07,-1.446362649999999974e-09,1.399000000000000021e+01,6.307000000000000000e+07,6.970000000000000000e+07
6.921693894095563889e+07,-1.444733060000000018e-09,1.399500000000000099e+01,6.307000000000000000e+07,6.970000000000000000e+07
6.930480825047129393e+07,-1.442901329999999980e-09,1.400000000000000000e+01,6.307000000000000000e+07,6.970000000000000000e+07
6.943100424136647582e+07,-1.440278750000000133e-09,1.400500000000000078e+01,6.307000000000000000e+07,6.970000000000000000e+07
6.951388688650275767e+07,-1.438561480000000021e-09,1.400999999999999979e+01,6.307000000000000000e+07,6.970000000000000000e+07
6.958301418504019082e+07,-1.437132340000000063e-09,1.401500000000000057e+01,6.307000000000000000e+07,6.970000000000000000e+07
6.971072926408523321e+07,-1.434499410000000018e-09,1.401999999999999957e+01,6.307000000000000000e+07,6.970000000000000000e+07
6.981758549983701110e+07,-1.432303900000000113e-09,1.402500000000000036e+01,6.307000000000000000e+07,6.970000000000000000e+07
6.986474590408495069e+07,-1.431337060000000078e-09,1.403000000000000114e+01,6.307000000000000000e+07,6.970000000000000000e+07
6.993774302972303331e+07,-1.429843110000000099e-09,1.403500000000000014e+01,6.307000000000000000e+07,6.970000000000000000e+07
7.002687596486093104e+07,-1.428023150000000174e-09,1.404000000000000092e+01,6.307000000000000000e+07,6.970000000000000000e+07
7.005840418865187466e+07,-1.427380500000000042e-09,1.404499999999999993e+01,6.307000000000000000e+07,6.970000000000000000e+07
7.008837211548413336e+07,-1.426770190000000046e-09,1.405000000000000071e+01,6.307000000000000000e+07,6.970000000000000000e+07
7.014956595973230898e+07,-1.425525570000000054e-09,1.405499999999999972e+01,6.307000000000000000e+07,6.970000000000000000e+07
7.017079304377841949e+07,-1.425094340000000192e-09,1.406000000000000050e+01,6.307000000000000000e+07,6.970000000000000000e+07
7.017785271462461352e+07,-1.424950980000000153e-09,1.406499999999999950e+01,6.307000000000000000e+07,6.970000000000000000e+07
7.023045935615481436e+07,-1.423883610000000208e-09,1.407000000000000028e+01,6.307000000000000000e+07,6.970000000000000000e+07
7.026601222589263320e+07,-1.423163160000000092e-09,1.407500000000000107e+01,6.307000000000000000e+07,6.970000000000000000e+07
7.026632426542669535e+07,-1.423156840000000270e-09,1.408000000000000007e+01,6.307000000000000000e+07,6.970000000000000000e+07
7.026501292805972695e+07,-1.423183400000000092e-09,1.408500000000000085e+01,6.307000000000000000e+07,6.970000000000000000e+07
7.017442562250171602e+07,-1.425020570000000168e-09,1.408999999999999986e+01,6.307000000000000000e+07,6.970000000000000000e+07
6.998752626316916943e+07,-1.428826040000000058e-09,1.409500000000000064e+01,6.307000000000000000e+07,6.970000000000000000e+07
6.985146846611686051e+07,-1.431609130000000035e-09,1.409999999999999964e+01,6.307000000000000000e+07,6.970000000000000000e+07
6.978121147859060764e+07,-1.433050500000000086e-09,1.410500000000000043e+01,6.307000000000000000e+07,6.970000000000000000e+07
6.962990320809821784e+07,-1.436164570000000228e-09,1.410999999999999943e+01,6.307000000000000000e+07,6.970000000000000000e+07
6.939780333745139837e+07,-1.440967799999999959e-09,1.411500000000000021e+01,6.307000000000000000e+07,6.970000000000000000e+07
6.925272740613321960e+07,-1.443986450000000000e-09,1.412000000000000099e+01,6.307000000000000000e+07,6.970000000000000000e+07
6.912655159556731582e+07,-1.446622139999999932e-09,1.412500000000000000e+01,6.307000000000000000e+07,6.970000000000000000e+07
6.890802466265060008e+07,-1.451209790000000095e-09,1.413000000000000078e+01,6.307000000000000000e+07,6.970000000000000000e+07
6.866206170817407966e+07,-1.456408350000000031e-09,1.413499999999999979e+01,6.307000000000000000e+07,6.970000000000000000e+07
6.838254940524654090e+07,-1.462361390000000096e-09,1.414000000000000057e+01,6.307000000000000000e+07,6.970000000000000000e+07
6.802375555521951616e+07,-1.470074670000000198e-09,1.414499999999999957e+01,6.307000000000000000e+07,6.970000000000000000e+07
6.767743181796525419e+07,-1.477597440000000120e-09,1.415000000000000036e+01,6.307000000000000000e+07,6.970000000000000000e+07
6.744486121247044206e+07,-1.482692649999999992e-09,1.415500000000000114e+01,6.307000000000000000e+07,6.970000000000000000e+07
6.723505252667881548e+07,-1.487319430000000137e-09,1.416000000000000014e+01,6.307000000000000000e+07,6.970000000000000000e+07
6.704134465200400352e+07,-1.491616859999999934e-09,1.416500000000000092e+01,6.307000000000000000e+07,6.970000000000000000e+07
6.692845240014331788e+07,-1.494132860000000011e-09,1.416999999999999993e+01,6.307000000000000000e+07,6.970000000000000000e+07
6.682859904501263797e+07,-1.496365350000000041e-09,1.417500000000000071e+01,6.307000000000000000e+07,6.970000000000000000e+07
6.669203364858523756e+07,-1.499429460000000139e-09,1.417999999999999972e+01,6.307000000000000000e+07,6.970000000000000000e+07
6.653488058512584120e+07,-1.502971059999999998e-09,1.418500000000000050e+01,6.307000000000000000e+07,6.970000000000000000e+07
6.633468984678451717e+07,-1.507506859999999969e-09,1.418999999999999950e+01,6.307000000000000000e+07,6.970000000000000000e+07
6.605752687106242776e+07,-1.513832030000000288e-09,1.419500000000000028e+01,6.307000000000000000e+07,6.970000000000000000e+07
6.581899436922452599e+07,-1.519318259999999985e-09,1.420000000000000107e+01,6.307000000000000000e+07,6.970000000000000000e+07
6.568295494477705657e+07,-1.522465000000000077e-09,1.420500000000000007e+01,6.307000000000000000e+07,6.970000000000000000e+07
6.555341970131856203e+07,-1.525473430000000087e-09,1.421000000000000085e+01,6.307000000000000000e+07,6.970000000000000000e+07
6.535733058440401405e+07,-1.530050249999999981e-09,1.421499999999999986e+01,6.307000000000000000e+07,6.970000000000000000e+07
6.512014611606288701e+07,-1.535623090000000238e-09,1.422000000000000064e+01,6.307000000000000000e+07,6.970000000000000000e+07
6.479162301331065595e+07,-1.543409400000000169e-09,1.422499999999999964e+01,6.307000000000000000e+07,6.970000000000000000e+07
6.441201926218247414e+07,-1.552505280000000117e-09,1.423000000000000043e+01,6.307000000000000000e+07,6.970000000000000000e+07
6.413204593296177685e+07,-1.559282859999999936e-09,1.423499999999999943e+01,6.307000000000000000e+07,6.970000000000000000e+07
6.395423087327691913e+07,-1.563618210000000116e-09,1.424000000000000021e+01,6.307000000000000000e+07,6.970000000000000000e+07
6.377940693060200661e+07,-1.567904200000000236e-09,1.424500000000000099e+01,6.307000000000000000e+07,6.970000000000000000e+07
6.362531995821368694e+07,-1.571701330000000197e-09,1.425000000000000000e+01,6.307000000000000000e+07,6.970000000000000000e+07
6.352227670344386250e+07,-1.574250880000000009e-09,1.425500000000000078e+01,6.307000000000000000e+07,6.970000000000000000e+07
6.331168869196955860e+07,-1.579487170000000103e-09,1.425999999999999979e+01,6.307000000000000000e+07,6.970000000000000000e+07
6.306486012750075012e+07,-1.585669100000000091e-09,1.426500000000000057e+01,6.307000000000000000e+07,6.970000000000000000e+07
6.285582802097350359e+07,-1.590942370000000103e-09,1.426999999999999957e+01,6.307000000000000000e+07,6.970000000000000000e+07
6.259711903895695508e+07,-1.597517609999999983e-09,1.427500000000000036e+01,6.307000000000000000e+07,6.970000000000000000e+07
6.236698875370393693e+07,-1.603412350000000075e-09,1.428000000000000114e+01,6.307000000000000000e+07,6.970000000000000000e+07
6.221372935690134764e+07,-1.607362250000000014e-09,1.428500000000000014e+01,6.307000000000000000e+07,6.970000000000000000e+07
6.202693837376805395e+07,-1.612202740000000083e-09,1.429000000000000092e+01,6.307000000000000000e+07,6.970000000000000000e+07
6.178174588751507550e+07,-1.618601069999999984e-09,1.429499999999999993e+01,6.307000000000000000e+07,6.970000000000000000e+07
6.153912881196901947e+07,-1.624982380000000166e-09,1.430000000000000071e+01,6.307000000000000000e+07,6.970000000000000000e+07
6.133795512371672690e+07,-1.630311930000000045e-09,1.430499999999999972e+01,6.307000000000000000e+07,6.970000000000000000e+07
6.119627231964213401e+07,-1.634086460000000039e-09,1.431000000000000050e+01,6.307000000000000000e+07,6.970000000000000000e+07
6.111891572500956804e+07,-1.636154680000000148e-09,1.431499999999999950e+01,6.307000000000000000e+07,6.970000000000000000e+07
6.113075663444765657e+07,-1.635837760000000163e-09,1.432000000000000028e+01,6.307000000000000000e+07,6.970000000000000000e+07
6.116760255239438266e+07,-1.634852370000000006e-09,1.432500000000000107e+01,6.307000000000000000e+07,6.970000000000000000e+07
6.118631640233515948e+07,-1.634352349999999970e-09,1.433000000000000007e+01,6.307000000000000000e+07,6.970000000000000000e+07
6.121975151208959520e+07,-1.633459750000000192e-09,1.433500000000000085e+01,6.307000000000000000e+07,6.970000000000000000e+07
6.133111255828003585e+07,-1.630493820000000289e-09,1.433999999999999986e+01,6.307000000000000000e+07,6.970000000000000000e+07
6.148324164194046706e+07,-1.626459460000000062e-09,1.434500000000000064e+01,6.307000000000000000e+07,6.970000000000000000e+07
6.164856321673620492e+07,-1.622097820000000228e-09,1.434999999999999964e+01,6.307000000000000000e+07,6.970000000000000000e+07
6.174349020168474317e+07,-1.619603940000000047e-09,1.435500000000000043e+01,6.307000000000000000e+07,6.970000000000000000e+07
6.173775862178602815e+07,-1.619754300000000249e-09,1.435999999999999943e+01,6.307000000000000000e+07,6.970000000000000000e+07
6.176612921013455093e+07,-1.619010310000000115e-09,1.436500000000000021e+01,6.307000000000000000e+07,6.970000000000000000e+07
6.188707505023311824e+07,-1.615846280000000136e-09,1.437000000000000099e+01,6.307000000000000000e+07,6.970000000000000000e+07
6.201371865003427863e+07,-1.612546419999999954e-09,1.437500000000000000e+01,6.307000000000000000e+07,6.970000000000000000e+07
6.205268546027393639e+07,-1.611533800000000091e-09,1.438000000000000078e+01,6.307000000000000000e+07,6.970000000000000000e+07
6.209787241946159303e+07,-1.610361130000000081e-09,1.438499999999999979e+01,6.307000000000000000e+07,6.970000000000000000e+07
6.214369369462864846e+07,-1.609173740000000051e-09,1.439000000000000057e+01,6.307000000000000000e+07,6.970000000000000000e+07
6.212260401580515504e+07,-1.609720030000000237e-09,1.439499999999999957e+01,6.307000000000000000e+07,6.970000000000000000e+07
6.207665313277682662e+07,-1.610911590000000024e-09,1.440000000000000036e+01,6.307000000000000000e+07,6.970000000000000000e+07
6.204068681596381962e+07,-1.611845470000000057e-09,1.440500000000000114e+01,6.307000000000000000e+07,6.970000000000000000e+07
6.194385874461206049e+07,-1.614365040000000114e-09,1.441000000000000014e+01,6.307000000000000000e+07,6.970000000000000000e+07
6.187828604251289368e+07,-1.616075790000000133e-09,1.441500000000000092e+01,6.307000000000000000e+07,6.970000000000000000e+07
6.193800243797887862e+07,-1.614517680000000133e-09,1.441999999999999993e+01,6.307000000000000000e+07,6.970000000000000000e+07
6.199390577588416636e+07,-1.613061780000000082e-09,1.442500000000000071e+01,6.307000000000000000e+07,6.970000000000000000e+07
6.196971008568000048e+07,-1.613691590000000091e-09,1.442999999999999972e+01,6.307000000000000000e+07,6.970000000000000000e+07
6.198564966505464911e+07,-1.613276630000000121e-09,1.443500000000000050e+01,6.307000000000000000e+07,6.970000000000000000e+07
6.195730473803804070e+07,-1.614014690000000102e-09,1.443999999999999950e+01,6.307000000000000000e+07,6.970000000000000000e+07
6.189516815369807929e+07,-1.615635000000000077e-09,1.444500000000000028e+01,6.307000000000000000e+07,6.970000000000000000e+07
6.193224773122048378e+07,-1.614667700000000061e-09,1.445000000000000107e+01,6.307000000000000000e+07,6.970000000000000000e+07
6.204937918137968332e+07,-1.611619670000000250e-09,1.445500000000000007e+01,6.307000000000000000e+07,6.970000000000000000e+07
6.215560009308174253e+07,-1.608865490000000018e-09,1.446000000000000085e+01,6.307000000000000000e+07,6.970000000000000000e+07
6.224364604256858677e+07,-1.606589690000000202e-09,1.446499999999999986e+01,6.307000000000000000e+07,6.970000000000000000e+07
6.235161601390770823e+07,-1.603807670000000029e-09,1.447000000000000064e+01,6.307000000000000000e+07,6.970000000000000000e+07
6.247898050898226351e+07,-1.600538280000000131e-09,1.447499999999999964e+01,6.307000000000000000e+07,6.970000000000000000e+07
6.252390210622643679e+07,-1.599388340000000045e-09,1.448000000000000043e+01,6.307000000000000000e+07,6.970000000000000000e+07
6.255026382825578749e+07,-1.598714280000000200e-09,1.448499999999999943e+01,6.307000000000000000e+07,6.970000000000000000e+07
6.257168681729440391e+07,-1.598166920000000004e-09,1.449000000000000021e+01,6.307000000000000000e+07,6.970000000000000000e+07
6.259437353698170930e+07,-1.597587680000000068e-09,1.449500000000000099e+01,6.307000000000000000e+07,6.970000000000000000e+07
6.263331422641450167e+07,-1.596594420000000008e-09,1.450000000000000000e+01,6.307000000000000000e+07,6.970000000000000000e+07
6.261856120104604214e+07,-1.596970580000000224e-09,1.450500000000000078e+01,6.307000000000000000e+07,6.970000000000000000e+07
6.250880905391592532e+07,-1.599774520000000022e-09,1.450999999999999979e+01,6.307000000000000000e+07,6.970000000000000000e+07
6.233160493610461801e+07,-1.604322560000000132e-09,1.451500000000000057e+01,6.307000000000000000e+07,6.970000000000000000e+07
6.218035953007218242e+07,-1.608224859999999993e-09,1.451999999999999957e+01,6.307000000000000000e+07,6.970000000000000000e+07
6.198685653009403497e+07,-1.613245220000000200e-09,1.452500000000000036e+01,6.307000000000000000e+07,6.970000000000000000e+07
6.183173688632178307e+07,-1.617292430000000181e-09,1.453000000000000114e+01,6.307000000000000000e+07,6.970000000000000000e+07
6.177480395518865436e+07,-1.618782960000000228e-09,1.453500000000000014e+01,6.307000000000000000e+07,6.970000000000000000e+07
6.174558968387288600e+07,-1.619548870000000194e-09,1.454000000000000092e+01,6.307000000000000000e+07,6.970000000000000000e+07
6.163429357241160423e+07,-1.622473370000000208e-09,1.454499999999999993e+01,6.307000000000000000e+07,6.970000000000000000e+07
6.157747096104992926e+07,-1.623970560000000145e-09,1.455000000000000071e+01,6.307000000000000000e+07,6.970000000000000000e+07
6.159545192487604171e+07,-1.623496490000000109e-09,1.455499999999999972e+01,6.307000000000000000e+07,6.970000000000000000e+07
6.159809266187527776e+07,-1.623426890000000050e-09,1.456000000000000050e+01,6.307000000000000000e+07,6.970000000000000000e+07
6.162005559287471324e+07,-1.622848260000000143e-09,1.456499999999999950e+01,6.307000000000000000e+07,6.970000000000000000e+07
6.168035139838978648e+07,-1.621261840000000176e-09,1.457000000000000028e+01,6.307000000000000000e+07,6.970000000000000000e+07
6.163348368184798211e+07,-1.622494690000000056e-09,1.457500000000000107e+01,6.307000000000000000e+07,6.970000000000000000e+07
6.154896539020431787e+07,-1.624722680000000099e-09,1.458000000000000007e+01,6.307000000000000000e+07,6.970000000000000000e+07
6.142589791901526600e+07,-1.627977830000000256e-09,1.458500000000000085e+01,6.307000000000000000e+07,6.970000000000000000e+07
6.127800587936729938e+07,-1.631906890000000004e-09,1.458999999999999986e+01,6.307000000000000000e+07,6.970000000000000000e+07
6.115416799411981553e+07,-1.635211519999999928e-09,1.459500000000000064e+01,6.307000000000000000e+07,6.970000000000000000e+07
6.111670773780729622e+07,-1.636213790000000007e-09,1.459999999999999964e+01,6.307000000000000000e+07,6.970000000000000000e+07
6.114475890208837390e+07,-1.635463150000000235e-09,1.460500000000000043e+01,6.307000000000000000e+07,6.970000000000000000e+07
6.108757060852663964e+07,-1.636994220000000135e-09,1.460999999999999943e+01,6.307000000000000000e+07,6.970000000000000000e+07
6.103614719330769777e+07,-1.638373400000000256e-09,1.461500000000000021e+01,6.307000000000000000e+07,6.970000000000000000e+07
6.106705842080293596e+07,-1.637544080000000094e-09,1.462000000000000099e+01,6.307000000000000000e+07,6.970000000000000000e+07
6.108594923169972003e+07,-1.637037670000000131e-09,1.462500000000000000e+01,6.307000000000000000e+07,6.970000000000000000e+07
6.105866144955411553e+07,-1.637769280000000123e-09,1.463000000000000078e+01,6.307000000000000000e+07,6.970000000000000000e+07
6.109472285900233686e+07,-1.636802580000000092e-09,1.463499999999999979e+01,6.307000000000000000e+07,6.970000000000000000e+07
6.109076249085096270e+07,-1.636908690000000250e-09,1.464000000000000057e+01,6.307000000000000000e+07,6.970000000000000000e+07
6.096390765967605263e+07,-1.640314800000000181e-09,1.464499999999999957e+01,6.307000000000000000e+07,6.970000000000000000e+07
6.092763889972385764e+07,-1.641291239999999967e-09,1.465000000000000036e+01,6.307000000000000000e+07,6.970000000000000000e+07
6.095349292985501885e+07,-1.640595070000000063e-09,1.465500000000000114e+01,6.307000000000000000e+07,6.970000000000000000e+07
6.096649452167273313e+07,-1.640245200000000121e-09,1.466000000000000014e+01,6.307000000000000000e+07,6.970000000000000000e+07
6.090982343277653307e+07,-1.641771300000000216e-09,1.466500000000000092e+01,6.307000000000000000e+07,6.970000000000000000e+07
6.082329376443545520e+07,-1.644106950000000085e-09,1.466999999999999993e+01,6.307000000000000000e+07,6.970000000000000000e+07
6.064987150020750612e+07,-1.648808110000000076e-09,1.467500000000000071e+01,6.307000000000000000e+07,6.970000000000000000e+07
6.046190074645718187e+07,-1.653934110000000209e-09,1.467999999999999972e+01,6.307000000000000000e+07,6.970000000000000000e+07
6.033595263569795340e+07,-1.657386610000000203e-09,1.468500000000000050e+01,6.307000000000000000e+07,6.970000000000000000e+07
6.023705062437389791e+07,-1.660107840000000065e-09,1.468999999999999950e+01,6.307000000000000000e+07,6.970000000000000000e+07
6.016312798979911953e+07,-1.662147620000000248e-09,1.469500000000000028e+01,6.307000000000000000e+07,6.970000000000000000e+07
6.016331295202840865e+07,-1.662142510000000026e-09,1.470000000000000107e+01,6.307000000000000000e+07,6.970000000000000000e+07
6.021699857824655622e+07,-1.660660650000000137e-09,1.470500000000000007e+01,6.307000000000000000e+07,6.970000000000000000e+07
6.019457414535894245e+07,-1.661279300000000062e-09,1.471000000000000085e+01,6.307000000000000000e+07,6.970000000000000000e+07
6.018210213410668820e+07,-1.661623580000000124e-09,1.471499999999999986e+01,6.307000000000000000e+07,6.970000000000000000e+07
6.024690724911512434e+07,-1.659836240000000134e-09,1.472000000000000064e+01,6.307000000000000000e+07,6.970000000000000000e+07
6.028533676860081404e+07,-1.658778160000000007e-09,1.472499999999999964e+01,6.307000000000000000e+07,6.970000000000000000e+07
6.024152816612228006e+07,-1.659984450000000064e-09,1.473000000000000043e+01,6.307000000000000000e+07,6.970000000000000000e+07
6.020137782291409373e+07,-1.661091550000000183e-09,1.473499999999999943e+01,6.307000000000000000e+07,6.970000000000000000e+07
6.018328325412119925e+07,-1.661590970000000028e-09,1.474000000000000021e+01,6.307000000000000000e+07,6.970000000000000000e+07
6.017082062746227533e+07,-1.661935120000000131e-09,1.474500000000000099e+01,6.307000000000000000e+07,6.970000000000000000e+07
6.019711823272047937e+07,-1.661209090000000180e-09,1.475000000000000000e+01,6.307000000000000000e+07,6.970000000000000000e+07
6.020223061064048856e+07,-1.661068020000000210e-09,1.475500000000000078e+01,6.307000000000000000e+07,6.970000000000000000e+07
6.010092218975210190e+07,-1.663867980000000063e-09,1.475999999999999979e+01,6.307000000000000000e+07,6.970000000000000000e+07
5.999028901197589189e+07,-1.666936460000000190e-09,1.476500000000000057e+01,6.307000000000000000e+07,6.970000000000000000e+07
5.996363241672105342e+07,-1.667677490000000166e-09,1.476999999999999957e+01,6.307000000000000000e+07,6.970000000000000000e+07
5.995240139044007659e+07,-1.667989900000000119e-09,1.477500000000000036e+01,6.307000000000000000e+07,6.970000000000000000e+07
5.995099461817523092e+07,-1.668029040000000147e-09,1.478000000000000114e+01,6.307000000000000000e+07,6.970000000000000000e+07
6.000888059422138333e+07,-1.666420020000000007e-09,1.478500000000000014e+01,6.307000000000000000e+07,6.970000000000000000e+07
6.004880839204675704e+07,-1.665311980000000043e-09,1.479000000000000092e+01,6.307000000000000000e+07,6.970000000000000000e+07
6.006992559829120338e+07,-1.664726550000000037e-09,1.479499999999999993e+01,6.307000000000000000e+07,6.970000000000000000e+07
6.015470309831190109e+07,-1.662380409999999967e-09,1.480000000000000071e+01,6.307000000000000000e+07,6.970000000000000000e+07
6.025999003974676132e+07,-1.659475880000000198e-09,1.480499999999999972e+01,6.307000000000000000e+07,6.970000000000000000e+07
6.028760248997925967e+07,-1.658715820000000235e-09,1.481000000000000050e+01,6.307000000000000000e+07,6.970000000000000000e+07
6.032811508611117303e+07,-1.657601930000000061e-09,1.481499999999999950e+01,6.307000000000000000e+07,6.970000000000000000e+07
6.038561614381911606e+07,-1.656023510000000163e-09,1.482000000000000028e+01,6.307000000000000000e+07,6.970000000000000000e+07
6.042655528360584378e+07,-1.654901550000000022e-09,1.482500000000000107e+01,6.307000000000000000e+07,6.970000000000000000e+07
6.035868073596932739e+07,-1.656762520000000033e-09,1.483000000000000007e+01,6.307000000000000000e+07,6.970000000000000000e+07
6.029584978721654415e+07,-1.658488940000000167e-09,1.483500000000000085e+01,6.307000000000000000e+07,6.970000000000000000e+07
6.031229004160980880e+07,-1.658036860000000069e-09,1.483999999999999986e+01,6.307000000000000000e+07,6.970000000000000000e+07
6.033475313878883421e+07,-1.657419559999999953e-09,1.484500000000000064e+01,6.307000000000000000e+07,6.970000000000000000e+07
6.040318242381432652e+07,-1.655541910000000085e-09,1.484999999999999964e+01,6.307000000000000000e+07,6.970000000000000000e+07
6.050586545977471769e+07,-1.652732330000000184e-09,1.485500000000000043e+01,6.307000000000000000e+07,6.970000000000000000e+07
6.054884415011489391e+07,-1.651559190000000147e-09,1.485999999999999943e+01,6.307000000000000000e+07,6.970000000000000000e+07
6.057763500975375623e+07,-1.650774250000000194e-09,1.486500000000000021e+01,6.307000000000000000e+07,6.970000000000000000e+07
6.066094515867180377e+07,-1.648507120000000124e-09,1.487000000000000099e+01,6.307000000000000000e+07,6.970000000000000000e+07
6.073776880122145265e+07,-1.646422020000000093e-09,1.487500000000000000e+01,6.307000000000000000e+07,6.970000000000000000e+07
6.081804762426552176e+07,-1.644248770000000087e-09,1.488000000000000078e+01,6.307000000000000000e+07,6.970000000000000000e+07
6.094326634711552411e+07,-1.640870370000000140e-09,1.488499999999999979e+01,6.307000000000000000e+07,6.970000000000000000e+07
6.107556811638403684e+07,-1.637315920000000114e-09,1.489000000000000057e+01,6.307000000000000000e+07,6.970000000000000000e+07
6.120136966706871241e+07,-1.633950360000000082e-09,1.489499999999999957e+01,6.307000000000000000e+07,6.970000000000000000e+07
6.132640577170769125e+07,-1.630618960000000227e-09,1.490000000000000036e+01,6.307000000000000000e+07,6.970000000000000000e+07
6.144276773616917431e+07,-1.627530850000000130e-09,1.490500000000000114e+01,6.307000000000000000e+07,6.970000000000000000e+07
6.153193044469963014e+07,-1.625172480000000174e-09,1.491000000000000014e+01,6.307000000000000000e+07,6.970000000000000000e+07
6.161493420310617238e+07,-1.622983150000000088e-09,1.491500000000000092e+01,6.307000000000000000e+07,6.970000000000000000e+07
6.172933014676654339e+07,-1.619975460000000066e-09,1.491999999999999993e+01,6.307000000000000000e+07,6.970000000000000000e+07
6.178005729989109933e+07,-1.618645310000000189e-09,1.492500000000000071e+01,6.307000000000000000e+07,6.970000000000000000e+07
6.170476937203802913e+07,-1.620620270000000100e-09,1.492999999999999972e+01,6.307000000000000000e+07,6.970000000000000000e+07
6.160015950006099790e+07,-1.623372419999999975e-09,1.493500000000000050e+01,6.307000000000000000e+07,6.970000000000000000e+07
6.152695353707196563e+07,-1.625303940000000141e-09,1.493999999999999950e+01,6.307000000000000000e+07,6.970000000000000000e+07
6.147903268963740766e+07,-1.626570810000000195e-09,1.494500000000000028e+01,6.307000000000000000e+07,6.970000000000000000e+07
6.147085494648592919e+07,-1.626787200000000270e-09,1.495000000000000107e+01,6.307000000000000000e+07,6.970000000000000000e+07
6.150559597593980283e+07,-1.625868320000000055e-09,1.495500000000000007e+01,6.307000000000000000e+07,6.970000000000000000e+07
6.147081904917981476e+07,-1.626788150000000159e-09,1.496000000000000085e+01,6.307000000000000000e+07,6.970000000000000000e+07
6.136570104054136574e+07,-1.629574800000000278e-09,1.496499999999999986e+01,6.307000000000000000e+07,6.970000000000000000e+07
6.132894751222129911e+07,-1.630551380000000067e-09,1.497000000000000064e+01,6.307000000000000000e+07,6.970000000000000000e+07
6.123804614967744052e+07,-1.632971760000000186e-09,1.497499999999999964e+01,6.307000000000000000e+07,6.970000000000000000e+07
6.108170159522987157e+07,-1.637151510000000189e-09,1.498000000000000043e+01,6.307000000000000000e+07,6.970000000000000000e+07
6.093697088618607819e+07,-1.641039890000000080e-09,1.498499999999999943e+01,6.307000000000000000e+07,6.970000000000000000e+07
6.080406258695931733e+07,-1.644626949999999996e-09,1.499000000000000021e+01,6.307000000000000000e+07,6.970000000000000000e+07
6.069018455824434012e+07,-1.647712899999999984e-09,1.499500000000000099e+01,6.307000000000000000e+07,6.970000000000000000e+07
6.064024148884648830e+07,-1.649069949999999957e-09,1.500000000000000000e+01,6.307000000000000000e+07,6.970000000000000000e+07
6.057419527529877424e+07,-1.650867990000000256e-09,1.500500000000000078e+01,6.307000000000000000e+07,6.970000000000000000e+07
6.040807004455868155e+07,-1.655407960000000192e-09,1.500999999999999979e+01,6.307000000000000000e+07,6.970000000000000000e+07
6.020796590042376518e+07,-1.660909790000000105e-09,1.501500000000000057e+01,6.307000000000000000e+07,6.970000000000000000e+07
6.001687962736143172e+07,-1.666197920000000139e-09,1.501999999999999957e+01,6.307000000000000000e+07,6.970000000000000000e+07
5.983782310382509977e+07,-1.671183790000000146e-09,1.502500000000000036e+01,6.307000000000000000e+07,6.970000000000000000e+07
5.973668761046881974e+07,-1.674013140000000021e-09,1.503000000000000114e+01,6.307000000000000000e+07,6.970000000000000000e+07
5.972837672541169822e+07,-1.674246069999999950e-09,1.503500000000000014e+01,6.307000000000000000e+07,6.970000000000000000e+07
5.965938440953403711e+07,-1.676182230000000107e-09,1.504000000000000092e+01,6.307000000000000000e+07,6.970000000000000000e+07
5.950401983273740858e+07,-1.680558730000000169e-09,1.504499999999999993e+01,6.307000000000000000e+07,6.970000000000000000e+07
5.937155752577298135e+07,-1.684308180000000110e-09,1.505000000000000071e+01,6.307000000000000000e+07,6.970000000000000000e+07
5.934709366125086695e+07,-1.685002480000000162e-09,1.505499999999999972e+01,6.307000000000000000e+07,6.970000000000000000e+07
5.940127036032002419e+07,-1.683465680000000172e-09,1.506000000000000050e+01,6.307000000000000000e+07,6.970000000000000000e+07
5.949153678157068044e+07,-1.680911360000000205e-09,1.506499999999999950e+01,6.307000000000000000e+07,6.970000000000000000e+07
5.957245007469759881e+07,-1.678628290000000057e-09,1.507000000000000028e+01,6.307000000000000000e+07,6.970000000000000000e+07
5.965258098225610703e+07,-1.676373399999999918e-09,1.507500000000000107e+01,6.307000000000000000e+07,6.970000000000000000e+07
5.974119671498213708e+07,-1.673886790000000276e-09,1.508000000000000007e+01,6.307000000000000000e+07,6.970000000000000000e+07
5.987039818981611729e+07,-1.670274510000000096e-09,1.508500000000000085e+01,6.307000000000000000e+07,6.970000000000000000e+07
5.997155932759071887e+07,-1.667457060000000085e-09,1.508999999999999986e+01,6.307000000000000000e+07,6.970000000000000000e+07
5.999628419013496488e+07,-1.666769890000000156e-09,1.509500000000000064e+01,6.307000000000000000e+07,6.970000000000000000e+07
6.002894920086792111e+07,-1.665862910000000012e-09,1.509999999999999964e+01,6.307000000000000000e+07,6.970000000000000000e+07
6.003557708297937363e+07,-1.665679000000000075e-09,1.510500000000000043e+01,6.307000000000000000e+07,6.970000000000000000e+07
5.999416844683863223e+07,-1.666828669999999992e-09,1.510999999999999943e+01,6.307000000000000000e+07,6.970000000000000000e+07
5.997057999269066751e+07,-1.667484289999999998e-09,1.511500000000000021e+01,6.307000000000000000e+07,6.970000000000000000e+07
6.002248490302454680e+07,-1.666042320000000169e-09,1.512000000000000099e+01,6.307000000000000000e+07,6.970000000000000000e+07
6.001756510070776194e+07,-1.666178890000000152e-09,1.512500000000000000e+01,6.307000000000000000e+07,6.970000000000000000e+07
5.991933634972864389e+07,-1.668910340000000252e-09,1.513000000000000078e+01,6.307000000000000000e+07,6.970000000000000000e+07
5.978425143041742593e+07,-1.672681310000000105e-09,1.513499999999999979e+01,6.307000000000000000e+07,6.970000000000000000e+07
5.960533614149171859e+07,-1.677702140000000131e-09,1.514000000000000057e+01,6.307000000000000000e+07,6.970000000000000000e+07
5.940790752517588437e+07,-1.683277600000000064e-09,1.514499999999999957e+01,6.307000000000000000e+07,6.970000000000000000e+07
5.926203219559238851e+07,-1.687421040000000239e-09,1.515000000000000036e+01,6.307000000000000000e+07,6.970000000000000000e+07
5.910046131042377651e+07,-1.692034169999999962e-09,1.515500000000000114e+01,6.307000000000000000e+07,6.970000000000000000e+07
5.890646972113206238e+07,-1.697606399999999983e-09,1.516000000000000014e+01,6.307000000000000000e+07,6.970000000000000000e+07
5.878940769371922314e+07,-1.700986690000000078e-09,1.516500000000000092e+01,6.307000000000000000e+07,6.970000000000000000e+07
5.877400090692985058e+07,-1.701432580000000105e-09,1.516999999999999993e+01,6.307000000000000000e+07,6.970000000000000000e+07
5.876562349477364868e+07,-1.701675130000000082e-09,1.517500000000000071e+01,6.307000000000000000e+07,6.970000000000000000e+07
5.869999940654300153e+07,-1.703577530000000189e-09,1.517999999999999972e+01,6.307000000000000000e+07,6.970000000000000000e+07
5.871052753264240175e+07,-1.703272040000000250e-09,1.518500000000000050e+01,6.307000000000000000e+07,6.970000000000000000e+07
5.870527592122505605e+07,-1.703424410000000100e-09,1.518999999999999950e+01,6.307000000000000000e+07,6.970000000000000000e+07
5.869920001736556739e+07,-1.703600730000000140e-09,1.519500000000000028e+01,6.307000000000000000e+07,6.970000000000000000e+07
5.874421815172960609e+07,-1.702295190000000085e-09,1.520000000000000107e+01,6.307000000000000000e+07,6.970000000000000000e+07
5.882426644522075355e+07,-1.699978700000000161e-09,1.520500000000000007e+01,6.307000000000000000e+07,6.970000000000000000e+07
5.884571355347185582e+07,-1.699359120000000022e-09,1.521000000000000085e+01,6.307000000000000000e+07,6.970000000000000000e+07
5.884053536484753340e+07,-1.699508670000000131e-09,1.521499999999999986e+01,6.307000000000000000e+07,6.970000000000000000e+07
5.882738675811877847e+07,-1.699888530000000079e-09,1.522000000000000064e+01,6.307000000000000000e+07,6.970000000000000000e+07
5.874209973095060885e+07,-1.702356580000000174e-09,1.522499999999999964e+01,6.307000000000000000e+07,6.970000000000000000e+07
5.859862925148876011e+07,-1.706524560000000271e-09,1.523000000000000043e+01,6.307000000000000000e+07,6.970000000000000000e+07
5.845037123934987932e+07,-1.710853119999999982e-09,1.523499999999999943e+01,6.307000000000000000e+07,6.970000000000000000e+07
5.826742646458497643e+07,-1.716224760000000209e-09,1.524000000000000021e+01,6.307000000000000000e+07,6.970000000000000000e+07
5.807742243106862903e+07,-1.721839500000000173e-09,1.524500000000000099e+01,6.307000000000000000e+07,6.970000000000000000e+07
5.791911359476507455e+07,-1.726545760000000136e-09,1.525000000000000000e+01,6.307000000000000000e+07,6.970000000000000000e+07
5.783299211771595478e+07,-1.729116830000000066e-09,1.525500000000000078e+01,6.307000000000000000e+07,6.970000000000000000e+07
5.774323367097572982e+07,-1.731804640000000152e-09,1.525999999999999979e+01,6.307000000000000000e+07,6.970000000000000000e+07
5.767676934881139547e+07,-1.733800300000000043e-09,1.526500000000000057e+01,6.307000000000000000e+07,6.970000000000000000e+07
5.758512870040165633e+07,-1.736559460000000126e-09,1.526999999999999957e+01,6.307000000000000000e+07,6.970000000000000000e+07
5.745686481894161552e+07,-1.740436069999999905e-09,1.527500000000000036e+01,6.307000000000000000e+07,6.970000000000000000e+07
5.738773552930946648e+07,-1.742532600000000187e-09,1.528000000000000114e+01,6.307000000000000000e+07,6.970000000000000000e+07
5.735819718643473834e+07,-1.743429970000000121e-09,1.528500000000000014e+01,6.307000000000000000e+07,6.970000000000000000e+07
5.730883039273414761e+07,-1.744931790000000210e-09,1.529000000000000092e+01,6.307000000000000000e+07,6.970000000000000000e+07
5.724784576642619818e+07,-1.746790620000000201e-09,1.529499999999999993e+01,6.307000000000000000e+07,6.970000000000000000e+07
5.726159642525015026e+07,-1.746371150000000200e-09,1.530000000000000071e+01,6.307000000000000000e+07,6.970000000000000000e+07
5.727011297016579658e+07,-1.746111449999999926e-09,1.530499999999999972e+01,6.307000000000000000e+07,6.970000000000000000e+07
5.728079847050186247e+07,-1.745785720000000193e-09,1.531000000000000050e+01,6.307000000000000000e+07,6.970000000000000000e+07
5.732225877993860096e+07,-1.744523020000000104e-09,1.531499999999999950e+01,6.307000000000000000e+07,6.970000000000000000e+07
5.739533693421728909e+07,-1.742301820000000116e-09,1.532000000000000028e+01,6.307000000000000000e+07,6.970000000000000000e+07
5.745384825731992722e+07,-1.740527450000000207e-09,1.532500000000000107e+01,6.307000000000000000e+07,6.970000000000000000e+07
5.749394374607413262e+07,-1.739313630000000107e-09,1.533000000000000007e+01,6.307000000000000000e+07,6.970000000000000000e+07
5.756097181915551424e+07,-1.737288250000000171e-09,1.533500000000000085e+01,6.307000000000000000e+07,6.970000000000000000e+07
5.762083281671455503e+07,-1.735483420000000023e-09,1.533999999999999986e+01,6.307000000000000000e+07,6.970000000000000000e+07
5.759545473258741945e+07,-1.736248119999999976e-09,1.534500000000000064e+01,6.307000000000000000e+07,6.970000000000000000e+07
5.762008280224855244e+07,-1.735506009999999945e-09,1.534999999999999964e+01,6.307000000000000000e+07,6.970000000000000000e+07
5.769565736903070658e+07,-1.733232700000000261e-09,1.535500000000000043e+01,6.307000000000000000e+07,6.970000000000000000e+07
5.776994961582291126e+07,-1.731003759999999915e-09,1.535999999999999943e+01,6.307000000000000000e+07,6.970000000000000000e+07
5.784169488150801510e+07,-1.728856670000000225e-09,1.536500000000000021e+01,6.307000000000000000e+07,6.970000000000000000e+07
5.786039213144955784e+07,-1.728297999999999898e-09,1.537000000000000099e+01,6.307000000000000000e+07,6.970000000000000000e+07
5.780607850338305533e+07,-1.729921880000000060e-09,1.537500000000000000e+01,6.307000000000000000e+07,6.970000000000000000e+07
5.778371853472115844e+07,-1.730591290000000077e-09,1.538000000000000078e+01,6.307000000000000000e+07,6.970000000000000000e+07
5.781933878104830533e+07,-1.729525140000000191e-09,1.538499999999999979e+01,6.307000000000000000e+07,6.970000000000000000e+07
5.785858001054449379e+07,-1.728352130000000113e-09,1.539000000000000057e+01,6.307000000000000000e+07,6.970000000000000000e+07
5.790385273706880212e+07,-1.727000799999999978e-09,1.539499999999999957e+01,6.307000000000000000e+07,6.970000000000000000e+07
5.799101752773285657e+07,-1.724404990000000061e-09,1.540000000000000036e+01,6.307000000000000000e+07,6.970000000000000000e+07
5.801892063143360615e+07,-1.723575670000000106e-09,1.540500000000000114e+01,6.307000000000000000e+07,6.970000000000000000e+07
5.796934598375182599e+07,-1.725049650000000254e-09,1.541000000000000014e+01,6.307000000000000000e+07,6.970000000000000000e+07
5.798743350849191844e+07,-1.724511570000000039e-09,1.541500000000000092e+01,6.307000000000000000e+07,6.970000000000000000e+07
5.803068921662648767e+07,-1.723226130000000187e-09,1.541999999999999993e+01,6.307000000000000000e+07,6.970000000000000000e+07
5.801774383347821236e+07,-1.723610630000000125e-09,1.542500000000000071e+01,6.307000000000000000e+07,6.970000000000000000e+07
5.797665452892550081e+07,-1.724832190000000169e-09,1.542999999999999972e+01,6.307000000000000000e+07,6.970000000000000000e+07
5.802351854512014985e+07,-1.723439090000000078e-09,1.543500000000000050e+01,6.307000000000000000e+07,6.970000000000000000e+07
5.809017444665274769e+07,-1.721461520000000121e-09,1.543999999999999950e+01,6.307000000000000000e+07,6.970000000000000000e+07
5.810840600791874528e+07,-1.720921410000000169e-09,1.544500000000000028e+01,6.307000000000000000e+07,6.970000000000000000e+07
5.810314778741905838e+07,-1.721077150000000142e-09,1.545000000000000107e+01,6.307000000000000000e+07,6.970000000000000000e+07
5.812506072979000956e+07,-1.720428310000000147e-09,1.545500000000000007e+01,6.307000000000000000e+07,6.970000000000000000e+07
5.813027493370401859e+07,-1.720273990000000089e-09,1.546000000000000085e+01,6.307000000000000000e+07,6.970000000000000000e+07
5.811762589033296704e+07,-1.720648400000000160e-09,1.546499999999999986e+01,6.307000000000000000e+07,6.970000000000000000e+07
5.812943421860179305e+07,-1.720298870000000079e-09,1.547000000000000064e+01,6.307000000000000000e+07,6.970000000000000000e+07
5.806243202485927194e+07,-1.722284039999999977e-09,1.547499999999999964e+01,6.307000000000000000e+07,6.970000000000000000e+07
5.797726259311076254e+07,-1.724814100000000027e-09,1.548000000000000043e+01,6.307000000000000000e+07,6.970000000000000000e+07
5.792284920919758826e+07,-1.726434410000000003e-09,1.548499999999999943e+01,6.307000000000000000e+07,6.970000000000000000e+07
5.784740314359101653e+07,-1.728686070000000023e-09,1.549000000000000021e+01,6.307000000000000000e+07,6.970000000000000000e+07
5.778211320825320482e+07,-1.730639370000000018e-09,1.549500000000000099e+01,6.307000000000000000e+07,6.970000000000000000e+07
5.775930270751813799e+07,-1.731322840000000216e-09,1.550000000000000000e+01,6.307000000000000000e+07,6.970000000000000000e+07
5.774063504928838462e+07,-1.731882580000000140e-09,1.550500000000000078e+01,6.307000000000000000e+07,6.970000000000000000e+07
5.766287445427351445e+07,-1.734218090000000005e-09,1.550999999999999979e+01,6.307000000000000000e+07,6.970000000000000000e+07
5.760316734471835196e+07,-1.736015650000000028e-09,1.551500000000000057e+01,6.307000000000000000e+07,6.970000000000000000e+07
5.761205797328557074e+07,-1.735747750000000242e-09,1.551999999999999957e+01,6.307000000000000000e+07,6.970000000000000000e+07
5.761395725308243930e+07,-1.735690530000000117e-09,1.552500000000000036e+01,6.307000000000000000e+07,6.970000000000000000e+07
5.758161025786904991e+07,-1.736665570000000078e-09,1.553000000000000114e+01,6.307000000000000000e+07,6.970000000000000000e+07
5.763445500222488493e+07,-1.735073230000000209e-09,1.553500000000000014e+01,6.307000000000000000e+07,6.970000000000000000e+07
5.769102439984763414e+07,-1.733371889999999922e-09,1.554000000000000092e+01,6.307000000000000000e+07,6.970000000000000000e+07
5.767411417116887867e+07,-1.733880120000000135e-09,1.554499999999999993e+01,6.307000000000000000e+07,6.970000000000000000e+07
5.773698357090090960e+07,-1.731992110000000024e-09,1.555000000000000071e+01,6.307000000000000000e+07,6.970000000000000000e+07
5.784089862499285489e+07,-1.728880470000000160e-09,1.555499999999999972e+01,6.307000000000000000e+07,6.970000000000000000e+07
5.788478059891090542e+07,-1.727569820000000089e-09,1.556000000000000050e+01,6.307000000000000000e+07,6.970000000000000000e+07
5.791933701356661320e+07,-1.726539100000000246e-09,1.556499999999999950e+01,6.307000000000000000e+07,6.970000000000000000e+07
5.795376274946559221e+07,-1.725513500000000051e-09,1.557000000000000028e+01,6.307000000000000000e+07,6.970000000000000000e+07
5.792444223381602764e+07,-1.726386930000000253e-09,1.557500000000000107e+01,6.307000000000000000e+07,6.970000000000000000e+07
5.790960479787098616e+07,-1.726829259999999931e-09,1.558000000000000007e+01,6.307000000000000000e+07,6.970000000000000000e+07
5.797102927956688404e+07,-1.724999560000000252e-09,1.558500000000000085e+01,6.307000000000000000e+07,6.970000000000000000e+07
5.805801602847127616e+07,-1.722415040000000170e-09,1.558999999999999986e+01,6.307000000000000000e+07,6.970000000000000000e+07
5.814054727290164679e+07,-1.719970050000000023e-09,1.559500000000000064e+01,6.307000000000000000e+07,6.970000000000000000e+07
5.824924801968283951e+07,-1.716760360000000130e-09,1.559999999999999964e+01,6.307000000000000000e+07,6.970000000000000000e+07
5.832346845327625424e+07,-1.714575670000000241e-09,1.560500000000000043e+01,6.307000000000000000e+07,6.970000000000000000e+07
5.837545896172253042e+07,-1.713048630000000095e-09,1.560999999999999943e+01,6.307000000000000000e+07,6.970000000000000000e+07
5.846543447216613591e+07,-1.710412330000000133e-09,1.561500000000000021e+01,6.307000000000000000e+07,6.970000000000000000e+07
5.858714887608522922e+07,-1.706858959999999955e-09,1.562000000000000099e+01,6.307000000000000000e+07,6.970000000000000000e+07
5.860048802603629231e+07,-1.706470430000000056e-09,1.562500000000000000e+01,6.307000000000000000e+07,6.970000000000000000e+07
5.852495094819023460e+07,-1.708672940000000125e-09,1.563000000000000078e+01,6.307000000000000000e+07,6.970000000000000000e+07
5.844035422872678936e+07,-1.711146370000000198e-09,1.563499999999999979e+01,6.307000000000000000e+07,6.970000000000000000e+07
5.834067215233505517e+07,-1.714070070000000163e-09,1.564000000000000057e+01,6.307000000000000000e+07,6.970000000000000000e+07
5.826040693705732375e+07,-1.716431540000000281e-09,1.564499999999999957e+01,6.307000000000000000e+07,6.970000000000000000e+07
5.822434168400621414e+07,-1.717494730000000216e-09,1.565000000000000036e+01,6.307000000000000000e+07,6.970000000000000000e+07
5.819411351876840740e+07,-1.718386860000000176e-09,1.565500000000000114e+01,6.307000000000000000e+07,6.970000000000000000e+07
5.818268173975922912e+07,-1.718724490000000186e-09,1.566000000000000014e+01,6.307000000000000000e+07,6.970000000000000000e+07
5.822311992698681355e+07,-1.717530770000000083e-09,1.566500000000000092e+01,6.307000000000000000e+07,6.970000000000000000e+07
5.829970280968596786e+07,-1.715274610000000076e-09,1.566999999999999993e+01,6.307000000000000000e+07,6.970000000000000000e+07
5.828004264513904601e+07,-1.715853239999999983e-09,1.567500000000000071e+01,6.307000000000000000e+07,6.970000000000000000e+07
5.825391882413113117e+07,-1.716622710000000091e-09,1.567999999999999972e+01,6.307000000000000000e+07,6.970000000000000000e+07
5.830368212123534828e+07,-1.715157540000000105e-09,1.568500000000000050e+01,6.307000000000000000e+07,6.970000000000000000e+07
5.835555289091132581e+07,-1.713632980000000253e-09,1.568999999999999950e+01,6.307000000000000000e+07,6.970000000000000000e+07
5.832518836659090221e+07,-1.714525110000000212e-09,1.569500000000000028e+01,6.307000000000000000e+07,6.970000000000000000e+07
5.831463576588112861e+07,-1.714835370000000101e-09,1.570000000000000107e+01,6.307000000000000000e+07,6.970000000000000000e+07
5.831662994400442392e+07,-1.714776730000000268e-09,1.570500000000000007e+01,6.307000000000000000e+07,6.970000000000000000e+07
5.825297408374698460e+07,-1.716650550000000032e-09,1.571000000000000085e+01,6.307000000000000000e+07,6.970000000000000000e+07
5.815389314755986631e+07,-1.719575330000000260e-09,1.571499999999999986e+01,6.307000000000000000e+07,6.970000000000000000e+07
5.810200369175483286e+07,-1.721111040000000150e-09,1.572000000000000064e+01,6.307000000000000000e+07,6.970000000000000000e+07
5.799934540778785944e+07,-1.724157390000000129e-09,1.572499999999999964e+01,6.307000000000000000e+07,6.970000000000000000e+07
5.784228004365333915e+07,-1.728839180000000067e-09,1.573000000000000043e+01,6.307000000000000000e+07,6.970000000000000000e+07
5.770895428408596665e+07,-1.732833340000000095e-09,1.573499999999999943e+01,6.307000000000000000e+07,6.970000000000000000e+07
5.764502436107551306e+07,-1.734755100000000211e-09,1.574000000000000021e+01,6.307000000000000000e+07,6.970000000000000000e+07
5.761844406035862118e+07,-1.735555370000000004e-09,1.574500000000000099e+01,6.307000000000000000e+07,6.970000000000000000e+07
5.757317053406283259e+07,-1.736920150000000084e-09,1.575000000000000000e+01,6.307000000000000000e+07,6.970000000000000000e+07
5.753396812669946253e+07,-1.738103650000000156e-09,1.575500000000000078e+01,6.307000000000000000e+07,6.970000000000000000e+07
5.751543059919259697e+07,-1.738663850000000060e-09,1.575999999999999979e+01,6.307000000000000000e+07,6.970000000000000000e+07
5.754990565239692479e+07,-1.737622309999999995e-09,1.576500000000000057e+01,6.307000000000000000e+07,6.970000000000000000e+07
5.761443956130061299e+07,-1.735676000000000118e-09,1.576999999999999957e+01,6.307000000000000000e+07,6.970000000000000000e+07
5.758440647441291064e+07,-1.736581240000000162e-09,1.577500000000000036e+01,6.307000000000000000e+07,6.970000000000000000e+07
5.750936266801576316e+07,-1.738847300000000016e-09,1.578000000000000114e+01,6.307000000000000000e+07,6.970000000000000000e+07
5.748295851589394361e+07,-1.739646019999999936e-09,1.578500000000000014e+01,6.307000000000000000e+07,6.970000000000000000e+07
5.743555496682835370e+07,-1.741081810000000152e-09,1.579000000000000092e+01,6.307000000000000000e+07,6.970000000000000000e+07
5.734200987517716736e+07,-1.743922130000000091e-09,1.579499999999999993e+01,6.307000000000000000e+07,6.970000000000000000e+07
5.730045467624283582e+07,-1.745186850000000080e-09,1.580000000000000071e+01,6.307000000000000000e+07,6.970000000000000000e+07
5.723507986351242661e+07,-1.747180229999999948e-09,1.580499999999999972e+01,6.307000000000000000e+07,6.970000000000000000e+07
5.709927147439220548e+07,-1.751335830000000111e-09,1.581000000000000050e+01,6.307000000000000000e+07,6.970000000000000000e+07
5.699891241515199095e+07,-1.754419440000000014e-09,1.581499999999999950e+01,6.307000000000000000e+07,6.970000000000000000e+07
5.698759817652451247e+07,-1.754767760000000083e-09,1.582000000000000028e+01,6.307000000000000000e+07,6.970000000000000000e+07
5.693390742525018007e+07,-1.756422570000000095e-09,1.582500000000000107e+01,6.307000000000000000e+07,6.970000000000000000e+07
5.687869719708094001e+07,-1.758127470000000111e-09,1.583000000000000007e+01,6.307000000000000000e+07,6.970000000000000000e+07
5.687886704486335814e+07,-1.758122220000000092e-09,1.583500000000000085e+01,6.307000000000000000e+07,6.970000000000000000e+07
5.683243868750279397e+07,-1.759558490000000172e-09,1.583999999999999986e+01,6.307000000000000000e+07,6.970000000000000000e+07
5.675364196349757165e+07,-1.762001460000000212e-09,1.584500000000000064e+01,6.307000000000000000e+07,6.970000000000000000e+07
5.671238775888290256e+07,-1.763283190000000081e-09,1.584999999999999964e+01,6.307000000000000000e+07,6.970000000000000000e+07
5.664278903111711144e+07,-1.765449790000000035e-09,1.585500000000000043e+01,6.307000000000000000e+07,6.970000000000000000e+07
5.652230169936108589e+07,-1.769213160000000154e-09,1.585999999999999943e+01,6.307000000000000000e+07,6.970000000000000000e+07
5.641505649257078767e+07,-1.772576439999999955e-09,1.586500000000000021e+01,6.307000000000000000e+07,6.970000000000000000e+07
5.638104229851256311e+07,-1.773645820000000168e-09,1.587000000000000099e+01,6.307000000000000000e+07,6.970000000000000000e+07
5.637144643280190229e+07,-1.773947740000000128e-09,1.587500000000000000e+01,6.307000000000000000e+07,6.970000000000000000e+07
5.638962833235072345e+07,-1.773375760000000066e-09,1.588000000000000078e+01,6.307000000000000000e+07,6.970000000000000000e+07
5.640789005587788671e+07,-1.772801639999999984e-09,1.588499999999999979e+01,6.307000000000000000e+07,6.970000000000000000e+07
5.640095670235608518e+07,-1.773019570000000095e-09,1.589000000000000057e+01,6.307000000000000000e+07,6.970000000000000000e+07
5.631313268825250864e+07,-1.775784710000000140e-09,1.589499999999999957e+01,6.307000000000000000e+07,6.970000000000000000e+07
5.625303917591591924e+07,-1.777681730000000269e-09,1.590000000000000036e+01,6.307000000000000000e+07,6.970000000000000000e+07
5.625109661512850970e+07,-1.777743120000000152e-09,1.590500000000000114e+01,6.307000000000000000e+07,6.970000000000000000e+07
5.626238426504047960e+07,-1.777386460000000155e-09,1.591000000000000014e+01,6.307000000000000000e+07,6.970000000000000000e+07
5.627033131475899369e+07,-1.777135440000000084e-09,1.591500000000000092e+01,6.307000000000000000e+07,6.970000000000000000e+07
5.625809128481773287e+07,-1.777522090000000087e-09,1.591999999999999993e+01,6.307000000000000000e+07,6.970000000000000000e+07
5.624743082828763127e+07,-1.777858980000000110e-09,1.592500000000000071e+01,6.307000000000000000e+07,6.970000000000000000e+07
5.624798386132846773e+07,-1.777841500000000204e-09,1.592999999999999972e+01,6.307000000000000000e+07,6.970000000000000000e+07
5.629357875922580063e+07,-1.776401540000000023e-09,1.593500000000000050e+01,6.307000000000000000e+07,6.970000000000000000e+07
5.635996314915081114e+07,-1.774309180000000118e-09,1.593999999999999950e+01,6.307000000000000000e+07,6.970000000000000000e+07
5.645671322091003507e+07,-1.771268539999999933e-09,1.594500000000000028e+01,6.307000000000000000e+07,6.970000000000000000e+07
5.654545026033751667e+07,-1.768488880000000140e-09,1.595000000000000107e+01,6.307000000000000000e+07,6.970000000000000000e+07
5.659906945469909161e+07,-1.766813500000000105e-09,1.595500000000000007e+01,6.307000000000000000e+07,6.970000000000000000e+07
5.663993048603987694e+07,-1.765538890000000107e-09,1.596000000000000085e+01,6.307000000000000000e+07,6.970000000000000000e+07
5.671646695749396086e+07,-1.763156370000000104e-09,1.596499999999999986e+01,6.307000000000000000e+07,6.970000000000000000e+07
5.679487623433795571e+07,-1.760722210000000018e-09,1.597000000000000064e+01,6.307000000000000000e+07,6.970000000000000000e+07
5.685148871507329494e+07,-1.758968890000000201e-09,1.597499999999999964e+01,6.307000000000000000e+07,6.970000000000000000e+07
5.689339197304900736e+07,-1.757673370000000113e-09,1.598000000000000043e+01,6.307000000000000000e+07,6.970000000000000000e+07
5.693415831611943245e+07,-1.756414830000000151e-09,1.598499999999999943e+01,6.307000000000000000e+07,6.970000000000000000e+07
5.697585602520246804e+07,-1.755129400000000137e-09,1.599000000000000021e+01,6.307000000000000000e+07,6.970000000000000000e+07
5.696257417609446496e+07,-1.755538640000000062e-09,1.599500000000000099e+01,6.307000000000000000e+07,6.970000000000000000e+07
5.692438395947822183e+07,-1.756716420000000088e-09,1.600000000000000000e+01,6.307000000000000000e+07,6.970000000000000000e+07
5.684465204717715085e+07,-1.759180440000000015e-09,1.600500000000000256e+01,6.307000000000000000e+07,6.970000000000000000e+07
5.674615997884231061e+07,-1.762233780000000113e-09,1.600999999999999801e+01,6.307000000000000000e+07,6.970000000000000000e+07
5.667559471642674506e+07,-1.764427890000000192e-09,1.601500000000000057e+01,6.307000000000000000e+07,6.970000000000000000e+07
5.658761173591757566e+07,-1.767171239999999950e-09,1.601999999999999957e+01,6.307000000000000000e+07,6.970000000000000000e+07
5.647577784102939814e+07,-1.770670610000000078e-09,1.602499999999999858e+01,6.307000000000000000e+07,6.970000000000000000e+07
5.638433670416377485e+07,-1.773542190000000097e-09,1.603000000000000114e+01,6.307000000000000000e+07,6.970000000000000000e+07
5.632889146414566040e+07,-1.775287910000000180e-09,1.603500000000000014e+01,6.307000000000000000e+07,6.970000000000000000e+07
5.629874052905289084e+07,-1.776238669999999927e-09,1.603999999999999915e+01,6.307000000000000000e+07,6.970000000000000000e+07
5.625564803190262616e+07,-1.777599290000000087e-09,1.604500000000000171e+01,6.307000000000000000e+07,6.970000000000000000e+07
5.621413696164108068e+07,-1.778911950000000013e-09,1.605000000000000071e+01,6.307000000000000000e+07,6.970000000000000000e+07
5.614242070050099492e+07,-1.781184330000000104e-09,1.605499999999999972e+01,6.307000000000000000e+07,6.970000000000000000e+07
5.607593430679623038e+07,-1.783296190000000020e-09,1.606000000000000227e+01,6.307000000000000000e+07,6.970000000000000000e+07
5.608633953542619199e+07,-1.782965350000000065e-09,1.606499999999999773e+01,6.307000000000000000e+07,6.970000000000000000e+07
5.615312841319772601e+07,-1.780844679999999987e-09,1.607000000000000028e+01,6.307000000000000000e+07,6.970000000000000000e+07
5.615647886028943956e+07,-1.780738430000000032e-09,1.607500000000000284e+01,6.307000000000000000e+07,6.970000000000000000e+07
5.614552587926392257e+07,-1.781085820000000093e-09,1.607999999999999829e+01,6.307000000000000000e+07,6.970000000000000000e+07
5.615816669104024768e+07,-1.780684910000000052e-09,1.608500000000000085e+01,6.307000000000000000e+07,6.970000000000000000e+07
5.619181485075718164e+07,-1.779618619999999956e-09,1.608999999999999986e+01,6.307000000000000000e+07,6.970000000000000000e+07
5.623386530907318741e+07,-1.778287860000000257e-09,1.609499999999999886e+01,6.307000000000000000e+07,6.970000000000000000e+07
5.632899395042376965e+07,-1.775284680000000060e-09,1.610000000000000142e+01,6.307000000000000000e+07,6.970000000000000000e+07
5.645563304511471838e+07,-1.771302430000000148e-09,1.610500000000000043e+01,6.307000000000000000e+07,6.970000000000000000e+07
5.656722358059924841e+07,-1.767808170000000036e-09,1.610999999999999943e+01,6.307000000000000000e+07,6.970000000000000000e+07
5.669584732003350556e+07,-1.763797609999999951e-09,1.611500000000000199e+01,6.307000000000000000e+07,6.970000000000000000e+07
5.677539607325349748e+07,-1.761326330000000150e-09,1.612000000000000099e+01,6.307000000000000000e+07,6.970000000000000000e+07
5.678470078426259011e+07,-1.761037720000000132e-09,1.612500000000000000e+01,6.307000000000000000e+07,6.970000000000000000e+07
5.679570491796053201e+07,-1.760696520000000141e-09,1.613000000000000256e+01,6.307000000000000000e+07,6.970000000000000000e+07
5.686959645709692687e+07,-1.758408820000000255e-09,1.613499999999999801e+01,6.307000000000000000e+07,6.970000000000000000e+07
5.690135284445822984e+07,-1.757427460000000058e-09,1.614000000000000057e+01,6.307000000000000000e+07,6.970000000000000000e+07
5.684474123159634322e+07,-1.759177680000000128e-09,1.614499999999999957e+01,6.307000000000000000e+07,6.970000000000000000e+07
5.678651591459428519e+07,-1.760981430000000014e-09,1.614999999999999858e+01,6.307000000000000000e+07,6.970000000000000000e+07
5.669419162110646069e+07,-1.763849120000000075e-09,1.615500000000000114e+01,6.307000000000000000e+07,6.970000000000000000e+07
5.654772081668683887e+07,-1.768417870000000003e-09,1.616000000000000014e+01,6.307000000000000000e+07,6.970000000000000000e+07
5.646045989303001761e+07,-1.771150999999999936e-09,1.616499999999999915e+01,6.307000000000000000e+07,6.970000000000000000e+07
5.645024967522054911e+07,-1.771471349999999898e-09,1.617000000000000171e+01,6.307000000000000000e+07,6.970000000000000000e+07
5.645797990637911856e+07,-1.771228800000000128e-09,1.617500000000000071e+01,6.307000000000000000e+07,6.970000000000000000e+07
5.649850429249646515e+07,-1.769958360000000094e-09,1.617999999999999972e+01,6.307000000000000000e+07,6.970000000000000000e+07
5.656486314917612076e+07,-1.767881940000000267e-09,1.618500000000000227e+01,6.307000000000000000e+07,6.970000000000000000e+07
5.655729746564544737e+07,-1.768118429999999924e-09,1.618999999999999773e+01,6.307000000000000000e+07,6.970000000000000000e+07
5.651204962354724109e+07,-1.769534120000000144e-09,1.619500000000000028e+01,6.307000000000000000e+07,6.970000000000000000e+07
5.648908060705402493e+07,-1.770253630000000209e-09,1.620000000000000284e+01,6.307000000000000000e+07,6.970000000000000000e+07
5.647479548796428740e+07,-1.770701410000000177e-09,1.620499999999999829e+01,6.307000000000000000e+07,6.970000000000000000e+07
5.646376773100642860e+07,-1.771047240000000113e-09,1.621000000000000085e+01,6.307000000000000000e+07,6.970000000000000000e+07
5.646658907216218114e+07,-1.770958750000000070e-09,1.621499999999999986e+01,6.307000000000000000e+07,6.970000000000000000e+07
5.653065757902427763e+07,-1.768951650000000089e-09,1.621999999999999886e+01,6.307000000000000000e+07,6.970000000000000000e+07
5.660033837153887004e+07,-1.766773890000000258e-09,1.622500000000000142e+01,6.307000000000000000e+07,6.970000000000000000e+07
5.669535455386782438e+07,-1.763812940000000205e-09,1.623000000000000043e+01,6.307000000000000000e+07,6.970000000000000000e+07
5.680275535170283169e+07,-1.760477980000000209e-09,1.623499999999999943e+01,6.307000000000000000e+07,6.970000000000000000e+07
5.691506807986932248e+07,-1.757003960000000096e-09,1.624000000000000199e+01,6.307000000000000000e+07,6.970000000000000000e+07
5.705045398954195529e+07,-1.752834430000000125e-09,1.624500000000000099e+01,6.307000000000000000e+07,6.970000000000000000e+07
5.725654574007864296e+07,-1.746525200000000089e-09,1.625000000000000000e+01,6.307000000000000000e+07,6.970000000000000000e+07
5.745140665230526775e+07,-1.740601420000000087e-09,1.625500000000000256e+01,6.307000000000000000e+07,6.970000000000000000e+07
5.756855257483756542e+07,-1.737059480000000162e-09,1.625999999999999801e+01,6.307000000000000000e+07,6.970000000000000000e+07
5.770747632441139221e+07,-1.732877720000000097e-09,1.626500000000000057e+01,6.307000000000000000e+07,6.970000000000000000e+07
5.786953782597780228e+07,-1.728024860000000138e-09,1.626999999999999957e+01,6.307000000000000000e+07,6.970000000000000000e+07
5.799461140748322755e+07,-1.724298130000000077e-09,1.627499999999999858e+01,6.307000000000000000e+07,6.970000000000000000e+07
5.811918168145697564e+07,-1.720602339999999912e-09,1.628000000000000114e+01,6.307000000000000000e+07,6.970000000000000000e+07
5.827360245376620442e+07,-1.716042870000000171e-09,1.628500000000000014e+01,6.307000000000000000e+07,6.970000000000000000e+07
5.840487331664671004e+07,-1.712185890000000157e-09,1.628999999999999915e+01,6.307000000000000000e+07,6.970000000000000000e+07
5.850080935284732282e+07,-1.709378059999999987e-09,1.629500000000000171e+01,6.307000000000000000e+07,6.970000000000000000e+07
5.855864797919669002e+07,-1.707689700000000032e-09,1.630000000000000071e+01,6.307000000000000000e+07,6.970000000000000000e+07
5.861385420855297893e+07,-1.706081290000000128e-09,1.630499999999999972e+01,6.307000000000000000e+07,6.970000000000000000e+07
5.865873700653249770e+07,-1.704775880000000031e-09,1.631000000000000227e+01,6.307000000000000000e+07,6.970000000000000000e+07
5.874099520368613303e+07,-1.702388590000000079e-09,1.631499999999999773e+01,6.307000000000000000e+07,6.970000000000000000e+07
5.884712260785637051e+07,-1.699318430000000121e-09,1.632000000000000028e+01,6.307000000000000000e+07,6.970000000000000000e+07
5.888539059289044142e+07,-1.698214090000000095e-09,1.632500000000000284e+01,6.307000000000000000e+07,6.970000000000000000e+07
5.883666867817469686e+07,-1.699620360000000125e-09,1.632999999999999829e+01,6.307000000000000000e+07,6.970000000000000000e+07
5.881971789404517412e+07,-1.700110160000000129e-09,1.633500000000000085e+01,6.307000000000000000e+07,6.970000000000000000e+07
5.876113269322637469e+07,-1.701805180000000179e-09,1.633999999999999986e+01,6.307000000000000000e+07,6.970000000000000000e+07
5.865811456383787841e+07,-1.704793970000000173e-09,1.634499999999999886e+01,6.307000000000000000e+07,6.970000000000000000e+07
5.859176760705026984e+07,-1.706724410000000285e-09,1.635000000000000142e+01,6.307000000000000000e+07,6.970000000000000000e+07
5.847612686975807697e+07,-1.710099580000000113e-09,1.635500000000000043e+01,6.307000000000000000e+07,6.970000000000000000e+07
5.833274514481978863e+07,-1.714303000000000093e-09,1.635999999999999943e+01,6.307000000000000000e+07,6.970000000000000000e+07
5.821639372366497666e+07,-1.717729210000000019e-09,1.636500000000000199e+01,6.307000000000000000e+07,6.970000000000000000e+07
5.807961832862655818e+07,-1.721774400000000101e-09,1.637000000000000099e+01,6.307000000000000000e+07,6.970000000000000000e+07
5.796706365931916982e+07,-1.725117570000000274e-09,1.637500000000000000e+01,6.307000000000000000e+07,6.970000000000000000e+07
5.792018273307954520e+07,-1.726513890000000234e-09,1.638000000000000256e+01,6.307000000000000000e+07,6.970000000000000000e+07
5.795924893321800232e+07,-1.725350170000000181e-09,1.638499999999999801e+01,6.307000000000000000e+07,6.970000000000000000e+07
5.795745110525409877e+07,-1.725403690000000160e-09,1.639000000000000057e+01,6.307000000000000000e+07,6.970000000000000000e+07
5.797369607026634365e+07,-1.724920210000000186e-09,1.639499999999999957e+01,6.307000000000000000e+07,6.970000000000000000e+07
5.801498009442216903e+07,-1.723692740000000078e-09,1.639999999999999858e+01,6.307000000000000000e+07,6.970000000000000000e+07
5.799413852082087100e+07,-1.724312190000000051e-09,1.640500000000000114e+01,6.307000000000000000e+07,6.970000000000000000e+07
5.797899878907962143e+07,-1.724762450000000107e-09,1.641000000000000014e+01,6.307000000000000000e+07,6.970000000000000000e+07
5.802377879441627115e+07,-1.723431360000000178e-09,1.641499999999999915e+01,6.307000000000000000e+07,6.970000000000000000e+07
5.808438207444176823e+07,-1.721633190000000127e-09,1.642000000000000171e+01,6.307000000000000000e+07,6.970000000000000000e+07
5.812342489514520019e+07,-1.720476729999999948e-09,1.642500000000000071e+01,6.307000000000000000e+07,6.970000000000000000e+07
5.814774690069746971e+07,-1.719757090000000132e-09,1.642999999999999972e+01,6.307000000000000000e+07,6.970000000000000000e+07
5.812734402511036396e+07,-1.720360729999999987e-09,1.643500000000000227e+01,6.307000000000000000e+07,6.970000000000000000e+07
5.802367476175261289e+07,-1.723434450000000088e-09,1.643999999999999773e+01,6.307000000000000000e+07,6.970000000000000000e+07
5.787946394425129145e+07,-1.727728509999999968e-09,1.644500000000000028e+01,6.307000000000000000e+07,6.970000000000000000e+07
5.778291919920293242e+07,-1.730615230000000016e-09,1.645000000000000284e+01,6.307000000000000000e+07,6.970000000000000000e+07
5.771312681491190940e+07,-1.732708060000000153e-09,1.645499999999999829e+01,6.307000000000000000e+07,6.970000000000000000e+07
5.763249159427228570e+07,-1.735132340000000068e-09,1.646000000000000085e+01,6.307000000000000000e+07,6.970000000000000000e+07
5.759444000784874707e+07,-1.736278709999999966e-09,1.646499999999999986e+01,6.307000000000000000e+07,6.970000000000000000e+07
5.760781740847408026e+07,-1.735875520000000109e-09,1.646999999999999886e+01,6.307000000000000000e+07,6.970000000000000000e+07
5.763111586011997610e+07,-1.735173759999999912e-09,1.647500000000000142e+01,6.307000000000000000e+07,6.970000000000000000e+07
5.761046217054225504e+07,-1.735795830000000183e-09,1.648000000000000043e+01,6.307000000000000000e+07,6.970000000000000000e+07
5.756916768546822667e+07,-1.737040920000000201e-09,1.648499999999999943e+01,6.307000000000000000e+07,6.970000000000000000e+07
5.752249178322841972e+07,-1.738450420000000143e-09,1.649000000000000199e+01,6.307000000000000000e+07,6.970000000000000000e+07
5.748985837218166888e+07,-1.739437230000000216e-09,1.649500000000000099e+01,6.307000000000000000e+07,6.970000000000000000e+07
5.749241001013458520e+07,-1.739360030000000215e-09,1.650000000000000000e+01,6.307000000000000000e+07,6.970000000000000000e+07
5.751759942200333625e+07,-1.738598290000000213e-09,1.650500000000000256e+01,6.307000000000000000e+07,6.970000000000000000e+07
5.751868951902606338e+07,-1.738565340000000256e-09,1.650999999999999801e+01,6.307000000000000000e+07,6.970000000000000000e+07
5.759367475854340941e+07,-1.736301780000000165e-09,1.651500000000000057e+01,6.307000000000000000e+07,6.970000000000000000e+07
5.769631115057487786e+07,-1.733213060000000039e-09,1.651999999999999957e+01,6.307000000000000000e+07,6.970000000000000000e+07
5.776699185882274806e+07,-1.731092389999999961e-09,1.652499999999999858e+01,6.307000000000000000e+07,6.970000000000000000e+07
5.784658631791253388e+07,-1.728710479999999987e-09,1.653000000000000114e+01,6.307000000000000000e+07,6.970000000000000000e+07
5.794642371013752371e+07,-1.725732040000000191e-09,1.653500000000000014e+01,6.307000000000000000e+07,6.970000000000000000e+07
5.802471611523690075e+07,-1.723403520000000030e-09,1.653999999999999915e+01,6.307000000000000000e+07,6.970000000000000000e+07
5.807445367967636883e+07,-1.721927519999999983e-09,1.654500000000000171e+01,6.307000000000000000e+07,6.970000000000000000e+07
5.813349035266588628e+07,-1.720178840000000157e-09,1.655000000000000071e+01,6.307000000000000000e+07,6.970000000000000000e+07
5.817300668476490676e+07,-1.719010340000000110e-09,1.655499999999999972e+01,6.307000000000000000e+07,6.970000000000000000e+07
5.809614078200763464e+07,-1.721284730000000055e-09,1.656000000000000227e+01,6.307000000000000000e+07,6.970000000000000000e+07
5.804438562458582968e+07,-1.722819510000000146e-09,1.656499999999999773e+01,6.307000000000000000e+07,6.970000000000000000e+07
5.796566048192197829e+07,-1.725159330000000186e-09,1.657000000000000028e+01,6.307000000000000000e+07,6.970000000000000000e+07
5.786479351694890112e+07,-1.728166539999999930e-09,1.657500000000000284e+01,6.307000000000000000e+07,6.970000000000000000e+07
5.781618509523262829e+07,-1.729619480000000030e-09,1.657999999999999829e+01,6.307000000000000000e+07,6.970000000000000000e+07
5.783362392994349450e+07,-1.729097940000000083e-09,1.658500000000000085e+01,6.307000000000000000e+07,6.970000000000000000e+07
5.778445278094323725e+07,-1.730569300000000140e-09,1.658999999999999986e+01,6.307000000000000000e+07,6.970000000000000000e+07
5.769469503221731633e+07,-1.733261610000000213e-09,1.659499999999999886e+01,6.307000000000000000e+07,6.970000000000000000e+07
5.762940973543877155e+07,-1.735225130000000033e-09,1.660000000000000142e+01,6.307000000000000000e+07,6.970000000000000000e+07
5.761094408834256232e+07,-1.735781310000000021e-09,1.660500000000000043e+01,6.307000000000000000e+07,6.970000000000000000e+07
5.760380974086067826e+07,-1.735996290000000226e-09,1.660999999999999943e+01,6.307000000000000000e+07,6.970000000000000000e+07
5.759829243641456962e+07,-1.736162580000000047e-09,1.661500000000000199e+01,6.307000000000000000e+07,6.970000000000000000e+07
5.761236599198035151e+07,-1.735738470000000055e-09,1.662000000000000099e+01,6.307000000000000000e+07,6.970000000000000000e+07
5.758449335279735178e+07,-1.736578620000000071e-09,1.662500000000000000e+01,6.307000000000000000e+07,6.970000000000000000e+07
5.753736752826649696e+07,-1.738000960000000136e-09,1.663000000000000256e+01,6.307000000000000000e+07,6.970000000000000000e+07
5.755634919110134244e+07,-1.737427780000000105e-09,1.663499999999999801e+01,6.307000000000000000e+07,6.970000000000000000e+07
5.755970651088462025e+07,-1.737326440000000103e-09,1.664000000000000057e+01,6.307000000000000000e+07,6.970000000000000000e+07
5.758423702915780246e+07,-1.736586350000000178e-09,1.664499999999999957e+01,6.307000000000000000e+07,6.970000000000000000e+07
5.763796429188628495e+07,-1.734967590000000076e-09,1.664999999999999858e+01,6.307000000000000000e+07,6.970000000000000000e+07
5.766268426449525356e+07,-1.734223810000000050e-09,1.665500000000000114e+01,6.307000000000000000e+07,6.970000000000000000e+07
5.757883685705642402e+07,-1.736749220000000273e-09,1.666000000000000014e+01,6.307000000000000000e+07,6.970000000000000000e+07
5.746458691676511616e+07,-1.740202190000000086e-09,1.666499999999999915e+01,6.307000000000000000e+07,6.970000000000000000e+07
5.739142959089712799e+07,-1.742420440000000168e-09,1.667000000000000171e+01,6.307000000000000000e+07,6.970000000000000000e+07
5.736569796635330468e+07,-1.743202010000000205e-09,1.667500000000000071e+01,6.307000000000000000e+07,6.970000000000000000e+07
5.739744597436699271e+07,-1.742237800000000098e-09,1.667999999999999972e+01,6.307000000000000000e+07,6.970000000000000000e+07
5.741128409373411536e+07,-1.741817860000000071e-09,1.668500000000000227e+01,6.307000000000000000e+07,6.970000000000000000e+07
5.742083831162431836e+07,-1.741528040000000040e-09,1.668999999999999773e+01,6.307000000000000000e+07,6.970000000000000000e+07
5.746118059109569341e+07,-1.740305350000000132e-09,1.669500000000000028e+01,6.307000000000000000e+07,6.970000000000000000e+07
5.756435419929689914e+07,-1.737186170000000180e-09,1.670000000000000284e+01,6.307000000000000000e+07,6.970000000000000000e+07
5.760181723134630173e+07,-1.736056340000000136e-09,1.670499999999999829e+01,6.307000000000000000e+07,6.970000000000000000e+07
5.757178636116436124e+07,-1.736961910000000202e-09,1.671000000000000085e+01,6.307000000000000000e+07,6.970000000000000000e+07
5.751103523181803524e+07,-1.738796730000000150e-09,1.671499999999999986e+01,6.307000000000000000e+07,6.970000000000000000e+07
5.743942839956980199e+07,-1.740964400000000114e-09,1.671999999999999886e+01,6.307000000000000000e+07,6.970000000000000000e+07
5.737261183204323798e+07,-1.742991940000000159e-09,1.672500000000000142e+01,6.307000000000000000e+07,6.970000000000000000e+07
5.736649238209982216e+07,-1.743177870000000202e-09,1.673000000000000043e+01,6.307000000000000000e+07,6.970000000000000000e+07
5.742497587691612542e+07,-1.741402560000000241e-09,1.673499999999999943e+01,6.307000000000000000e+07,6.970000000000000000e+07
5.748944523967358470e+07,-1.739449730000000065e-09,1.674000000000000199e+01,6.307000000000000000e+07,6.970000000000000000e+07
5.756703507093729079e+07,-1.737105270000000241e-09,1.674500000000000099e+01,6.307000000000000000e+07,6.970000000000000000e+07
5.769363386924161017e+07,-1.733293490000000159e-09,1.675000000000000000e+01,6.307000000000000000e+07,6.970000000000000000e+07
5.779917002125824243e+07,-1.730128650000000087e-09,1.675500000000000256e+01,6.307000000000000000e+07,6.970000000000000000e+07
5.786852212746746093e+07,-1.728055190000000211e-09,1.675999999999999801e+01,6.307000000000000000e+07,6.970000000000000000e+07
5.795686394644155353e+07,-1.725421170000000066e-09,1.676500000000000057e+01,6.307000000000000000e+07,6.970000000000000000e+07
5.804988931714678556e+07,-1.722656170000000232e-09,1.676999999999999957e+01,6.307000000000000000e+07,6.970000000000000000e+07
5.809728903466944396e+07,-1.721250710000000088e-09,1.677499999999999858e+01,6.307000000000000000e+07,6.970000000000000000e+07
5.809789524397557229e+07,-1.721232750000000112e-09,1.678000000000000114e+01,6.307000000000000000e+07,6.970000000000000000e+07
5.813039083805515617e+07,-1.720270559999999905e-09,1.678500000000000014e+01,6.307000000000000000e+07,6.970000000000000000e+07
5.807819384344080836e+07,-1.721816630000000038e-09,1.678999999999999915e+01,6.307000000000000000e+07,6.970000000000000000e+07
5.803790477615334094e+07,-1.723011890000000177e-09,1.679500000000000171e+01,6.307000000000000000e+07,6.970000000000000000e+07
5.805139598920351267e+07,-1.722611460000000000e-09,1.680000000000000071e+01,6.307000000000000000e+07,6.970000000000000000e+07
5.799205804564270377e+07,-1.724374050000000166e-09,1.680499999999999972e+01,6.307000000000000000e+07,6.970000000000000000e+07
5.787428760224419087e+07,-1.727883040000000135e-09,1.681000000000000227e+01,6.307000000000000000e+07,6.970000000000000000e+07
5.776722978971006721e+07,-1.731085260000000046e-09,1.681499999999999773e+01,6.307000000000000000e+07,6.970000000000000000e+07
5.769054546803035587e+07,-1.733386280000000125e-09,1.682000000000000028e+01,6.307000000000000000e+07,6.970000000000000000e+07
5.756302180951223522e+07,-1.737226380000000218e-09,1.682500000000000284e+01,6.307000000000000000e+07,6.970000000000000000e+07
5.748656735812333971e+07,-1.739536810000000030e-09,1.682999999999999829e+01,6.307000000000000000e+07,6.970000000000000000e+07
5.741872755207668245e+07,-1.741592060000000264e-09,1.683500000000000085e+01,6.307000000000000000e+07,6.970000000000000000e+07
5.732315812882652134e+07,-1.744495649999999982e-09,1.683999999999999986e+01,6.307000000000000000e+07,6.970000000000000000e+07
5.721881037263967842e+07,-1.747677020000000071e-09,1.684499999999999886e+01,6.307000000000000000e+07,6.970000000000000000e+07
5.711280373281517625e+07,-1.750920870000000141e-09,1.685000000000000142e+01,6.307000000000000000e+07,6.970000000000000000e+07
5.701328679255113751e+07,-1.753977109999999923e-09,1.685500000000000043e+01,6.307000000000000000e+07,6.970000000000000000e+07
5.694265814534972608e+07,-1.756152649999999997e-09,1.685999999999999943e+01,6.307000000000000000e+07,6.970000000000000000e+07
5.694110796440628916e+07,-1.756200460000000183e-09,1.686500000000000199e+01,6.307000000000000000e+07,6.970000000000000000e+07
5.694712596596632898e+07,-1.756014870000000207e-09,1.687000000000000099e+01,6.307000000000000000e+07,6.970000000000000000e+07
5.696140447319845855e+07,-1.755574690000000180e-09,1.687500000000000000e+01,6.307000000000000000e+07,6.970000000000000000e+07
5.697734252102097869e+07,-1.755083610000000057e-09,1.688000000000000256e+01,6.307000000000000000e+07,6.970000000000000000e+07
5.698020048574709147e+07,-1.754995580000000203e-09,1.688499999999999801e+01,6.307000000000000000e+07,6.970000000000000000e+07
5.695073303139383346e+07,-1.755903650000000239e-09,1.689000000000000057e+01,6.307000000000000000e+07,6.970000000000000000e+07
5.689016856875531375e+07,-1.757772960000000179e-09,1.689499999999999957e+01,6.307000000000000000e+07,6.970000000000000000e+07
5.684492154008127004e+07,-1.759172100000000086e-09,1.689999999999999858e+01,6.307000000000000000e+07,6.970000000000000000e+07
5.680898941358233243e+07,-1.760284790000000085e-09,1.690500000000000114e+01,6.307000000000000000e+07,6.970000000000000000e+07
5.673253213419973850e+07,-1.762657090000000056e-09,1.691000000000000014e+01,6.307000000000000000e+07,6.970000000000000000e+07
5.673321834379884601e+07,-1.762635770000000001e-09,1.691499999999999915e+01,6.307000000000000000e+07,6.970000000000000000e+07
5.678211194944284111e+07,-1.761118010000000042e-09,1.692000000000000171e+01,6.307000000000000000e+07,6.970000000000000000e+07
5.680643321494872123e+07,-1.760364000000000147e-09,1.692500000000000071e+01,6.307000000000000000e+07,6.970000000000000000e+07
5.684754001963070035e+07,-1.759091070000000188e-09,1.692999999999999972e+01,6.307000000000000000e+07,6.970000000000000000e+07
5.692475433794948459e+07,-1.756704990000000043e-09,1.693500000000000227e+01,6.307000000000000000e+07,6.970000000000000000e+07
5.693182161584214866e+07,-1.756486920000000136e-09,1.693999999999999773e+01,6.307000000000000000e+07,6.970000000000000000e+07
5.690013158610630035e+07,-1.757465180000000171e-09,1.694500000000000028e+01,6.307000000000000000e+07,6.970000000000000000e+07
5.693526109522911161e+07,-1.756380810000000184e-09,1.695000000000000284e+01,6.307000000000000000e+07,6.970000000000000000e+07
5.693447436396619678e+07,-1.756405080000000145e-09,1.695499999999999829e+01,6.307000000000000000e+07,6.970000000000000000e+07
5.686081418283382058e+07,-1.758680410000000141e-09,1.696000000000000085e+01,6.307000000000000000e+07,6.970000000000000000e+07
5.677962974003446102e+07,-1.761195000000000141e-09,1.696499999999999986e+01,6.307000000000000000e+07,6.970000000000000000e+07
5.667661875975337625e+07,-1.764396010000000038e-09,1.696999999999999886e+01,6.307000000000000000e+07,6.970000000000000000e+07
5.657390117742225528e+07,-1.767599510000000068e-09,1.697500000000000142e+01,6.307000000000000000e+07,6.970000000000000000e+07
5.651185193967126310e+07,-1.769540310000000215e-09,1.698000000000000043e+01,6.307000000000000000e+07,6.970000000000000000e+07
5.649906227376362681e+07,-1.769940880000000188e-09,1.698499999999999943e+01,6.307000000000000000e+07,6.970000000000000000e+07
5.646246635528670251e+07,-1.771088060000000180e-09,1.699000000000000199e+01,6.307000000000000000e+07,6.970000000000000000e+07
5.638241462934215367e+07,-1.773602649999999973e-09,1.699500000000000099e+01,6.307000000000000000e+07,6.970000000000000000e+07
5.633901719649343193e+07,-1.774968840000000130e-09,1.700000000000000000e+01,6.307000000000000000e+07,6.970000000000000000e+07
5.627875126635632664e+07,-1.776869559999999991e-09,1.700499999999999901e+01,6.307000000000000000e+07,6.970000000000000000e+07
5.625132222248591483e+07,-1.777735990000000236e-09,1.701000000000000156e+01,6.307000000000000000e+07,6.970000000000000000e+07
5.626241845198479295e+07,-1.777385380000000100e-09,1.701500000000000057e+01,6.307000000000000000e+07,6.970000000000000000e+07
5.626236938740175962e+07,-1.777386930000000180e-09,1.701999999999999957e+01,6.307000000000000000e+07,6.970000000000000000e+07
5.618869381554140896e+07,-1.779717470000000033e-09,1.702499999999999858e+01,6.307000000000000000e+07,6.970000000000000000e+07
5.612192839143873006e+07,-1.781834710000000135e-09,1.703000000000000114e+01,6.307000000000000000e+07,6.970000000000000000e+07
5.610865189071876556e+07,-1.782256330000000201e-09,1.703500000000000014e+01,6.307000000000000000e+07,6.970000000000000000e+07
5.604219672543875128e+07,-1.784369740000000198e-09,1.703999999999999915e+01,6.307000000000000000e+07,6.970000000000000000e+07
5.599526208408833295e+07,-1.785865380000000054e-09,1.704500000000000171e+01,6.307000000000000000e+07,6.970000000000000000e+07
5.601640469540035725e+07,-1.785191330000000046e-09,1.705000000000000071e+01,6.307000000000000000e+07,6.970000000000000000e+07
5.607024897954810411e+07,-1.783477010000000047e-09,1.705499999999999972e+01,6.307000000000000000e+07,6.970000000000000000e+07
5.613307098906432092e+07,-1.781481010000000089e-09,1.705999999999999872e+01,6.307000000000000000e+07,6.970000000000000000e+07
5.623693601917040348e+07,-1.778190760000000116e-09,1.706500000000000128e+01,6.307000000000000000e+07,6.970000000000000000e+07
5.629468696880508959e+07,-1.776366570000000166e-09,1.707000000000000028e+01,6.307000000000000000e+07,6.970000000000000000e+07
5.632822356735021621e+07,-1.775308960000000065e-09,1.707499999999999929e+01,6.307000000000000000e+07,6.970000000000000000e+07
5.640595619371298701e+07,-1.772862420000000251e-09,1.708000000000000185e+01,6.307000000000000000e+07,6.970000000000000000e+07
5.651274104895118624e+07,-1.769512470000000067e-09,1.708500000000000085e+01,6.307000000000000000e+07,6.970000000000000000e+07
5.659354051175875217e+07,-1.766986109999999955e-09,1.708999999999999986e+01,6.307000000000000000e+07,6.970000000000000000e+07
5.667640932253707945e+07,-1.764402529999999925e-09,1.709499999999999886e+01,6.307000000000000000e+07,6.970000000000000000e+07
5.680470167516951263e+07,-1.760417660000000129e-09,1.710000000000000142e+01,6.307000000000000000e+07,6.970000000000000000e+07
5.686349911918724328e+07,-1.758597369999999975e-09,1.710500000000000043e+01,6.307000000000000000e+07,6.970000000000000000e+07
5.683869897377558798e+07,-1.759364690000000019e-09,1.710999999999999943e+01,6.307000000000000000e+07,6.970000000000000000e+07
5.682905295769874752e+07,-1.759663320000000212e-09,1.711500000000000199e+01,6.307000000000000000e+07,6.970000000000000000e+07
5.680212198640814424e+07,-1.760497610000000179e-09,1.712000000000000099e+01,6.307000000000000000e+07,6.970000000000000000e+07
5.672835536833786219e+07,-1.762786870000000191e-09,1.712500000000000000e+01,6.307000000000000000e+07,6.970000000000000000e+07
5.666076854507804662e+07,-1.764889580000000086e-09,1.712999999999999901e+01,6.307000000000000000e+07,6.970000000000000000e+07
5.661785978794244677e+07,-1.766227130000000254e-09,1.713500000000000156e+01,6.307000000000000000e+07,6.970000000000000000e+07
5.656209212545099109e+07,-1.767968549999999999e-09,1.714000000000000057e+01,6.307000000000000000e+07,6.970000000000000000e+07
5.650465674087785184e+07,-1.769765639999999996e-09,1.714499999999999957e+01,6.307000000000000000e+07,6.970000000000000000e+07
5.654409587924497575e+07,-1.768531240000000036e-09,1.714999999999999858e+01,6.307000000000000000e+07,6.970000000000000000e+07
5.659652762758080661e+07,-1.766892850000000170e-09,1.715500000000000114e+01,6.307000000000000000e+07,6.970000000000000000e+07
5.657971279515408725e+07,-1.767417950000000053e-09,1.716000000000000014e+01,6.307000000000000000e+07,6.970000000000000000e+07
5.660970435932878405e+07,-1.766481580000000095e-09,1.716499999999999915e+01,6.307000000000000000e+07,6.970000000000000000e+07
5.666631063223695755e+07,-1.764716970000000236e-09,1.717000000000000171e+01,6.307000000000000000e+07,6.970000000000000000e+07
5.663203810085728765e+07,-1.765784940000000165e-09,1.717500000000000071e+01,6.307000000000000000e+07,6.970000000000000000e+07
5.657159395444267243e+07,-1.767671600000000052e-09,1.717999999999999972e+01,6.307000000000000000e+07,6.970000000000000000e+07
5.655614434774952382e+07,-1.768154480000000042e-09,1.718499999999999872e+01,6.307000000000000000e+07,6.970000000000000000e+07
5.655030750982768089e+07,-1.768336980000000109e-09,1.719000000000000128e+01,6.307000000000000000e+07,6.970000000000000000e+07
5.653389598278728127e+07,-1.768850320000000130e-09,1.719500000000000028e+01,6.307000000000000000e+07,6.970000000000000000e+07
5.661843968367414176e+07,-1.766209039999999905e-09,1.719999999999999929e+01,6.307000000000000000e+07,6.970000000000000000e+07
5.669161103221245110e+07,-1.763929410000000192e-09,1.720500000000000185e+01,6.307000000000000000e+07,6.970000000000000000e+07
5.667605694470144808e+07,-1.764413500000000196e-09,1.721000000000000085e+01,6.307000000000000000e+07,6.970000000000000000e+07
5.670506102082651109e+07,-1.763511020000000039e-09,1.721499999999999986e+01,6.307000000000000000e+07,6.970000000000000000e+07
5.677109374411442876e+07,-1.761459810000000224e-09,1.721999999999999886e+01,6.307000000000000000e+07,6.970000000000000000e+07
5.682378283513990790e+07,-1.759826520000000123e-09,1.722500000000000142e+01,6.307000000000000000e+07,6.970000000000000000e+07
5.688770085120099783e+07,-1.757849210000000083e-09,1.723000000000000043e+01,6.307000000000000000e+07,6.970000000000000000e+07
5.693623327485336363e+07,-1.756350820000000178e-09,1.723499999999999943e+01,6.307000000000000000e+07,6.970000000000000000e+07
5.693534181178004295e+07,-1.756378320000000259e-09,1.724000000000000199e+01,6.307000000000000000e+07,6.970000000000000000e+07
5.693275445778628439e+07,-1.756458139999999936e-09,1.724500000000000099e+01,6.307000000000000000e+07,6.970000000000000000e+07
5.701445862724713981e+07,-1.753941060000000218e-09,1.725000000000000000e+01,6.307000000000000000e+07,6.970000000000000000e+07
5.709502521453341842e+07,-1.751466080000000065e-09,1.725499999999999901e+01,6.307000000000000000e+07,6.970000000000000000e+07
5.716339546087426692e+07,-1.749371240000000280e-09,1.726000000000000156e+01,6.307000000000000000e+07,6.970000000000000000e+07
5.725955276578870416e+07,-1.746433480000000134e-09,1.726500000000000057e+01,6.307000000000000000e+07,6.970000000000000000e+07
5.736286339122995734e+07,-1.743288150000000118e-09,1.726999999999999957e+01,6.307000000000000000e+07,6.970000000000000000e+07
5.744431176084967703e+07,-1.740816400000000085e-09,1.727499999999999858e+01,6.307000000000000000e+07,6.970000000000000000e+07
5.753414191049252450e+07,-1.738098400000000136e-09,1.728000000000000114e+01,6.307000000000000000e+07,6.970000000000000000e+07
5.759154032796066999e+07,-1.736366129999999999e-09,1.728500000000000014e+01,6.307000000000000000e+07,6.970000000000000000e+07
5.760424509184613824e+07,-1.735983170000000097e-09,1.728999999999999915e+01,6.307000000000000000e+07,6.970000000000000000e+07
5.759025808722861856e+07,-1.736404789999999956e-09,1.729500000000000171e+01,6.307000000000000000e+07,6.970000000000000000e+07
5.754347647014159709e+07,-1.737816450000000008e-09,1.730000000000000071e+01,6.307000000000000000e+07,6.970000000000000000e+07
5.745854555551369488e+07,-1.740385160000000178e-09,1.730499999999999972e+01,6.307000000000000000e+07,6.970000000000000000e+07
5.738002551047077775e+07,-1.742766740000000130e-09,1.730999999999999872e+01,6.307000000000000000e+07,6.970000000000000000e+07
5.738460866178777069e+07,-1.742627550000000056e-09,1.731500000000000128e+01,6.307000000000000000e+07,6.970000000000000000e+07
5.743451024226174504e+07,-1.741113480000000197e-09,1.732000000000000028e+01,6.307000000000000000e+07,6.970000000000000000e+07
5.744373033334906399e+07,-1.740834020000000201e-09,1.732499999999999929e+01,6.307000000000000000e+07,6.970000000000000000e+07
5.742984127948218584e+07,-1.741255030000000238e-09,1.733000000000000185e+01,6.307000000000000000e+07,6.970000000000000000e+07
5.743849438634352386e+07,-1.740992710000000081e-09,1.733500000000000085e+01,6.307000000000000000e+07,6.970000000000000000e+07
5.745022800932667404e+07,-1.740637130000000138e-09,1.733999999999999986e+01,6.307000000000000000e+07,6.970000000000000000e+07
5.747107378845071793e+07,-1.740005770000000049e-09,1.734499999999999886e+01,6.307000000000000000e+07,6.970000000000000000e+07
5.751309721319769323e+07,-1.738734390000000171e-09,1.735000000000000142e+01,6.307000000000000000e+07,6.970000000000000000e+07
5.751935451504269987e+07,-1.738545240000000260e-09,1.735500000000000043e+01,6.307000000000000000e+07,6.970000000000000000e+07
5.749225234407411516e+07,-1.739364799999999957e-09,1.735999999999999943e+01,6.307000000000000000e+07,6.970000000000000000e+07
5.749565078461813927e+07,-1.739261990000000024e-09,1.736500000000000199e+01,6.307000000000000000e+07,6.970000000000000000e+07
5.744510835543351620e+07,-1.740792260000000289e-09,1.737000000000000099e+01,6.307000000000000000e+07,6.970000000000000000e+07
5.733390978375134617e+07,-1.744168509999999965e-09,1.737500000000000000e+01,6.307000000000000000e+07,6.970000000000000000e+07
5.723450266379391402e+07,-1.747197850000000064e-09,1.737999999999999901e+01,6.307000000000000000e+07,6.970000000000000000e+07
5.718902110107314587e+07,-1.748587370000000131e-09,1.738500000000000156e+01,6.307000000000000000e+07,6.970000000000000000e+07
5.712174984026616812e+07,-1.750646650000000119e-09,1.739000000000000057e+01,6.307000000000000000e+07,6.970000000000000000e+07
5.706827054377844185e+07,-1.752287200000000095e-09,1.739499999999999957e+01,6.307000000000000000e+07,6.970000000000000000e+07
5.708958049388789386e+07,-1.751633120000000125e-09,1.739999999999999858e+01,6.307000000000000000e+07,6.970000000000000000e+07
5.709229816105593741e+07,-1.751549740000000098e-09,1.740500000000000114e+01,6.307000000000000000e+07,6.970000000000000000e+07
5.711383906986731291e+07,-1.750889130000000198e-09,1.741000000000000014e+01,6.307000000000000000e+07,6.970000000000000000e+07
5.720572918123625219e+07,-1.748076660000000037e-09,1.741499999999999915e+01,6.307000000000000000e+07,6.970000000000000000e+07
5.731968279608531296e+07,-1.744601420000000074e-09,1.742000000000000171e+01,6.307000000000000000e+07,6.970000000000000000e+07
5.740782212576687336e+07,-1.741922900000000220e-09,1.742500000000000071e+01,6.307000000000000000e+07,6.970000000000000000e+07
5.745905596954485774e+07,-1.740369700000000172e-09,1.742999999999999972e+01,6.307000000000000000e+07,6.970000000000000000e+07
5.751725668683403730e+07,-1.738608650000000042e-09,1.743499999999999872e+01,6.307000000000000000e+07,6.970000000000000000e+07
5.750889137780981511e+07,-1.738861550000000009e-09,1.744000000000000128e+01,6.307000000000000000e+07,6.970000000000000000e+07
5.750813534523551166e+07,-1.738884410000000099e-09,1.744500000000000028e+01,6.307000000000000000e+07,6.970000000000000000e+07
5.755477204197983444e+07,-1.737475390000000021e-09,1.744999999999999929e+01,6.307000000000000000e+07,6.970000000000000000e+07
5.757923602464708686e+07,-1.736737180000000199e-09,1.745500000000000185e+01,6.307000000000000000e+07,6.970000000000000000e+07
5.758653374381705374e+07,-1.736517090000000185e-09,1.746000000000000085e+01,6.307000000000000000e+07,6.970000000000000000e+07
5.757861605742771178e+07,-1.736755880000000163e-09,1.746499999999999986e+01,6.307000000000000000e+07,6.970000000000000000e+07
5.759511571302228421e+07,-1.736258340000000215e-09,1.746999999999999886e+01,6.307000000000000000e+07,6.970000000000000000e+07
5.761255120308286697e+07,-1.735732890000000013e-09,1.747500000000000142e+01,6.307000000000000000e+07,6.970000000000000000e+07
5.767746262261060625e+07,-1.733779460000000059e-09,1.748000000000000043e+01,6.307000000000000000e+07,6.970000000000000000e+07
5.772352546293228120e+07,-1.732395920000000162e-09,1.748499999999999943e+01,6.307000000000000000e+07,6.970000000000000000e+07
5.767405163673191518e+07,-1.733882000000000031e-09,1.749000000000000199e+01,6.307000000000000000e+07,6.970000000000000000e+07
5.760434298035953194e+07,-1.735980220000000190e-09,1.749500000000000099e+01,6.307000000000000000e+07,6.970000000000000000e+07
5.754295991951581836e+07,-1.737832050000000018e-09,1.750000000000000000e+01,6.307000000000000000e+07,6.970000000000000000e+07
5.750667195283330232e+07,-1.738928660000000143e-09,1.750499999999999901e+01,6.307000000000000000e+07,6.970000000000000000e+07
5.742217533816450834e+07,-1.741487489999999935e-09,1.751000000000000156e+01,6.307000000000000000e+07,6.970000000000000000e+07
5.732634008546279371e+07,-1.744398820000000217e-09,1.751500000000000057e+01,6.307000000000000000e+07,6.970000000000000000e+07
5.725955276578870416e+07,-1.746433480000000134e-09,1.751999999999999957e+01,6.307000000000000000e+07,6.970000000000000000e+07
5.720318787416891009e+07,-1.748154320000000226e-09,1.752499999999999858e+01,6.307000000000000000e+07,6.970000000000000000e+07
5.714122257737015933e+07,-1.750050060000000030e-09,1.753000000000000114e+01,6.307000000000000000e+07,6.970000000000000000e+07
5.713151735282713920e+07,-1.750347350000000044e-09,1.753500000000000014e+01,6.307000000000000000e+07,6.970000000000000000e+07
5.712483931568166614e+07,-1.750551970000000213e-09,1.753999999999999915e+01,6.307000000000000000e+07,6.970000000000000000e+07
5.715435529275678098e+07,-1.749647940000000182e-09,1.754500000000000171e+01,6.307000000000000000e+07,6.970000000000000000e+07
5.723668573237839341e+07,-1.747131210000000162e-09,1.755000000000000071e+01,6.307000000000000000e+07,6.970000000000000000e+07
5.730583789298215508e+07,-1.745022910000000181e-09,1.755499999999999972e+01,6.307000000000000000e+07,6.970000000000000000e+07
5.736257349981267750e+07,-1.743296960000000073e-09,1.755999999999999872e+01,6.307000000000000000e+07,6.970000000000000000e+07
5.746025049267567694e+07,-1.740333520000000095e-09,1.756500000000000128e+01,6.307000000000000000e+07,6.970000000000000000e+07
5.751851582856926322e+07,-1.738570590000000069e-09,1.757000000000000028e+01,6.307000000000000000e+07,6.970000000000000000e+07
5.753624097061474621e+07,-1.738034990000000148e-09,1.757499999999999929e+01,6.307000000000000000e+07,6.970000000000000000e+07
5.760415350831788778e+07,-1.735985930000000191e-09,1.758000000000000185e+01,6.307000000000000000e+07,6.970000000000000000e+07
5.770183160154364258e+07,-1.733047240000000244e-09,1.758500000000000085e+01,6.307000000000000000e+07,6.970000000000000000e+07
5.777099756809519976e+07,-1.730972360000000039e-09,1.758999999999999986e+01,6.307000000000000000e+07,6.970000000000000000e+07
5.784999097019490600e+07,-1.728608740000000270e-09,1.759499999999999886e+01,6.307000000000000000e+07,6.970000000000000000e+07
5.795665602520641685e+07,-1.725427360000000137e-09,1.760000000000000142e+01,6.307000000000000000e+07,6.970000000000000000e+07
5.804186864124485105e+07,-1.722894220000000014e-09,1.760500000000000043e+01,6.307000000000000000e+07,6.970000000000000000e+07
5.812607396640564501e+07,-1.720398319999999934e-09,1.760999999999999943e+01,6.307000000000000000e+07,6.970000000000000000e+07
5.824933691576075554e+07,-1.716757740000000039e-09,1.761500000000000199e+01,6.307000000000000000e+07,6.970000000000000000e+07
5.836250578321365267e+07,-1.713428830000000109e-09,1.762000000000000099e+01,6.307000000000000000e+07,6.970000000000000000e+07
5.843171827460227907e+07,-1.711399270000000165e-09,1.762500000000000000e+01,6.307000000000000000e+07,6.970000000000000000e+07
5.852159310430236906e+07,-1.708770980000000110e-09,1.762999999999999901e+01,6.307000000000000000e+07,6.970000000000000000e+07
5.862023100239950418e+07,-1.705895699999999945e-09,1.763500000000000156e+01,6.307000000000000000e+07,6.970000000000000000e+07
5.867503738832057267e+07,-1.704302280000000228e-09,1.764000000000000057e+01,6.307000000000000000e+07,6.970000000000000000e+07
5.866925480999592692e+07,-1.704470259999999926e-09,1.764499999999999957e+01,6.307000000000000000e+07,6.970000000000000000e+07
5.863328750223326683e+07,-1.705515830000000160e-09,1.764999999999999858e+01,6.307000000000000000e+07,6.970000000000000000e+07
5.853790266854922473e+07,-1.708294889999999968e-09,1.765500000000000114e+01,6.307000000000000000e+07,6.970000000000000000e+07
5.838482548959573358e+07,-1.712773810000000088e-09,1.766000000000000014e+01,6.307000000000000000e+07,6.970000000000000000e+07
5.830464448442756385e+07,-1.715129230000000138e-09,1.766499999999999915e+01,6.307000000000000000e+07,6.970000000000000000e+07
5.825242876802719384e+07,-1.716666620000000068e-09,1.767000000000000171e+01,6.307000000000000000e+07,6.970000000000000000e+07
5.816909729826821387e+07,-1.719125870000000253e-09,1.767500000000000071e+01,6.307000000000000000e+07,6.970000000000000000e+07
5.809828105080641061e+07,-1.721221320000000067e-09,1.767999999999999972e+01,6.307000000000000000e+07,6.970000000000000000e+07
5.800448728514085710e+07,-1.724004550000000253e-09,1.768499999999999872e+01,6.307000000000000000e+07,6.970000000000000000e+07
5.788070716795834154e+07,-1.727691400000000298e-09,1.769000000000000128e+01,6.307000000000000000e+07,6.970000000000000000e+07
5.776415319085774571e+07,-1.731177460000000072e-09,1.769500000000000028e+01,6.307000000000000000e+07,6.970000000000000000e+07
5.768479657713184506e+07,-1.733559029999999979e-09,1.769999999999999929e+01,6.307000000000000000e+07,6.970000000000000000e+07
5.755558097849517316e+07,-1.737450970000000219e-09,1.770500000000000185e+01,6.307000000000000000e+07,6.970000000000000000e+07
5.738090658825649321e+07,-1.742739980000000243e-09,1.771000000000000085e+01,6.307000000000000000e+07,6.970000000000000000e+07
5.726248928103463352e+07,-1.746343920000000081e-09,1.771499999999999986e+01,6.307000000000000000e+07,6.970000000000000000e+07
5.718613789946497232e+07,-1.748675530000000151e-09,1.771999999999999886e+01,6.307000000000000000e+07,6.970000000000000000e+07
5.709225220171274990e+07,-1.751551150000000176e-09,1.772500000000000142e+01,6.307000000000000000e+07,6.970000000000000000e+07
5.703440052681534737e+07,-1.753327800000000315e-09,1.773000000000000043e+01,6.307000000000000000e+07,6.970000000000000000e+07
5.698687981948015839e+07,-1.754789879999999979e-09,1.773499999999999943e+01,6.307000000000000000e+07,6.970000000000000000e+07
5.694891225271166116e+07,-1.755959790000000102e-09,1.774000000000000199e+01,6.307000000000000000e+07,6.970000000000000000e+07
5.692006776926036179e+07,-1.756849630000000200e-09,1.774500000000000099e+01,6.307000000000000000e+07,6.970000000000000000e+07
5.685905313937937468e+07,-1.758734880000000010e-09,1.775000000000000000e+01,6.307000000000000000e+07,6.970000000000000000e+07
5.677175703643207997e+07,-1.761439229999999950e-09,1.775499999999999901e+01,6.307000000000000000e+07,6.970000000000000000e+07
5.670200842369573563e+07,-1.763605960000000070e-09,1.776000000000000156e+01,6.307000000000000000e+07,6.970000000000000000e+07
5.664701802534737438e+07,-1.765317990000000207e-09,1.776500000000000057e+01,6.307000000000000000e+07,6.970000000000000000e+07
5.662430566497809440e+07,-1.766026070000000020e-09,1.776999999999999957e+01,6.307000000000000000e+07,6.970000000000000000e+07
5.660993701850135624e+07,-1.766474320000000014e-09,1.777499999999999858e+01,6.307000000000000000e+07,6.970000000000000000e+07
5.664949956455229223e+07,-1.765240660000000041e-09,1.778000000000000114e+01,6.307000000000000000e+07,6.970000000000000000e+07
5.672016389631678164e+07,-1.763041450000000197e-09,1.778500000000000014e+01,6.307000000000000000e+07,6.970000000000000000e+07
5.677288834334684908e+07,-1.761404130000000135e-09,1.778999999999999915e+01,6.307000000000000000e+07,6.970000000000000000e+07
5.684011338215720654e+07,-1.759320910000000208e-09,1.779500000000000171e+01,6.307000000000000000e+07,6.970000000000000000e+07
5.694037100147846341e+07,-1.756223190000000108e-09,1.780000000000000071e+01,6.307000000000000000e+07,6.970000000000000000e+07
5.700814429180900007e+07,-1.754135330000000190e-09,1.780499999999999972e+01,6.307000000000000000e+07,6.970000000000000000e+07
5.701903818359148502e+07,-1.753800190000000105e-09,1.780999999999999872e+01,6.307000000000000000e+07,6.970000000000000000e+07
5.707850846323022991e+07,-1.751972899999999994e-09,1.781500000000000128e+01,6.307000000000000000e+07,6.970000000000000000e+07
5.714997998979175836e+07,-1.749781890000000075e-09,1.782000000000000028e+01,6.307000000000000000e+07,6.970000000000000000e+07
5.720495459205136448e+07,-1.748100330000000014e-09,1.782499999999999929e+01,6.307000000000000000e+07,6.970000000000000000e+07
5.723566821300461888e+07,-1.747162270000000179e-09,1.783000000000000185e+01,6.307000000000000000e+07,6.970000000000000000e+07
5.719023941961698234e+07,-1.748550120000000044e-09,1.783500000000000085e+01,6.307000000000000000e+07,6.970000000000000000e+07
5.706126996087388694e+07,-1.752502180000000092e-09,1.783999999999999986e+01,6.307000000000000000e+07,6.970000000000000000e+07
5.697036877119102329e+07,-1.755298450000000052e-09,1.784499999999999886e+01,6.307000000000000000e+07,6.970000000000000000e+07
5.693569709699000418e+07,-1.756367360000000239e-09,1.785000000000000142e+01,6.307000000000000000e+07,6.970000000000000000e+07
5.695414884604573250e+07,-1.755798339999999922e-09,1.785500000000000043e+01,6.307000000000000000e+07,6.970000000000000000e+07
5.699903717226408422e+07,-1.754415600000000073e-09,1.785999999999999943e+01,6.307000000000000000e+07,6.970000000000000000e+07
5.710272013032942265e+07,-1.751230060000000019e-09,1.786500000000000199e+01,6.307000000000000000e+07,6.970000000000000000e+07
5.719954417912041396e+07,-1.748265680000000197e-09,1.787000000000000099e+01,6.307000000000000000e+07,6.970000000000000000e+07
5.725522723334348202e+07,-1.746565420000000172e-09,1.787500000000000000e+01,6.307000000000000000e+07,6.970000000000000000e+07
5.735328207425807416e+07,-1.743579380000000020e-09,1.787999999999999901e+01,6.307000000000000000e+07,6.970000000000000000e+07
5.747658689795796573e+07,-1.739838870000000200e-09,1.788500000000000156e+01,6.307000000000000000e+07,6.970000000000000000e+07
5.757175056447229534e+07,-1.736962990000000257e-09,1.789000000000000057e+01,6.307000000000000000e+07,6.970000000000000000e+07
5.767950062472666800e+07,-1.733718200000000135e-09,1.789499999999999957e+01,6.307000000000000000e+07,6.970000000000000000e+07
5.780769652365207672e+07,-1.729873460000000259e-09,1.789999999999999858e+01,6.307000000000000000e+07,6.970000000000000000e+07
5.786104931695696712e+07,-1.728278370000000134e-09,1.790500000000000114e+01,6.307000000000000000e+07,6.970000000000000000e+07
5.790865543126408756e+07,-1.726857570000000105e-09,1.791000000000000014e+01,6.307000000000000000e+07,6.970000000000000000e+07
5.801003994843997806e+07,-1.723839530000000093e-09,1.791499999999999915e+01,6.307000000000000000e+07,6.970000000000000000e+07
5.812292287926848233e+07,-1.720491589999999970e-09,1.792000000000000171e+01,6.307000000000000000e+07,6.970000000000000000e+07
5.820205539627398551e+07,-1.718152380000000166e-09,1.792500000000000071e+01,6.307000000000000000e+07,6.970000000000000000e+07
5.821703868576943874e+07,-1.717710180000000240e-09,1.792999999999999972e+01,6.307000000000000000e+07,6.970000000000000000e+07
5.820675522572244704e+07,-1.718013650000000073e-09,1.793499999999999872e+01,6.307000000000000000e+07,6.970000000000000000e+07
5.820335384603832662e+07,-1.718114050000000231e-09,1.794000000000000128e+01,6.307000000000000000e+07,6.970000000000000000e+07
5.824958324753169715e+07,-1.716750480000000165e-09,1.794500000000000028e+01,6.307000000000000000e+07,6.970000000000000000e+07
5.835574733821783960e+07,-1.713627270000000046e-09,1.794999999999999929e+01,6.307000000000000000e+07,6.970000000000000000e+07
5.845648048308809102e+07,-1.710674320000000268e-09,1.795500000000000185e+01,6.307000000000000000e+07,6.970000000000000000e+07
5.854859382524865866e+07,-1.707982950000000247e-09,1.796000000000000085e+01,6.307000000000000000e+07,6.970000000000000000e+07
5.866006726831482351e+07,-1.704737220000000074e-09,1.796499999999999986e+01,6.307000000000000000e+07,6.970000000000000000e+07
5.872701674154557288e+07,-1.702793800000000043e-09,1.796999999999999886e+01,6.307000000000000000e+07,6.970000000000000000e+07
5.866895638305132836e+07,-1.704478930000000084e-09,1.797500000000000142e+01,6.307000000000000000e+07,6.970000000000000000e+07
5.855679185794510692e+07,-1.707743830000000247e-09,1.798000000000000043e+01,6.307000000000000000e+07,6.970000000000000000e+07
5.841883192269963771e+07,-1.711776780000000191e-09,1.798499999999999943e+01,6.307000000000000000e+07,6.970000000000000000e+07
5.830622186334871501e+07,-1.715082830000000236e-09,1.799000000000000199e+01,6.307000000000000000e+07,6.970000000000000000e+07
5.825947793879900873e+07,-1.716458910000000196e-09,1.799500000000000099e+01,6.307000000000000000e+07,6.970000000000000000e+07
5.828144036448653042e+07,-1.715812090000000100e-09,1.800000000000000000e+01,6.307000000000000000e+07,6.970000000000000000e+07
5.829836131234928221e+07,-1.715314080000000126e-09,1.800499999999999901e+01,6.307000000000000000e+07,6.970000000000000000e+07
5.831319972924014926e+07,-1.714877600000000038e-09,1.801000000000000156e+01,6.307000000000000000e+07,6.970000000000000000e+07
5.838433053779622912e+07,-1.712788330000000043e-09,1.801500000000000057e+01,6.307000000000000000e+07,6.970000000000000000e+07
5.845353708958179504e+07,-1.710760459999999975e-09,1.801999999999999957e+01,6.307000000000000000e+07,6.970000000000000000e+07
5.849867628317826241e+07,-1.709440390000000127e-09,1.802499999999999858e+01,6.307000000000000000e+07,6.970000000000000000e+07
5.857669720224983245e+07,-1.707163510000000050e-09,1.803000000000000114e+01,6.307000000000000000e+07,6.970000000000000000e+07
5.865088741959813982e+07,-1.705004040000000012e-09,1.803500000000000014e+01,6.307000000000000000e+07,6.970000000000000000e+07
5.860583184405658394e+07,-1.706314830000000086e-09,1.803999999999999915e+01,6.307000000000000000e+07,6.970000000000000000e+07
5.857468519840841740e+07,-1.707222150000000090e-09,1.804500000000000171e+01,6.307000000000000000e+07,6.970000000000000000e+07
5.860124764048668742e+07,-1.706448310000000160e-09,1.805000000000000071e+01,6.307000000000000000e+07,6.970000000000000000e+07
5.861408301933426410e+07,-1.706074630000000238e-09,1.805499999999999972e+01,6.307000000000000000e+07,6.970000000000000000e+07
5.862657240717621893e+07,-1.705711180000000186e-09,1.805999999999999872e+01,6.307000000000000000e+07,6.970000000000000000e+07
5.865299479434728622e+07,-1.704942780000000295e-09,1.806500000000000128e+01,6.307000000000000000e+07,6.970000000000000000e+07
5.857699469135441631e+07,-1.707154840000000099e-09,1.807000000000000028e+01,6.307000000000000000e+07,6.970000000000000000e+07
5.843516210594738275e+07,-1.711298410000000025e-09,1.807499999999999929e+01,6.307000000000000000e+07,6.970000000000000000e+07
5.836836534524929523e+07,-1.713256820000000037e-09,1.808000000000000185e+01,6.307000000000000000e+07,6.970000000000000000e+07
5.831090180970099568e+07,-1.714945179999999991e-09,1.808500000000000085e+01,6.307000000000000000e+07,6.970000000000000000e+07
5.815511673578353971e+07,-1.719539149999999976e-09,1.808999999999999986e+01,6.307000000000000000e+07,6.970000000000000000e+07
5.800920708212597668e+07,-1.723864280000000124e-09,1.809499999999999886e+01,6.307000000000000000e+07,6.970000000000000000e+07
5.793635511787600070e+07,-1.726031950000000295e-09,1.810000000000000142e+01,6.307000000000000000e+07,6.970000000000000000e+07
5.789286147903246433e+07,-1.727328680000000189e-09,1.810500000000000043e+01,6.307000000000000000e+07,6.970000000000000000e+07
5.787623134358958900e+07,-1.727825010000000124e-09,1.810999999999999943e+01,6.307000000000000000e+07,6.970000000000000000e+07
5.792130860824809223e+07,-1.726480330000000041e-09,1.811500000000000199e+01,6.307000000000000000e+07,6.970000000000000000e+07
5.793737756275054067e+07,-1.726001490000000057e-09,1.812000000000000099e+01,6.307000000000000000e+07,6.970000000000000000e+07
5.790502961350071430e+07,-1.726965700000000163e-09,1.812500000000000000e+01,6.307000000000000000e+07,6.970000000000000000e+07
5.793742959226290882e+07,-1.725999939999999976e-09,1.812999999999999901e+01,6.307000000000000000e+07,6.970000000000000000e+07
5.798718938893812895e+07,-1.724518830000000120e-09,1.813500000000000156e+01,6.307000000000000000e+07,6.970000000000000000e+07
5.792602595087121427e+07,-1.726339730000000096e-09,1.814000000000000057e+01,6.307000000000000000e+07,6.970000000000000000e+07
5.781654711312873662e+07,-1.729608650000000176e-09,1.814499999999999957e+01,6.307000000000000000e+07,6.970000000000000000e+07
5.773697890391831100e+07,-1.731992250000000027e-09,1.815000000000000213e+01,6.307000000000000000e+07,6.970000000000000000e+07
5.762786876357039809e+07,-1.735271529999999935e-09,1.815500000000000114e+01,6.307000000000000000e+07,6.970000000000000000e+07
5.754337415264648199e+07,-1.737819540000000124e-09,1.816000000000000014e+01,6.307000000000000000e+07,6.970000000000000000e+07
5.751703205856724828e+07,-1.738615440000000097e-09,1.816499999999999915e+01,6.307000000000000000e+07,6.970000000000000000e+07
5.751452950736636668e+07,-1.738691090000000224e-09,1.817000000000000171e+01,6.307000000000000000e+07,6.970000000000000000e+07
5.751152673336765170e+07,-1.738781870000000128e-09,1.817500000000000071e+01,6.307000000000000000e+07,6.970000000000000000e+07
5.756666059549474716e+07,-1.737116570000000121e-09,1.817999999999999972e+01,6.307000000000000000e+07,6.970000000000000000e+07
5.765024684826821834e+07,-1.734597949999999953e-09,1.818499999999999872e+01,6.307000000000000000e+07,6.970000000000000000e+07
5.770873281842947006e+07,-1.732839990000000146e-09,1.819000000000000128e+01,6.307000000000000000e+07,6.970000000000000000e+07
5.774837525668069720e+07,-1.731650450000000259e-09,1.819500000000000028e+01,6.307000000000000000e+07,6.970000000000000000e+07
5.778706636809322238e+07,-1.730491030000000129e-09,1.819999999999999929e+01,6.307000000000000000e+07,6.970000000000000000e+07
5.780309699860829115e+07,-1.730011110000000090e-09,1.820500000000000185e+01,6.307000000000000000e+07,6.970000000000000000e+07
5.775062004819474369e+07,-1.731583140000000061e-09,1.821000000000000085e+01,6.307000000000000000e+07,6.970000000000000000e+07
5.771984016706707329e+07,-1.732506530000000100e-09,1.821499999999999986e+01,6.307000000000000000e+07,6.970000000000000000e+07
5.769802123886086792e+07,-1.733161690000000125e-09,1.821999999999999886e+01,6.307000000000000000e+07,6.970000000000000000e+07
5.768736987532086670e+07,-1.733481700000000019e-09,1.822500000000000142e+01,6.307000000000000000e+07,6.970000000000000000e+07
5.773763795600263029e+07,-1.731972480000000053e-09,1.823000000000000043e+01,6.307000000000000000e+07,6.970000000000000000e+07
5.781754962217213959e+07,-1.729578660000000170e-09,1.823499999999999943e+01,6.307000000000000000e+07,6.970000000000000000e+07
5.784298867781339586e+07,-1.728818000000000016e-09,1.824000000000000199e+01,6.307000000000000000e+07,6.970000000000000000e+07
5.789478401111876220e+07,-1.727271320000000061e-09,1.824500000000000099e+01,6.307000000000000000e+07,6.970000000000000000e+07
5.799138644658486545e+07,-1.724394020000000204e-09,1.825000000000000000e+01,6.307000000000000000e+07,6.970000000000000000e+07
5.806633821326323599e+07,-1.722168180000000019e-09,1.825499999999999901e+01,6.307000000000000000e+07,6.970000000000000000e+07
5.812223912462142855e+07,-1.720511829999999970e-09,1.826000000000000156e+01,6.307000000000000000e+07,6.970000000000000000e+07
5.813436295336097479e+07,-1.720153020000000115e-09,1.826500000000000057e+01,6.307000000000000000e+07,6.970000000000000000e+07
5.807085495623394102e+07,-1.722034230000000126e-09,1.826999999999999957e+01,6.307000000000000000e+07,6.970000000000000000e+07
5.798781818589946628e+07,-1.724500130000000156e-09,1.827500000000000213e+01,6.307000000000000000e+07,6.970000000000000000e+07
5.798972651685437560e+07,-1.724443380000000263e-09,1.828000000000000114e+01,6.307000000000000000e+07,6.970000000000000000e+07
5.804000909092270583e+07,-1.722949420000000033e-09,1.828500000000000014e+01,6.307000000000000000e+07,6.970000000000000000e+07
5.807854295896748453e+07,-1.721806280000000047e-09,1.828999999999999915e+01,6.307000000000000000e+07,6.970000000000000000e+07
5.814755383707567304e+07,-1.719762800000000132e-09,1.829500000000000171e+01,6.307000000000000000e+07,6.970000000000000000e+07
5.824053819848386198e+07,-1.717017100000000246e-09,1.830000000000000071e+01,6.307000000000000000e+07,6.970000000000000000e+07
5.832269969571356475e+07,-1.714598270000000000e-09,1.830499999999999972e+01,6.307000000000000000e+07,6.970000000000000000e+07
5.843423674552715570e+07,-1.711325510000000185e-09,1.830999999999999872e+01,6.307000000000000000e+07,6.970000000000000000e+07
5.858748800450476259e+07,-1.706849080000000197e-09,1.831500000000000128e+01,6.307000000000000000e+07,6.970000000000000000e+07
5.871133171150324494e+07,-1.703248710000000133e-09,1.832000000000000028e+01,6.307000000000000000e+07,6.970000000000000000e+07
5.878375839555515349e+07,-1.701150160000000158e-09,1.832499999999999929e+01,6.307000000000000000e+07,6.970000000000000000e+07
5.888853854788672924e+07,-1.698123309999999985e-09,1.833000000000000185e+01,6.307000000000000000e+07,6.970000000000000000e+07
5.900499406468764693e+07,-1.694771800000000089e-09,1.833500000000000085e+01,6.307000000000000000e+07,6.970000000000000000e+07
5.903840489565345645e+07,-1.693812700000000205e-09,1.833999999999999986e+01,6.307000000000000000e+07,6.970000000000000000e+07
5.904053986197325587e+07,-1.693751450000000119e-09,1.834499999999999886e+01,6.307000000000000000e+07,6.970000000000000000e+07
5.909122971454958618e+07,-1.692298510000000226e-09,1.835000000000000142e+01,6.307000000000000000e+07,6.970000000000000000e+07
5.913814958563229442e+07,-1.690955850000000043e-09,1.835500000000000043e+01,6.307000000000000000e+07,6.970000000000000000e+07
5.920025370860729367e+07,-1.689181950000000159e-09,1.835999999999999943e+01,6.307000000000000000e+07,6.970000000000000000e+07
5.931168410995617509e+07,-1.686008440000000136e-09,1.836500000000000199e+01,6.307000000000000000e+07,6.970000000000000000e+07
5.939872676572025567e+07,-1.683537770000000157e-09,1.837000000000000099e+01,6.307000000000000000e+07,6.970000000000000000e+07
5.945837699560150504e+07,-1.681848800000000174e-09,1.837500000000000000e+01,6.307000000000000000e+07,6.970000000000000000e+07
5.950398194696791470e+07,-1.680559799999999973e-09,1.837999999999999901e+01,6.307000000000000000e+07,6.970000000000000000e+07
5.953088413155765086e+07,-1.679800350000000246e-09,1.838500000000000156e+01,6.307000000000000000e+07,6.970000000000000000e+07
5.954517631791160256e+07,-1.679397159999999975e-09,1.839000000000000057e+01,6.307000000000000000e+07,6.970000000000000000e+07
5.958826167734627426e+07,-1.678182870000000263e-09,1.839499999999999957e+01,6.307000000000000000e+07,6.970000000000000000e+07
5.965037946260818094e+07,-1.676435270000000077e-09,1.840000000000000213e+01,6.307000000000000000e+07,6.970000000000000000e+07
5.967895669438879192e+07,-1.675632510000000152e-09,1.840500000000000114e+01,6.307000000000000000e+07,6.970000000000000000e+07
5.970834277745166421e+07,-1.674807830000000187e-09,1.841000000000000014e+01,6.307000000000000000e+07,6.970000000000000000e+07
5.976955596664924175e+07,-1.673092569999999929e-09,1.841499999999999915e+01,6.307000000000000000e+07,6.970000000000000000e+07
5.981539175642214715e+07,-1.671810500000000200e-09,1.842000000000000171e+01,6.307000000000000000e+07,6.970000000000000000e+07
5.983109454651360214e+07,-1.671371730000000044e-09,1.842500000000000071e+01,6.307000000000000000e+07,6.970000000000000000e+07
5.987671396569804847e+07,-1.670098330000000266e-09,1.842999999999999972e+01,6.307000000000000000e+07,6.970000000000000000e+07
5.991281882029873878e+07,-1.669091890000000223e-09,1.843499999999999872e+01,6.307000000000000000e+07,6.970000000000000000e+07
5.990263198567047715e+07,-1.669375730000000085e-09,1.844000000000000128e+01,6.307000000000000000e+07,6.970000000000000000e+07
5.989611773070692271e+07,-1.669557290000000100e-09,1.844500000000000028e+01,6.307000000000000000e+07,6.970000000000000000e+07
5.992781179689881951e+07,-1.668674310000000162e-09,1.844999999999999929e+01,6.307000000000000000e+07,6.970000000000000000e+07
5.993719528941354901e+07,-1.668413070000000059e-09,1.845500000000000185e+01,6.307000000000000000e+07,6.970000000000000000e+07
5.994805369261816144e+07,-1.668110870000000093e-09,1.846000000000000085e+01,6.307000000000000000e+07,6.970000000000000000e+07
6.000095605523378402e+07,-1.666640110000000020e-09,1.846499999999999986e+01,6.307000000000000000e+07,6.970000000000000000e+07
6.004792100316489488e+07,-1.665336590000000071e-09,1.846999999999999886e+01,6.307000000000000000e+07,6.970000000000000000e+07
6.007033298895812780e+07,-1.664715259999999995e-09,1.847500000000000142e+01,6.307000000000000000e+07,6.970000000000000000e+07
6.012772270729761571e+07,-1.663126350000000103e-09,1.848000000000000043e+01,6.307000000000000000e+07,6.970000000000000000e+07
6.016491974613387883e+07,-1.662098120000000185e-09,1.848499999999999943e+01,6.307000000000000000e+07,6.970000000000000000e+07
6.009287835092161596e+07,-1.664090700000000212e-09,1.849000000000000199e+01,6.307000000000000000e+07,6.970000000000000000e+07
5.998328145979152620e+07,-1.667131200000000187e-09,1.849500000000000099e+01,6.307000000000000000e+07,6.970000000000000000e+07
5.986448369070863724e+07,-1.670439530000000050e-09,1.850000000000000000e+01,6.307000000000000000e+07,6.970000000000000000e+07
5.975164789219100773e+07,-1.673594010000000087e-09,1.850499999999999901e+01,6.307000000000000000e+07,6.970000000000000000e+07
5.966826034424325824e+07,-1.675932890000000075e-09,1.851000000000000156e+01,6.307000000000000000e+07,6.970000000000000000e+07
5.966038742083401978e+07,-1.676154050000000099e-09,1.851500000000000057e+01,6.307000000000000000e+07,6.970000000000000000e+07
5.965666562836228311e+07,-1.676258620000000222e-09,1.851999999999999957e+01,6.307000000000000000e+07,6.970000000000000000e+07
5.964205451203861833e+07,-1.676669270000000224e-09,1.852500000000000213e+01,6.307000000000000000e+07,6.970000000000000000e+07
5.966868900759841502e+07,-1.675920850000000208e-09,1.853000000000000114e+01,6.307000000000000000e+07,6.970000000000000000e+07
5.973983374093622714e+07,-1.673924980000000208e-09,1.853500000000000014e+01,6.307000000000000000e+07,6.970000000000000000e+07
5.979165478307528049e+07,-1.672474200000000011e-09,1.853999999999999915e+01,6.307000000000000000e+07,6.970000000000000000e+07
5.985680683556593955e+07,-1.670653770000000060e-09,1.854500000000000171e+01,6.307000000000000000e+07,6.970000000000000000e+07
5.994314105344004184e+07,-1.668247580000000080e-09,1.855000000000000071e+01,6.307000000000000000e+07,6.970000000000000000e+07
6.000333330517176539e+07,-1.666574080000000148e-09,1.855499999999999972e+01,6.307000000000000000e+07,6.970000000000000000e+07
6.005417475093446672e+07,-1.665163170000000128e-09,1.855999999999999872e+01,6.307000000000000000e+07,6.970000000000000000e+07
6.012518484360732883e+07,-1.663196550000000146e-09,1.856500000000000128e+01,6.307000000000000000e+07,6.970000000000000000e+07
6.016482961281146109e+07,-1.662100610000000111e-09,1.857000000000000028e+01,6.307000000000000000e+07,6.970000000000000000e+07
6.018505411551177502e+07,-1.661542080000000201e-09,1.857499999999999929e+01,6.307000000000000000e+07,6.970000000000000000e+07
6.023913200519058853e+07,-1.660050480000000144e-09,1.858000000000000185e+01,6.307000000000000000e+07,6.970000000000000000e+07
6.028583067698389292e+07,-1.658764570000000059e-09,1.858500000000000085e+01,6.307000000000000000e+07,6.970000000000000000e+07
6.029568109633562714e+07,-1.658493580000000157e-09,1.858999999999999986e+01,6.307000000000000000e+07,6.970000000000000000e+07
6.033623913867750019e+07,-1.657378740000000093e-09,1.859499999999999886e+01,6.307000000000000000e+07,6.970000000000000000e+07
6.039612951645577699e+07,-1.655735240000000212e-09,1.860000000000000142e+01,6.307000000000000000e+07,6.970000000000000000e+07
6.041528999100555480e+07,-1.655210130000000078e-09,1.860500000000000043e+01,6.307000000000000000e+07,6.970000000000000000e+07
6.044867350886813551e+07,-1.654296020000000225e-09,1.860999999999999943e+01,6.307000000000000000e+07,6.970000000000000000e+07
6.055859331253512949e+07,-1.651293310000000054e-09,1.861500000000000199e+01,6.307000000000000000e+07,6.970000000000000000e+07
6.065764423433957994e+07,-1.648596830000000017e-09,1.862000000000000099e+01,6.307000000000000000e+07,6.970000000000000000e+07
6.071181211991483718e+07,-1.647125930000000148e-09,1.862500000000000000e+01,6.307000000000000000e+07,6.970000000000000000e+07
6.078260275481344014e+07,-1.645207600000000009e-09,1.862999999999999901e+01,6.307000000000000000e+07,6.970000000000000000e+07
6.083196952620053291e+07,-1.643872470000000075e-09,1.863500000000000156e+01,6.307000000000000000e+07,6.970000000000000000e+07
6.082964531304419786e+07,-1.643935280000000079e-09,1.864000000000000057e+01,6.307000000000000000e+07,6.970000000000000000e+07
6.084998088915075362e+07,-1.643385890000000146e-09,1.864499999999999957e+01,6.307000000000000000e+07,6.970000000000000000e+07
6.089347967538537830e+07,-1.642211950000000268e-09,1.865000000000000213e+01,6.307000000000000000e+07,6.970000000000000000e+07
6.089938711770296097e+07,-1.642052649999999946e-09,1.865500000000000114e+01,6.307000000000000000e+07,6.970000000000000000e+07
6.090382160456977040e+07,-1.641933090000000050e-09,1.866000000000000014e+01,6.307000000000000000e+07,6.970000000000000000e+07
6.095907980952311307e+07,-1.640444710000000068e-09,1.866499999999999915e+01,6.307000000000000000e+07,6.970000000000000000e+07
6.098973520190349966e+07,-1.639620170000000106e-09,1.867000000000000171e+01,6.307000000000000000e+07,6.970000000000000000e+07
6.098544328696511686e+07,-1.639735560000000245e-09,1.867500000000000071e+01,6.307000000000000000e+07,6.970000000000000000e+07
6.095637876196863502e+07,-1.640517400000000037e-09,1.867999999999999972e+01,6.307000000000000000e+07,6.970000000000000000e+07
6.085998654349181056e+07,-1.643115710000000130e-09,1.868499999999999872e+01,6.307000000000000000e+07,6.970000000000000000e+07
6.068626651825556904e+07,-1.647819280000000104e-09,1.869000000000000128e+01,6.307000000000000000e+07,6.970000000000000000e+07
6.056368144525874406e+07,-1.651154580000000168e-09,1.869500000000000028e+01,6.307000000000000000e+07,6.970000000000000000e+07
6.050553084990358353e+07,-1.652741470000000161e-09,1.869999999999999929e+01,6.307000000000000000e+07,6.970000000000000000e+07
6.044670550585103780e+07,-1.654349880000000065e-09,1.870500000000000185e+01,6.307000000000000000e+07,6.970000000000000000e+07
6.040838642621381581e+07,-1.655399290000000240e-09,1.871000000000000085e+01,6.307000000000000000e+07,6.970000000000000000e+07
6.042434080971758813e+07,-1.654962200000000123e-09,1.871499999999999986e+01,6.307000000000000000e+07,6.970000000000000000e+07
6.042505752933770418e+07,-1.654942570000000152e-09,1.871999999999999886e+01,6.307000000000000000e+07,6.970000000000000000e+07
6.041506916637317836e+07,-1.655216180000000145e-09,1.872500000000000142e+01,6.307000000000000000e+07,6.970000000000000000e+07
6.044792663188517094e+07,-1.654316460000000082e-09,1.873000000000000043e+01,6.307000000000000000e+07,6.970000000000000000e+07
6.048531176201304048e+07,-1.653293950000000003e-09,1.873499999999999943e+01,6.307000000000000000e+07,6.970000000000000000e+07
6.048233537490045279e+07,-1.653375310000000130e-09,1.874000000000000199e+01,6.307000000000000000e+07,6.970000000000000000e+07
6.050198106476758420e+07,-1.652838440000000135e-09,1.874500000000000099e+01,6.307000000000000000e+07,6.970000000000000000e+07
6.053408814337097108e+07,-1.651961780000000020e-09,1.875000000000000000e+01,6.307000000000000000e+07,6.970000000000000000e+07
6.053440621286402643e+07,-1.651953100000000231e-09,1.875499999999999901e+01,6.307000000000000000e+07,6.970000000000000000e+07
6.054336703217504174e+07,-1.651708600000000253e-09,1.876000000000000156e+01,6.307000000000000000e+07,6.970000000000000000e+07
6.059679223487495631e+07,-1.650252370000000180e-09,1.876500000000000057e+01,6.307000000000000000e+07,6.970000000000000000e+07
6.062008552208921313e+07,-1.649618260000000042e-09,1.876999999999999957e+01,6.307000000000000000e+07,6.970000000000000000e+07
6.060277813922284544e+07,-1.650089370000000126e-09,1.877500000000000213e+01,6.307000000000000000e+07,6.970000000000000000e+07
6.058209689867705852e+07,-1.650652669999999985e-09,1.878000000000000114e+01,6.307000000000000000e+07,6.970000000000000000e+07
6.057780528198601305e+07,-1.650769610000000204e-09,1.878500000000000014e+01,6.307000000000000000e+07,6.970000000000000000e+07
6.056001627514101565e+07,-1.651254510000000094e-09,1.878999999999999915e+01,6.307000000000000000e+07,6.970000000000000000e+07
6.057323064926967770e+07,-1.650894280000000117e-09,1.879500000000000171e+01,6.307000000000000000e+07,6.970000000000000000e+07
6.061536377862018347e+07,-1.649746760000000058e-09,1.880000000000000071e+01,6.307000000000000000e+07,6.970000000000000000e+07
6.059549605675718188e+07,-1.650287670000000059e-09,1.880499999999999972e+01,6.307000000000000000e+07,6.970000000000000000e+07
6.052025059329666197e+07,-1.652339490000000110e-09,1.880999999999999872e+01,6.307000000000000000e+07,6.970000000000000000e+07
6.048894557563376427e+07,-1.653194630000000107e-09,1.881500000000000128e+01,6.307000000000000000e+07,6.970000000000000000e+07
6.046813791410840303e+07,-1.653763510000000214e-09,1.882000000000000028e+01,6.307000000000000000e+07,6.970000000000000000e+07
6.044578439584701508e+07,-1.654375090000000078e-09,1.882499999999999929e+01,6.307000000000000000e+07,6.970000000000000000e+07
6.046642421001131088e+07,-1.653810379999999935e-09,1.883000000000000185e+01,6.307000000000000000e+07,6.970000000000000000e+07
6.048364903177169710e+07,-1.653339400000000016e-09,1.883500000000000085e+01,6.307000000000000000e+07,6.970000000000000000e+07
6.046210984987083077e+07,-1.653928389999999958e-09,1.883999999999999986e+01,6.307000000000000000e+07,6.970000000000000000e+07
6.047279249846135825e+07,-1.653636220000000211e-09,1.884499999999999886e+01,6.307000000000000000e+07,6.970000000000000000e+07
6.049958646717662364e+07,-1.652903859999999979e-09,1.885000000000000142e+01,6.307000000000000000e+07,6.970000000000000000e+07
6.049511439943731576e+07,-1.653026050000000218e-09,1.885500000000000043e+01,6.307000000000000000e+07,6.970000000000000000e+07
6.049766675321260840e+07,-1.652956310000000155e-09,1.885999999999999943e+01,6.307000000000000000e+07,6.970000000000000000e+07
6.055386867615891248e+07,-1.651422149999999931e-09,1.886500000000000199e+01,6.307000000000000000e+07,6.970000000000000000e+07
6.059259509529118240e+07,-1.650366680000000264e-09,1.887000000000000099e+01,6.307000000000000000e+07,6.970000000000000000e+07
6.059248128016498685e+07,-1.650369780000000012e-09,1.887500000000000000e+01,6.307000000000000000e+07,6.970000000000000000e+07
6.062466245703560859e+07,-1.649493720000000088e-09,1.887999999999999901e+01,6.307000000000000000e+07,6.970000000000000000e+07
6.065271651356394589e+07,-1.648730770000000072e-09,1.888500000000000156e+01,6.307000000000000000e+07,6.970000000000000000e+07
6.062760581996884942e+07,-1.649413640000000079e-09,1.889000000000000057e+01,6.307000000000000000e+07,6.970000000000000000e+07
6.062262086903290451e+07,-1.649549270000000218e-09,1.889499999999999957e+01,6.307000000000000000e+07,6.970000000000000000e+07
6.063764252779339999e+07,-1.649140630000000071e-09,1.890000000000000213e+01,6.307000000000000000e+07,6.970000000000000000e+07
6.063430994732473046e+07,-1.649231270000000178e-09,1.890500000000000114e+01,6.307000000000000000e+07,6.970000000000000000e+07
6.063735830292429775e+07,-1.649148360000000177e-09,1.891000000000000014e+01,6.307000000000000000e+07,6.970000000000000000e+07
6.066297681683659554e+07,-1.648451910000000060e-09,1.891499999999999915e+01,6.307000000000000000e+07,6.970000000000000000e+07
6.066297166484156996e+07,-1.648452050000000064e-09,1.892000000000000171e+01,6.307000000000000000e+07,6.970000000000000000e+07
6.063783556690172851e+07,-1.649135380000000052e-09,1.892500000000000071e+01,6.307000000000000000e+07,6.970000000000000000e+07
6.066630776478993148e+07,-1.648361400000000118e-09,1.892999999999999972e+01,6.307000000000000000e+07,6.970000000000000000e+07
6.070417400322137773e+07,-1.647333180000000039e-09,1.893499999999999872e+01,6.307000000000000000e+07,6.970000000000000000e+07
6.070444153516384959e+07,-1.647325920000000165e-09,1.894000000000000128e+01,6.307000000000000000e+07,6.970000000000000000e+07
6.072821227663199604e+07,-1.646681110000000131e-09,1.894500000000000028e+01,6.307000000000000000e+07,6.970000000000000000e+07
6.078395202522037923e+07,-1.645171080000000072e-09,1.894999999999999929e+01,6.307000000000000000e+07,6.970000000000000000e+07
6.082390085402473807e+07,-1.644090540000000189e-09,1.895500000000000185e+01,6.307000000000000000e+07,6.970000000000000000e+07
6.086830153852240741e+07,-1.642891250000000088e-09,1.896000000000000085e+01,6.307000000000000000e+07,6.970000000000000000e+07
6.093894123452532291e+07,-1.640986830000000082e-09,1.896499999999999986e+01,6.307000000000000000e+07,6.970000000000000000e+07
6.098239999759973586e+07,-1.639817389999999984e-09,1.896999999999999886e+01,6.307000000000000000e+07,6.970000000000000000e+07
6.100421366474498808e+07,-1.639231029999999971e-09,1.897500000000000142e+01,6.307000000000000000e+07,6.970000000000000000e+07
6.106369077899005264e+07,-1.637634390000000179e-09,1.898000000000000043e+01,6.307000000000000000e+07,6.970000000000000000e+07
6.109344037653499842e+07,-1.636836940000000126e-09,1.898499999999999943e+01,6.307000000000000000e+07,6.970000000000000000e+07
6.106096814937168360e+07,-1.637707410000000171e-09,1.899000000000000199e+01,6.307000000000000000e+07,6.970000000000000000e+07
6.106044393495067209e+07,-1.637721470000000144e-09,1.899500000000000099e+01,6.307000000000000000e+07,6.970000000000000000e+07
6.108695301986314356e+07,-1.637010770000000241e-09,1.900000000000000000e+01,6.307000000000000000e+07,6.970000000000000000e+07
6.108401488688300550e+07,-1.637089510000000071e-09,1.900499999999999901e+01,6.307000000000000000e+07,6.970000000000000000e+07
6.107631827384936810e+07,-1.637295810000000072e-09,1.901000000000000156e+01,6.307000000000000000e+07,6.970000000000000000e+07
6.110039837826345116e+07,-1.636650540000000057e-09,1.901500000000000057e+01,6.307000000000000000e+07,6.970000000000000000e+07
6.109174367077317834e+07,-1.636882399999999976e-09,1.901999999999999957e+01,6.307000000000000000e+07,6.970000000000000000e+07
6.107587921873542666e+07,-1.637307580000000185e-09,1.902500000000000213e+01,6.307000000000000000e+07,6.970000000000000000e+07
6.108488055074568093e+07,-1.637066310000000120e-09,1.903000000000000114e+01,6.307000000000000000e+07,6.970000000000000000e+07
6.105857607480633259e+07,-1.637771569999999985e-09,1.903500000000000014e+01,6.307000000000000000e+07,6.970000000000000000e+07
6.101655111779332161e+07,-1.638899579999999987e-09,1.903999999999999915e+01,6.307000000000000000e+07,6.970000000000000000e+07
6.103086948702358454e+07,-1.638515080000000049e-09,1.904500000000000171e+01,6.307000000000000000e+07,6.970000000000000000e+07
6.106944071751219034e+07,-1.637480200000000079e-09,1.905000000000000071e+01,6.307000000000000000e+07,6.970000000000000000e+07
6.107035855549523234e+07,-1.637455590000000258e-09,1.905499999999999972e+01,6.307000000000000000e+07,6.970000000000000000e+07
6.106271572007224709e+07,-1.637660540000000036e-09,1.905999999999999872e+01,6.307000000000000000e+07,6.970000000000000000e+07
6.108212804856625199e+07,-1.637140080000000144e-09,1.906500000000000128e+01,6.307000000000000000e+07,6.970000000000000000e+07
6.108564847482910007e+07,-1.637045730000000260e-09,1.907000000000000028e+01,6.307000000000000000e+07,6.970000000000000000e+07
6.106976443779614568e+07,-1.637471520000000084e-09,1.907499999999999929e+01,6.307000000000000000e+07,6.970000000000000000e+07
6.108718400775641203e+07,-1.637004579999999964e-09,1.908000000000000185e+01,6.307000000000000000e+07,6.970000000000000000e+07
6.111286739306521416e+07,-1.636316609999999985e-09,1.908500000000000085e+01,6.307000000000000000e+07,6.970000000000000000e+07
6.110063432112325728e+07,-1.636644220000000028e-09,1.908999999999999986e+01,6.307000000000000000e+07,6.970000000000000000e+07
6.110245957991337776e+07,-1.636595330000000201e-09,1.909499999999999886e+01,6.307000000000000000e+07,6.970000000000000000e+07
6.112018657597050071e+07,-1.636120660000000181e-09,1.910000000000000142e+01,6.307000000000000000e+07,6.970000000000000000e+07
6.111438674038308114e+07,-1.636275930000000129e-09,1.910500000000000043e+01,6.307000000000000000e+07,6.970000000000000000e+07
6.114659165871338546e+07,-1.635414130000000036e-09,1.910999999999999943e+01,6.307000000000000000e+07,6.970000000000000000e+07
6.125196405188382417e+07,-1.632600709999999986e-09,1.911500000000000199e+01,6.307000000000000000e+07,6.970000000000000000e+07
6.132979718806436658e+07,-1.630528790000000145e-09,1.912000000000000099e+01,6.307000000000000000e+07,6.970000000000000000e+07
6.139744388933651149e+07,-1.628732300000000133e-09,1.912500000000000000e+01,6.307000000000000000e+07,6.970000000000000000e+07
6.150349500375743210e+07,-1.625923860000000140e-09,1.912999999999999901e+01,6.307000000000000000e+07,6.970000000000000000e+07
6.160288185180825740e+07,-1.623300680000000102e-09,1.913500000000000156e+01,6.307000000000000000e+07,6.970000000000000000e+07
6.166246912768281996e+07,-1.621732010000000003e-09,1.914000000000000057e+01,6.307000000000000000e+07,6.970000000000000000e+07
6.175168154460222274e+07,-1.619389100000000053e-09,1.914499999999999957e+01,6.307000000000000000e+07,6.970000000000000000e+07
6.184712206570427120e+07,-1.616890110000000063e-09,1.915000000000000213e+01,6.307000000000000000e+07,6.970000000000000000e+07
6.187280772267677635e+07,-1.616218880000000003e-09,1.915500000000000114e+01,6.307000000000000000e+07,6.970000000000000000e+07
6.184056621420315653e+07,-1.617061520000000151e-09,1.916000000000000014e+01,6.307000000000000000e+07,6.970000000000000000e+07
6.179430479092913121e+07,-1.618272110000000131e-09,1.916499999999999915e+01,6.307000000000000000e+07,6.970000000000000000e+07
6.174071919528776407e+07,-1.619676630000000223e-09,1.917000000000000171e+01,6.307000000000000000e+07,6.970000000000000000e+07
6.169735595981034636e+07,-1.620815000000000053e-09,1.917500000000000071e+01,6.307000000000000000e+07,6.970000000000000000e+07
6.169816220054441690e+07,-1.620793820000000208e-09,1.917999999999999972e+01,6.307000000000000000e+07,6.970000000000000000e+07
6.170429839053469896e+07,-1.620632639999999990e-09,1.918499999999999872e+01,6.307000000000000000e+07,6.970000000000000000e+07
6.167811559491617978e+07,-1.621320609999999968e-09,1.919000000000000128e+01,6.307000000000000000e+07,6.970000000000000000e+07
6.166629710054814070e+07,-1.621631340000000089e-09,1.919500000000000028e+01,6.307000000000000000e+07,6.970000000000000000e+07
6.164758725214202702e+07,-1.622123500000000059e-09,1.919999999999999929e+01,6.307000000000000000e+07,6.970000000000000000e+07
6.159556422747185081e+07,-1.623493530000000158e-09,1.920500000000000185e+01,6.307000000000000000e+07,6.970000000000000000e+07
6.155459035632481426e+07,-1.624574210000000045e-09,1.921000000000000085e+01,6.307000000000000000e+07,6.970000000000000000e+07
6.155495978288236260e+07,-1.624564460000000039e-09,1.921499999999999986e+01,6.307000000000000000e+07,6.970000000000000000e+07
6.152830009237182140e+07,-1.625268370000000094e-09,1.921999999999999886e+01,6.307000000000000000e+07,6.970000000000000000e+07
6.148277895028853416e+07,-1.626471699999999993e-09,1.922500000000000142e+01,6.307000000000000000e+07,6.970000000000000000e+07
6.147764747125898302e+07,-1.626607460000000090e-09,1.923000000000000043e+01,6.307000000000000000e+07,6.970000000000000000e+07
6.146141162173217535e+07,-1.627037150000000123e-09,1.923499999999999943e+01,6.307000000000000000e+07,6.970000000000000000e+07
6.142240192560704052e+07,-1.628070490000000057e-09,1.924000000000000199e+01,6.307000000000000000e+07,6.970000000000000000e+07
6.143181024524715543e+07,-1.627821150000000025e-09,1.924500000000000099e+01,6.307000000000000000e+07,6.970000000000000000e+07
6.145987497107007354e+07,-1.627077829999999980e-09,1.925000000000000000e+01,6.307000000000000000e+07,6.970000000000000000e+07
6.146189665721713006e+07,-1.627024310000000001e-09,1.925499999999999901e+01,6.307000000000000000e+07,6.970000000000000000e+07
6.147578196610640734e+07,-1.626656820000000150e-09,1.926000000000000156e+01,6.307000000000000000e+07,6.970000000000000000e+07
6.151868167335341126e+07,-1.625522480000000281e-09,1.926500000000000057e+01,6.307000000000000000e+07,6.970000000000000000e+07
6.153042585416936874e+07,-1.625212220000000186e-09,1.926999999999999957e+01,6.307000000000000000e+07,6.970000000000000000e+07
6.152503923590184003e+07,-1.625354510000000007e-09,1.927500000000000213e+01,6.307000000000000000e+07,6.970000000000000000e+07
6.156359842926634848e+07,-1.624336500000000122e-09,1.928000000000000114e+01,6.307000000000000000e+07,6.970000000000000000e+07
6.159314070698614419e+07,-1.623557410000000173e-09,1.928500000000000014e+01,6.307000000000000000e+07,6.970000000000000000e+07
6.158235175426720083e+07,-1.623841850000000227e-09,1.928999999999999915e+01,6.307000000000000000e+07,6.970000000000000000e+07
6.160327007406467944e+07,-1.623290450000000232e-09,1.929500000000000171e+01,6.307000000000000000e+07,6.970000000000000000e+07
6.163780840978244692e+07,-1.622380850000000204e-09,1.930000000000000071e+01,6.307000000000000000e+07,6.970000000000000000e+07
6.164299782054401189e+07,-1.622244269999999970e-09,1.930499999999999972e+01,6.307000000000000000e+07,6.970000000000000000e+07
6.165011463838816434e+07,-1.622057000000000161e-09,1.930999999999999872e+01,6.307000000000000000e+07,6.970000000000000000e+07
6.168268704835358262e+07,-1.621200450000000087e-09,1.931500000000000128e+01,6.307000000000000000e+07,6.970000000000000000e+07
6.169478359129506350e+07,-1.620882580000000006e-09,1.932000000000000028e+01,6.307000000000000000e+07,6.970000000000000000e+07
6.171232585776754469e+07,-1.620421829999999957e-09,1.932499999999999929e+01,6.307000000000000000e+07,6.970000000000000000e+07
6.177761389686930925e+07,-1.618709330000000000e-09,1.933000000000000185e+01,6.307000000000000000e+07,6.970000000000000000e+07
6.184361888573012501e+07,-1.616981700000000060e-09,1.933500000000000085e+01,6.307000000000000000e+07,6.970000000000000000e+07
6.188628684420200437e+07,-1.615866859999999996e-09,1.933999999999999986e+01,6.307000000000000000e+07,6.970000000000000000e+07
6.195244186107167602e+07,-1.614141380000000121e-09,1.934499999999999886e+01,6.307000000000000000e+07,6.970000000000000000e+07
6.201724612790671736e+07,-1.612454700000000206e-09,1.935000000000000142e+01,6.307000000000000000e+07,6.970000000000000000e+07
6.202357521055639535e+07,-1.612290160000000115e-09,1.935500000000000043e+01,6.307000000000000000e+07,6.970000000000000000e+07
6.196636618080965430e+07,-1.613778670000000263e-09,1.935999999999999943e+01,6.307000000000000000e+07,6.970000000000000000e+07
6.190892492619790137e+07,-1.615275990000000158e-09,1.936500000000000199e+01,6.307000000000000000e+07,6.970000000000000000e+07
6.185734012373521179e+07,-1.616623020000000163e-09,1.937000000000000099e+01,6.307000000000000000e+07,6.970000000000000000e+07
6.182958490238270909e+07,-1.617348720000000092e-09,1.937500000000000000e+01,6.307000000000000000e+07,6.970000000000000000e+07
6.186599955651976168e+07,-1.616396740000000286e-09,1.937999999999999901e+01,6.307000000000000000e+07,6.970000000000000000e+07
6.185075417964512110e+07,-1.616795159999999988e-09,1.938500000000000156e+01,6.307000000000000000e+07,6.970000000000000000e+07
6.176328407338789105e+07,-1.619084890000000232e-09,1.939000000000000057e+01,6.307000000000000000e+07,6.970000000000000000e+07
6.167575708734165132e+07,-1.621382610000000086e-09,1.939499999999999957e+01,6.307000000000000000e+07,6.970000000000000000e+07
6.156744446030080318e+07,-1.624235029999999954e-09,1.940000000000000213e+01,6.307000000000000000e+07,6.970000000000000000e+07
6.138922452253716439e+07,-1.628950370000000247e-09,1.940500000000000114e+01,6.307000000000000000e+07,6.970000000000000000e+07
6.121672001989493519e+07,-1.633540640000000293e-09,1.941000000000000014e+01,6.307000000000000000e+07,6.970000000000000000e+07
6.107867107519484311e+07,-1.637232740000000151e-09,1.941499999999999915e+01,6.307000000000000000e+07,6.970000000000000000e+07
6.092801308948188275e+07,-1.641281159999999938e-09,1.942000000000000171e+01,6.307000000000000000e+07,6.970000000000000000e+07
6.083180300287314504e+07,-1.643876970000000062e-09,1.942500000000000071e+01,6.307000000000000000e+07,6.970000000000000000e+07
6.084137439301907271e+07,-1.643618360000000094e-09,1.942999999999999972e+01,6.307000000000000000e+07,6.970000000000000000e+07
6.087212380508553982e+07,-1.642788090000000043e-09,1.943499999999999872e+01,6.307000000000000000e+07,6.970000000000000000e+07
6.088902926922240853e+07,-1.642331980000000191e-09,1.944000000000000128e+01,6.307000000000000000e+07,6.970000000000000000e+07
6.096511483462187648e+07,-1.640282320000000249e-09,1.944500000000000028e+01,6.307000000000000000e+07,6.970000000000000000e+07
6.106100319674501568e+07,-1.637706470000000119e-09,1.944999999999999929e+01,6.307000000000000000e+07,6.970000000000000000e+07
6.111362332240583748e+07,-1.636296369999999986e-09,1.945500000000000185e+01,6.307000000000000000e+07,6.970000000000000000e+07
6.117065687143384665e+07,-1.634770740000000123e-09,1.946000000000000085e+01,6.307000000000000000e+07,6.970000000000000000e+07
6.124104975071616471e+07,-1.632891670000000133e-09,1.946499999999999986e+01,6.307000000000000000e+07,6.970000000000000000e+07
6.127120671521641314e+07,-1.632087980000000200e-09,1.946999999999999886e+01,6.307000000000000000e+07,6.970000000000000000e+07
6.127589264162132144e+07,-1.631963170000000077e-09,1.947500000000000142e+01,6.307000000000000000e+07,6.970000000000000000e+07
6.130142683975083381e+07,-1.631283400000000232e-09,1.948000000000000043e+01,6.307000000000000000e+07,6.970000000000000000e+07
6.132008881552608311e+07,-1.630786939999999925e-09,1.948499999999999943e+01,6.307000000000000000e+07,6.970000000000000000e+07
6.129236157979762554e+07,-1.631524670000000090e-09,1.949000000000000199e+01,6.307000000000000000e+07,6.970000000000000000e+07
6.125353084493518621e+07,-1.632558950000000074e-09,1.949500000000000099e+01,6.307000000000000000e+07,6.970000000000000000e+07
6.119418718374155462e+07,-1.634142140000000128e-09,1.950000000000000000e+01,6.307000000000000000e+07,6.970000000000000000e+07
6.111871961074122787e+07,-1.636159930000000168e-09,1.950499999999999901e+01,6.307000000000000000e+07,6.970000000000000000e+07
6.105353006840260327e+07,-1.637906930000000162e-09,1.951000000000000156e+01,6.307000000000000000e+07,6.970000000000000000e+07
6.094588637298920751e+07,-1.640799830000000029e-09,1.951500000000000057e+01,6.307000000000000000e+07,6.970000000000000000e+07
6.082123396759114414e+07,-1.644162630000000173e-09,1.951999999999999957e+01,6.307000000000000000e+07,6.970000000000000000e+07
6.072204781365773827e+07,-1.646848279999999943e-09,1.952500000000000213e+01,6.307000000000000000e+07,6.970000000000000000e+07
6.060525510712454468e+07,-1.650021930000000176e-09,1.953000000000000114e+01,6.307000000000000000e+07,6.970000000000000000e+07
6.049612118834660202e+07,-1.652998540000000092e-09,1.953500000000000014e+01,6.307000000000000000e+07,6.970000000000000000e+07
6.032826685287026316e+07,-1.657597760000000097e-09,1.953999999999999915e+01,6.307000000000000000e+07,6.970000000000000000e+07
6.013538387214827538e+07,-1.662914470000000059e-09,1.954500000000000171e+01,6.307000000000000000e+07,6.970000000000000000e+07
5.998157821777144074e+07,-1.667178540000000141e-09,1.955000000000000071e+01,6.307000000000000000e+07,6.970000000000000000e+07
5.981528120010078698e+07,-1.671813590000000110e-09,1.955499999999999972e+01,6.307000000000000000e+07,6.970000000000000000e+07
5.966864592736490816e+07,-1.675922060000000014e-09,1.955999999999999872e+01,6.307000000000000000e+07,6.970000000000000000e+07
5.956020080650229752e+07,-1.678973520000000009e-09,1.956500000000000128e+01,6.307000000000000000e+07,6.970000000000000000e+07
5.936634065858370811e+07,-1.684456189999999977e-09,1.957000000000000028e+01,6.307000000000000000e+07,6.970000000000000000e+07
5.916914543967656791e+07,-1.690070040000000113e-09,1.957499999999999929e+01,6.307000000000000000e+07,6.970000000000000000e+07
5.907903197659104317e+07,-1.692647910000000142e-09,1.958000000000000185e+01,6.307000000000000000e+07,6.970000000000000000e+07
5.902908012735430151e+07,-1.694080269999999968e-09,1.958500000000000085e+01,6.307000000000000000e+07,6.970000000000000000e+07
5.899001206481423974e+07,-1.695202230000000110e-09,1.958999999999999986e+01,6.307000000000000000e+07,6.970000000000000000e+07
5.892612985594841093e+07,-1.697040010000000214e-09,1.959499999999999886e+01,6.307000000000000000e+07,6.970000000000000000e+07
5.885154239976144582e+07,-1.699190810000000095e-09,1.960000000000000142e+01,6.307000000000000000e+07,6.970000000000000000e+07
5.875996253864356875e+07,-1.701839069999999981e-09,1.960500000000000043e+01,6.307000000000000000e+07,6.970000000000000000e+07
5.863519695319320261e+07,-1.705460290000000074e-09,1.960999999999999943e+01,6.307000000000000000e+07,6.970000000000000000e+07
5.855002536709123850e+07,-1.707941190000000129e-09,1.961500000000000199e+01,6.307000000000000000e+07,6.970000000000000000e+07
5.847559343926764280e+07,-1.710115180000000123e-09,1.962000000000000099e+01,6.307000000000000000e+07,6.970000000000000000e+07
5.842303879350535572e+07,-1.711653520000000149e-09,1.962500000000000000e+01,6.307000000000000000e+07,6.970000000000000000e+07
5.842768459815033525e+07,-1.711517420000000191e-09,1.962999999999999901e+01,6.307000000000000000e+07,6.970000000000000000e+07
5.837468440310623497e+07,-1.713071360000000226e-09,1.963500000000000156e+01,6.307000000000000000e+07,6.970000000000000000e+07
5.822691079541191459e+07,-1.717418950000000131e-09,1.964000000000000057e+01,6.307000000000000000e+07,6.970000000000000000e+07
5.810951388718595356e+07,-1.720888600000000215e-09,1.964499999999999957e+01,6.307000000000000000e+07,6.970000000000000000e+07
5.805388211853872240e+07,-1.722537690000000183e-09,1.965000000000000213e+01,6.307000000000000000e+07,6.970000000000000000e+07
5.795332680145250261e+07,-1.725526480000000177e-09,1.965500000000000114e+01,6.307000000000000000e+07,6.970000000000000000e+07
5.788028839895539731e+07,-1.727703900000000147e-09,1.966000000000000014e+01,6.307000000000000000e+07,6.970000000000000000e+07
5.786457051874198020e+07,-1.728173200000000234e-09,1.966499999999999915e+01,6.307000000000000000e+07,6.970000000000000000e+07
5.782981654219357669e+07,-1.729211780000000141e-09,1.967000000000000171e+01,6.307000000000000000e+07,6.970000000000000000e+07
5.782397232128351927e+07,-1.729386550000000101e-09,1.967500000000000071e+01,6.307000000000000000e+07,6.970000000000000000e+07
5.791085401188531518e+07,-1.726792010000000051e-09,1.967999999999999972e+01,6.307000000000000000e+07,6.970000000000000000e+07
5.801278268737057596e+07,-1.723758029999999962e-09,1.968499999999999872e+01,6.307000000000000000e+07,6.970000000000000000e+07
5.812028997165840119e+07,-1.720569529999999958e-09,1.969000000000000128e+01,6.307000000000000000e+07,6.970000000000000000e+07
5.828614826772109419e+07,-1.715673500000000217e-09,1.969500000000000028e+01,6.307000000000000000e+07,6.970000000000000000e+07
5.844973715387001634e+07,-1.710871679999999943e-09,1.969999999999999929e+01,6.307000000000000000e+07,6.970000000000000000e+07
5.859010539791636914e+07,-1.706772830000000086e-09,1.970500000000000185e+01,6.307000000000000000e+07,6.970000000000000000e+07
5.870323405391513556e+07,-1.703483660000000169e-09,1.971000000000000085e+01,6.307000000000000000e+07,6.970000000000000000e+07
5.881717023771194369e+07,-1.700183800000000194e-09,1.971499999999999986e+01,6.307000000000000000e+07,6.970000000000000000e+07
5.889161227260682732e+07,-1.698034679999999939e-09,1.971999999999999886e+01,6.307000000000000000e+07,6.970000000000000000e+07
5.897292795845890790e+07,-1.695693320000000070e-09,1.972500000000000142e+01,6.307000000000000000e+07,6.970000000000000000e+07
5.908239545200262964e+07,-1.692551549999999990e-09,1.973000000000000043e+01,6.307000000000000000e+07,6.970000000000000000e+07
5.917072722823733836e+07,-1.690024860000000269e-09,1.973499999999999943e+01,6.307000000000000000e+07,6.970000000000000000e+07
5.921903768886098266e+07,-1.688646150000000174e-09,1.974000000000000199e+01,6.307000000000000000e+07,6.970000000000000000e+07
5.929384821581253409e+07,-1.686515599999999924e-09,1.974500000000000099e+01,6.307000000000000000e+07,6.970000000000000000e+07
5.936850469598045200e+07,-1.684394790000000050e-09,1.975000000000000000e+01,6.307000000000000000e+07,6.970000000000000000e+07
5.939685510996074229e+07,-1.683590820000000111e-09,1.975499999999999901e+01,6.307000000000000000e+07,6.970000000000000000e+07
5.944007049402152747e+07,-1.682366779999999979e-09,1.976000000000000156e+01,6.307000000000000000e+07,6.970000000000000000e+07
5.950649596712575853e+07,-1.680488800000000087e-09,1.976500000000000057e+01,6.307000000000000000e+07,6.970000000000000000e+07
5.952849881043605506e+07,-1.679867660000000030e-09,1.976999999999999957e+01,6.307000000000000000e+07,6.970000000000000000e+07
5.953483551709689945e+07,-1.679688860000000109e-09,1.977500000000000213e+01,6.307000000000000000e+07,6.970000000000000000e+07
5.955192228483670950e+07,-1.679206919999999964e-09,1.978000000000000114e+01,6.307000000000000000e+07,6.970000000000000000e+07
5.949985835166221112e+07,-1.680676270000000166e-09,1.978500000000000014e+01,6.307000000000000000e+07,6.970000000000000000e+07
5.941927969287172705e+07,-1.682955440000000105e-09,1.978999999999999915e+01,6.307000000000000000e+07,6.970000000000000000e+07
5.937282795641326904e+07,-1.684272140000000037e-09,1.979500000000000171e+01,6.307000000000000000e+07,6.970000000000000000e+07
5.926167327254562825e+07,-1.687431260000000271e-09,1.980000000000000071e+01,6.307000000000000000e+07,6.970000000000000000e+07
5.910459994611196965e+07,-1.691915690000000121e-09,1.980499999999999972e+01,6.307000000000000000e+07,6.970000000000000000e+07
5.895904226177074760e+07,-1.696092680000000030e-09,1.980999999999999872e+01,6.307000000000000000e+07,6.970000000000000000e+07
5.880998547211048007e+07,-1.700391510000000066e-09,1.981500000000000128e+01,6.307000000000000000e+07,6.970000000000000000e+07
5.865231915199632198e+07,-1.704962420000000103e-09,1.982000000000000028e+01,6.307000000000000000e+07,6.970000000000000000e+07
5.855248067918910831e+07,-1.707869569999999963e-09,1.982499999999999929e+01,6.307000000000000000e+07,6.970000000000000000e+07
5.852080336141622066e+07,-1.708794040000000057e-09,1.983000000000000185e+01,6.307000000000000000e+07,6.970000000000000000e+07
5.854013318348620087e+07,-1.708229800000000147e-09,1.983500000000000085e+01,6.307000000000000000e+07,6.970000000000000000e+07
5.858954242405197024e+07,-1.706789230000000144e-09,1.983999999999999986e+01,6.307000000000000000e+07,6.970000000000000000e+07
5.870624676264402270e+07,-1.703396240000000136e-09,1.984499999999999886e+01,6.307000000000000000e+07,6.970000000000000000e+07
5.881642127426423877e+07,-1.700205450000000064e-09,1.985000000000000142e+01,6.307000000000000000e+07,6.970000000000000000e+07
5.887197481353302300e+07,-1.698601080000000165e-09,1.985500000000000043e+01,6.307000000000000000e+07,6.970000000000000000e+07
5.891850986203648150e+07,-1.697259489999999992e-09,1.985999999999999943e+01,6.307000000000000000e+07,6.970000000000000000e+07
5.890005131902571768e+07,-1.697791389999999974e-09,1.986500000000000199e+01,6.307000000000000000e+07,6.970000000000000000e+07
5.883336565834554285e+07,-1.699715780000000019e-09,1.987000000000000099e+01,6.307000000000000000e+07,6.970000000000000000e+07
5.880902260962862521e+07,-1.700419350000000007e-09,1.987500000000000000e+01,6.307000000000000000e+07,6.970000000000000000e+07
5.883175962886761129e+07,-1.699762180000000127e-09,1.987999999999999901e+01,6.307000000000000000e+07,6.970000000000000000e+07
5.880242764176051319e+07,-1.700610060000000043e-09,1.988500000000000156e+01,6.307000000000000000e+07,6.970000000000000000e+07
5.870509499053809047e+07,-1.703429660000000119e-09,1.989000000000000057e+01,6.307000000000000000e+07,6.970000000000000000e+07
5.867607436596277356e+07,-1.704272160000000057e-09,1.989499999999999957e+01,6.307000000000000000e+07,6.970000000000000000e+07
5.868891705930823833e+07,-1.703899220000000123e-09,1.990000000000000213e+01,6.307000000000000000e+07,6.970000000000000000e+07
5.862232002275061607e+07,-1.705834910000000254e-09,1.990500000000000114e+01,6.307000000000000000e+07,6.970000000000000000e+07
5.856027136736055464e+07,-1.707642360000000079e-09,1.991000000000000014e+01,6.307000000000000000e+07,6.970000000000000000e+07
5.855935369962067902e+07,-1.707669120000000172e-09,1.991499999999999915e+01,6.307000000000000000e+07,6.970000000000000000e+07
5.854484595794294029e+07,-1.708092290000000112e-09,1.992000000000000171e+01,6.307000000000000000e+07,6.970000000000000000e+07
5.849900514836874604e+07,-1.709430780000000124e-09,1.992500000000000071e+01,6.307000000000000000e+07,6.970000000000000000e+07
5.841526341764281690e+07,-1.711881350000000106e-09,1.992999999999999972e+01,6.307000000000000000e+07,6.970000000000000000e+07
5.827552998083417118e+07,-1.715986110000000028e-09,1.993499999999999872e+01,6.307000000000000000e+07,6.970000000000000000e+07
5.815596969313298911e+07,-1.719513930000000126e-09,1.994000000000000128e+01,6.307000000000000000e+07,6.970000000000000000e+07
5.808596780158884078e+07,-1.721586190000000034e-09,1.994500000000000028e+01,6.307000000000000000e+07,6.970000000000000000e+07
5.797920653449776024e+07,-1.724756270000000287e-09,1.994999999999999929e+01,6.307000000000000000e+07,6.970000000000000000e+07
5.784052057810420543e+07,-1.728891770000000040e-09,1.995500000000000185e+01,6.307000000000000000e+07,6.970000000000000000e+07
5.772619418942792714e+07,-1.732315829999999902e-09,1.996000000000000085e+01,6.307000000000000000e+07,6.970000000000000000e+07
5.770454094401755184e+07,-1.732965870000000072e-09,1.996499999999999986e+01,6.307000000000000000e+07,6.970000000000000000e+07
5.769433453866029531e+07,-1.733272440000000067e-09,1.996999999999999886e+01,6.307000000000000000e+07,6.970000000000000000e+07
5.770233535949891061e+07,-1.733032110000000053e-09,1.997500000000000142e+01,6.307000000000000000e+07,6.970000000000000000e+07
5.777174050251361728e+07,-1.730950100000000139e-09,1.998000000000000043e+01,6.307000000000000000e+07,6.970000000000000000e+07
5.782367775058677047e+07,-1.729395360000000056e-09,1.998499999999999943e+01,6.307000000000000000e+07,6.970000000000000000e+07
5.787460948456160724e+07,-1.727873430000000132e-09,1.999000000000000199e+01,6.307000000000000000e+07,6.970000000000000000e+07
5.797651906915544719e+07,-1.724836220000000130e-09,1.999500000000000099e+01,6.307000000000000000e+07,6.970000000000000000e+07
5.807318593115977943e+07,-1.721965110000000137e-09,2.000000000000000000e+01,6.307000000000000000e+07,6.970000000000000000e+07
5.814979798498506099e+07,-1.719696429999999986e-09,2.000499999999999901e+01,6.307000000000000000e+07,6.970000000000000000e+07
5.825460092944866419e+07,-1.716602610000000095e-09,2.001000000000000156e+01,6.307000000000000000e+07,6.970000000000000000e+07
5.834291523339759558e+07,-1.714004170000000043e-09,2.001500000000000057e+01,6.307000000000000000e+07,6.970000000000000000e+07
5.831119660517344624e+07,-1.714936510000000040e-09,2.001999999999999957e+01,6.307000000000000000e+07,6.970000000000000000e+07
5.822271618892171979e+07,-1.717542680000000199e-09,2.002500000000000213e+01,6.307000000000000000e+07,6.970000000000000000e+07
5.817589684864308685e+07,-1.718924939999999977e-09,2.003000000000000114e+01,6.307000000000000000e+07,6.970000000000000000e+07
5.816123747896882892e+07,-1.719358189999999946e-09,2.003500000000000014e+01,6.307000000000000000e+07,6.970000000000000000e+07
5.816862190018832684e+07,-1.719139919999999975e-09,2.003999999999999915e+01,6.307000000000000000e+07,6.970000000000000000e+07
5.823038308359856158e+07,-1.717316539999999911e-09,2.004500000000000171e+01,6.307000000000000000e+07,6.970000000000000000e+07
5.823735874848940969e+07,-1.717110840000000101e-09,2.005000000000000071e+01,6.307000000000000000e+07,6.970000000000000000e+07
5.821768366216475517e+07,-1.717691150000000253e-09,2.005499999999999972e+01,6.307000000000000000e+07,6.970000000000000000e+07
5.826163501164440811e+07,-1.716395359999999997e-09,2.005999999999999872e+01,6.307000000000000000e+07,6.970000000000000000e+07
5.829805747024837881e+07,-1.715323020000000040e-09,2.006500000000000128e+01,6.307000000000000000e+07,6.970000000000000000e+07
5.828923247723082453e+07,-1.715582720000000106e-09,2.007000000000000028e+01,6.307000000000000000e+07,6.970000000000000000e+07
5.833123948488265276e+07,-1.714347250000000136e-09,2.007499999999999929e+01,6.307000000000000000e+07,6.970000000000000000e+07
5.844410034246548265e+07,-1.711036690000000059e-09,2.008000000000000185e+01,6.307000000000000000e+07,6.970000000000000000e+07
5.853053005417755991e+07,-1.708510070000000030e-09,2.008500000000000085e+01,6.307000000000000000e+07,6.970000000000000000e+07
5.861400228259336948e+07,-1.706076980000000160e-09,2.008999999999999986e+01,6.307000000000000000e+07,6.970000000000000000e+07
5.875219940327271819e+07,-1.702063939999999988e-09,2.009499999999999886e+01,6.307000000000000000e+07,6.970000000000000000e+07
5.889244951329924911e+07,-1.698010540000000143e-09,2.010000000000000142e+01,6.307000000000000000e+07,6.970000000000000000e+07
5.900813358081895113e+07,-1.694681630000000214e-09,2.010500000000000043e+01,6.307000000000000000e+07,6.970000000000000000e+07
5.915116248152967542e+07,-1.690583850000000160e-09,2.010999999999999943e+01,6.307000000000000000e+07,6.970000000000000000e+07
5.932154529991629720e+07,-1.685728170000000046e-09,2.011500000000000199e+01,6.307000000000000000e+07,6.970000000000000000e+07
5.945689574239277095e+07,-1.681890700000000089e-09,2.012000000000000099e+01,6.307000000000000000e+07,6.970000000000000000e+07
5.959211805327305198e+07,-1.678074270000000179e-09,2.012500000000000000e+01,6.307000000000000000e+07,6.970000000000000000e+07
5.976252309627290070e+07,-1.673289459999999992e-09,2.012999999999999901e+01,6.307000000000000000e+07,6.970000000000000000e+07
5.989709965784859657e+07,-1.669529920000000185e-09,2.013500000000000156e+01,6.307000000000000000e+07,6.970000000000000000e+07
5.997411804940754175e+07,-1.667385920000000197e-09,2.014000000000000057e+01,6.307000000000000000e+07,6.970000000000000000e+07
6.006208413425872475e+07,-1.664943890000000001e-09,2.014499999999999957e+01,6.307000000000000000e+07,6.970000000000000000e+07
6.012196401742539555e+07,-1.663285650000000011e-09,2.015000000000000213e+01,6.307000000000000000e+07,6.970000000000000000e+07
6.011658553713020682e+07,-1.663434460000000133e-09,2.015500000000000114e+01,6.307000000000000000e+07,6.970000000000000000e+07
6.015464194423171133e+07,-1.662382100000000258e-09,2.016000000000000014e+01,6.307000000000000000e+07,6.970000000000000000e+07
6.024526231859578937e+07,-1.659881560000000187e-09,2.016499999999999915e+01,6.307000000000000000e+07,6.970000000000000000e+07
6.034291794093310088e+07,-1.657195299999999976e-09,2.017000000000000171e+01,6.307000000000000000e+07,6.970000000000000000e+07
6.047756593763178587e+07,-1.653505700000000088e-09,2.017500000000000071e+01,6.307000000000000000e+07,6.970000000000000000e+07
6.066857203192904592e+07,-1.648299880000000070e-09,2.017999999999999972e+01,6.307000000000000000e+07,6.970000000000000000e+07
6.081986084719937295e+07,-1.644199750000000095e-09,2.018499999999999872e+01,6.307000000000000000e+07,6.970000000000000000e+07
6.092468340762428194e+07,-1.641370860000000201e-09,2.019000000000000128e+01,6.307000000000000000e+07,6.970000000000000000e+07
6.104909127145610750e+07,-1.638026020000000239e-09,2.019500000000000028e+01,6.307000000000000000e+07,6.970000000000000000e+07
6.113882656396909058e+07,-1.635621840000000114e-09,2.019999999999999929e+01,6.307000000000000000e+07,6.970000000000000000e+07
6.114934997384886444e+07,-1.635340360000000219e-09,2.020500000000000185e+01,6.307000000000000000e+07,6.970000000000000000e+07
6.119089125120539963e+07,-1.634230160000000145e-09,2.021000000000000085e+01,6.307000000000000000e+07,6.970000000000000000e+07
6.126173155267288536e+07,-1.632340410000000141e-09,2.021499999999999986e+01,6.307000000000000000e+07,6.970000000000000000e+07
6.125587480592914671e+07,-1.632496479999999930e-09,2.021999999999999886e+01,6.307000000000000000e+07,6.970000000000000000e+07
6.121095992520901561e+07,-1.633694360000000160e-09,2.022500000000000142e+01,6.307000000000000000e+07,6.970000000000000000e+07
6.116904904106780887e+07,-1.634813710000000048e-09,2.023000000000000043e+01,6.307000000000000000e+07,6.970000000000000000e+07
6.107743701630562544e+07,-1.637265820000000273e-09,2.023499999999999943e+01,6.307000000000000000e+07,6.970000000000000000e+07
6.095289588244536519e+07,-1.640611140000000098e-09,2.024000000000000199e+01,6.307000000000000000e+07,6.970000000000000000e+07
6.089640469879824668e+07,-1.642133070000000229e-09,2.024500000000000099e+01,6.307000000000000000e+07,6.970000000000000000e+07
6.091041963667141646e+07,-1.641755230000000180e-09,2.025000000000000000e+01,6.307000000000000000e+07,6.970000000000000000e+07
6.093818962035306543e+07,-1.641007070000000082e-09,2.025499999999999901e+01,6.307000000000000000e+07,6.970000000000000000e+07
6.102418761412934214e+07,-1.638694490000000205e-09,2.026000000000000156e+01,6.307000000000000000e+07,6.970000000000000000e+07
6.111968936137913167e+07,-1.636133970000000123e-09,2.026500000000000057e+01,6.307000000000000000e+07,6.970000000000000000e+07
6.121664432075498998e+07,-1.633542660000000193e-09,2.026999999999999957e+01,6.307000000000000000e+07,6.970000000000000000e+07
6.133214172341821343e+07,-1.630466460000000211e-09,2.027500000000000213e+01,6.307000000000000000e+07,6.970000000000000000e+07
6.143110982346044481e+07,-1.627839709999999986e-09,2.028000000000000114e+01,6.307000000000000000e+07,6.970000000000000000e+07
6.151657450909650326e+07,-1.625578160000000163e-09,2.028500000000000014e+01,6.307000000000000000e+07,6.970000000000000000e+07
6.160002403386537731e+07,-1.623375990000000161e-09,2.028999999999999915e+01,6.307000000000000000e+07,6.970000000000000000e+07
6.172739789752902091e+07,-1.620026170000000142e-09,2.029500000000000171e+01,6.307000000000000000e+07,6.970000000000000000e+07
6.185881980114430934e+07,-1.616584349999999955e-09,2.030000000000000071e+01,6.307000000000000000e+07,6.970000000000000000e+07
6.195662836514095962e+07,-1.614032310000000218e-09,2.030499999999999972e+01,6.307000000000000000e+07,6.970000000000000000e+07
6.207564006130391359e+07,-1.610937880000000091e-09,2.030999999999999872e+01,6.307000000000000000e+07,6.970000000000000000e+07
6.219998730249458551e+07,-1.607717370000000182e-09,2.031500000000000128e+01,6.307000000000000000e+07,6.970000000000000000e+07
6.227469482472624630e+07,-1.605788680000000214e-09,2.032000000000000028e+01,6.307000000000000000e+07,6.970000000000000000e+07
6.233739213340260834e+07,-1.604173620000000258e-09,2.032499999999999929e+01,6.307000000000000000e+07,6.970000000000000000e+07
6.241981277763903886e+07,-1.602055430000000061e-09,2.033000000000000185e+01,6.307000000000000000e+07,6.970000000000000000e+07
6.242958917803049088e+07,-1.601804549999999993e-09,2.033500000000000085e+01,6.307000000000000000e+07,6.970000000000000000e+07
6.236075661532728374e+07,-1.603572590000000035e-09,2.033999999999999986e+01,6.307000000000000000e+07,6.970000000000000000e+07
6.236979797917239368e+07,-1.603340130000000132e-09,2.034499999999999886e+01,6.307000000000000000e+07,6.970000000000000000e+07
6.239383844373394549e+07,-1.602722360000000197e-09,2.035000000000000142e+01,6.307000000000000000e+07,6.970000000000000000e+07
6.239130965922540426e+07,-1.602787320000000060e-09,2.035500000000000043e+01,6.307000000000000000e+07,6.970000000000000000e+07
6.238277263302200288e+07,-1.603006660000000041e-09,2.035999999999999943e+01,6.307000000000000000e+07,6.970000000000000000e+07
6.227636906174503267e+07,-1.605745510000000019e-09,2.036500000000000199e+01,6.307000000000000000e+07,6.970000000000000000e+07
6.208976246176768839e+07,-1.610571470000000088e-09,2.037000000000000099e+01,6.307000000000000000e+07,6.970000000000000000e+07
6.196729850569143891e+07,-1.613754390000000051e-09,2.037500000000000000e+01,6.307000000000000000e+07,6.970000000000000000e+07
6.193745039700573683e+07,-1.614532070000000129e-09,2.037999999999999901e+01,6.307000000000000000e+07,6.970000000000000000e+07
6.189904269849818200e+07,-1.615533869999999976e-09,2.038500000000000156e+01,6.307000000000000000e+07,6.970000000000000000e+07
6.180486790343604982e+07,-1.617995530000000143e-09,2.039000000000000057e+01,6.307000000000000000e+07,6.970000000000000000e+07
6.169959315843567997e+07,-1.620756230000000055e-09,2.039499999999999957e+01,6.307000000000000000e+07,6.970000000000000000e+07
6.154929913905394822e+07,-1.624713869999999938e-09,2.040000000000000213e+01,6.307000000000000000e+07,6.970000000000000000e+07
6.142251359806923568e+07,-1.628067530000000106e-09,2.040500000000000114e+01,6.307000000000000000e+07,6.970000000000000000e+07
6.137305304039066285e+07,-1.629379590000000254e-09,2.041000000000000014e+01,6.307000000000000000e+07,6.970000000000000000e+07
6.138158230154883116e+07,-1.629153180000000211e-09,2.041499999999999915e+01,6.307000000000000000e+07,6.970000000000000000e+07
6.138227631948630512e+07,-1.629134760000000047e-09,2.042000000000000171e+01,6.307000000000000000e+07,6.970000000000000000e+07
6.142551230643247068e+07,-1.627988050000000081e-09,2.042500000000000071e+01,6.307000000000000000e+07,6.970000000000000000e+07
6.152687214751037955e+07,-1.625306090000000206e-09,2.042999999999999972e+01,6.307000000000000000e+07,6.970000000000000000e+07
6.160065166097378731e+07,-1.623359450000000100e-09,2.043499999999999872e+01,6.307000000000000000e+07,6.970000000000000000e+07
6.165114465522491187e+07,-1.622029900000000208e-09,2.044000000000000128e+01,6.307000000000000000e+07,6.970000000000000000e+07
6.172126244596141577e+07,-1.620187210000000151e-09,2.044500000000000028e+01,6.307000000000000000e+07,6.970000000000000000e+07
6.175145084261862189e+07,-1.619395149999999914e-09,2.044999999999999929e+01,6.307000000000000000e+07,6.970000000000000000e+07
6.175504350661341846e+07,-1.619300940000000033e-09,2.045500000000000185e+01,6.307000000000000000e+07,6.970000000000000000e+07
6.179518573976722360e+07,-1.618249040000000139e-09,2.046000000000000085e+01,6.307000000000000000e+07,6.970000000000000000e+07
6.185049940134283155e+07,-1.616801820000000084e-09,2.046499999999999986e+01,6.307000000000000000e+07,6.970000000000000000e+07
6.185552381796738505e+07,-1.616670490000000075e-09,2.046999999999999886e+01,6.307000000000000000e+07,6.970000000000000000e+07
6.186959254734232277e+07,-1.616302870000000059e-09,2.047500000000000142e+01,6.307000000000000000e+07,6.970000000000000000e+07
6.194126578042011708e+07,-1.614432620000000274e-09,2.048000000000000043e+01,6.307000000000000000e+07,6.970000000000000000e+07
6.198628555911455303e+07,-1.613260080000000222e-09,2.048499999999999943e+01,6.307000000000000000e+07,6.970000000000000000e+07
6.201594269885654747e+07,-1.612488590000000214e-09,2.049000000000000199e+01,6.307000000000000000e+07,6.970000000000000000e+07
6.210526321673129499e+07,-1.610169490000000244e-09,2.049500000000000099e+01,6.307000000000000000e+07,6.970000000000000000e+07
6.219053987358901650e+07,-1.607961600000000198e-09,2.050000000000000000e+01,6.307000000000000000e+07,6.970000000000000000e+07
6.225008148535665870e+07,-1.606423600000000239e-09,2.050499999999999901e+01,6.307000000000000000e+07,6.970000000000000000e+07
6.234594589532776922e+07,-1.603953530000000245e-09,2.051000000000000156e+01,6.307000000000000000e+07,6.970000000000000000e+07
6.245107426714226604e+07,-1.601253480000000021e-09,2.051500000000000057e+01,6.307000000000000000e+07,6.970000000000000000e+07
6.250549618641153723e+07,-1.599859310000000126e-09,2.051999999999999957e+01,6.307000000000000000e+07,6.970000000000000000e+07
6.255279221089629084e+07,-1.598649659999999991e-09,2.052500000000000213e+01,6.307000000000000000e+07,6.970000000000000000e+07
6.262399041281816363e+07,-1.596832129999999930e-09,2.053000000000000114e+01,6.307000000000000000e+07,6.970000000000000000e+07
6.267419469817552716e+07,-1.595553010000000108e-09,2.053500000000000014e+01,6.307000000000000000e+07,6.970000000000000000e+07
6.269815831307545304e+07,-1.594943180000000182e-09,2.053999999999999915e+01,6.307000000000000000e+07,6.970000000000000000e+07
6.274306230980264395e+07,-1.593801709999999984e-09,2.054500000000000171e+01,6.307000000000000000e+07,6.970000000000000000e+07
6.276926681617217511e+07,-1.593136340000000179e-09,2.055000000000000071e+01,6.307000000000000000e+07,6.970000000000000000e+07
6.275622937002705038e+07,-1.593467310000000093e-09,2.055499999999999972e+01,6.307000000000000000e+07,6.970000000000000000e+07
6.276347873007841408e+07,-1.593283260000000153e-09,2.055999999999999872e+01,6.307000000000000000e+07,6.970000000000000000e+07
6.279417067396562546e+07,-1.592504510000000064e-09,2.056500000000000128e+01,6.307000000000000000e+07,6.970000000000000000e+07
6.278835907087820768e+07,-1.592651910000000108e-09,2.057000000000000028e+01,6.307000000000000000e+07,6.970000000000000000e+07
6.271148900942900777e+07,-1.594604140000000094e-09,2.057499999999999929e+01,6.307000000000000000e+07,6.970000000000000000e+07
6.267084031901688129e+07,-1.595638410000000241e-09,2.058000000000000185e+01,6.307000000000000000e+07,6.970000000000000000e+07
6.262807833444883674e+07,-1.596727900000000288e-09,2.058500000000000085e+01,6.307000000000000000e+07,6.970000000000000000e+07
6.252772987580499053e+07,-1.599290430000000019e-09,2.058999999999999986e+01,6.307000000000000000e+07,6.970000000000000000e+07
6.245845770868187398e+07,-1.601064190000000106e-09,2.059499999999999886e+01,6.307000000000000000e+07,6.970000000000000000e+07
6.241523854567401111e+07,-1.602172840000000099e-09,2.060000000000000142e+01,6.307000000000000000e+07,6.970000000000000000e+07
6.235378038499717414e+07,-1.603752000000000192e-09,2.060500000000000043e+01,6.307000000000000000e+07,6.970000000000000000e+07
6.233286144448353350e+07,-1.604290219999999997e-09,2.060999999999999943e+01,6.307000000000000000e+07,6.970000000000000000e+07
6.226781615629027784e+07,-1.605966070000000058e-09,2.061500000000000199e+01,6.307000000000000000e+07,6.970000000000000000e+07
6.210729171279427409e+07,-1.610116900000000065e-09,2.062000000000000099e+01,6.307000000000000000e+07,6.970000000000000000e+07
6.197018512762405723e+07,-1.613679220000000201e-09,2.062500000000000000e+01,6.307000000000000000e+07,6.970000000000000000e+07
6.179156511274433881e+07,-1.618343860000000049e-09,2.062999999999999901e+01,6.307000000000000000e+07,6.970000000000000000e+07
6.154185902779900283e+07,-1.624910290000000182e-09,2.063500000000000156e+01,6.307000000000000000e+07,6.970000000000000000e+07
6.126175444597993791e+07,-1.632339800000000112e-09,2.064000000000000057e+01,6.307000000000000000e+07,6.970000000000000000e+07
6.109494121484468132e+07,-1.636796730000000088e-09,2.064499999999999957e+01,6.307000000000000000e+07,6.970000000000000000e+07
6.101306135890779644e+07,-1.638993320000000048e-09,2.065000000000000213e+01,6.307000000000000000e+07,6.970000000000000000e+07
6.097835638486959785e+07,-1.639926130000000278e-09,2.065500000000000114e+01,6.307000000000000000e+07,6.970000000000000000e+07
6.102050186958580464e+07,-1.638793470000000035e-09,2.066000000000000014e+01,6.307000000000000000e+07,6.970000000000000000e+07
6.110985133152590692e+07,-1.636397370000000128e-09,2.066499999999999915e+01,6.307000000000000000e+07,6.970000000000000000e+07
6.119075271148769557e+07,-1.634233860000000084e-09,2.067000000000000171e+01,6.307000000000000000e+07,6.970000000000000000e+07
6.130886681202916801e+07,-1.631085440000000159e-09,2.067500000000000071e+01,6.307000000000000000e+07,6.970000000000000000e+07
6.146189665721713006e+07,-1.627024310000000001e-09,2.067999999999999972e+01,6.307000000000000000e+07,6.970000000000000000e+07
6.160746037759310752e+07,-1.623180040000000150e-09,2.068499999999999872e+01,6.307000000000000000e+07,6.970000000000000000e+07
6.177114984870515764e+07,-1.618878720000000189e-09,2.069000000000000128e+01,6.307000000000000000e+07,6.970000000000000000e+07
6.198853338588969409e+07,-1.613201579999999979e-09,2.069500000000000028e+01,6.307000000000000000e+07,6.970000000000000000e+07
6.220100443674788624e+07,-1.607691080000000114e-09,2.069999999999999929e+01,6.307000000000000000e+07,6.970000000000000000e+07
6.237616537857597321e+07,-1.603176460000000195e-09,2.070500000000000185e+01,6.307000000000000000e+07,6.970000000000000000e+07
6.255863386156968027e+07,-1.598500380000000050e-09,2.071000000000000085e+01,6.307000000000000000e+07,6.970000000000000000e+07
6.275915333308182657e+07,-1.593393070000000250e-09,2.071499999999999986e+01,6.307000000000000000e+07,6.970000000000000000e+07
6.292511420593602210e+07,-1.589190600000000160e-09,2.071999999999999886e+01,6.307000000000000000e+07,6.970000000000000000e+07
6.310567645025521517e+07,-1.584643500000000102e-09,2.072500000000000142e+01,6.307000000000000000e+07,6.970000000000000000e+07
6.331193681104029715e+07,-1.579480980000000032e-09,2.073000000000000043e+01,6.307000000000000000e+07,6.970000000000000000e+07
6.343497282204712182e+07,-1.576417479999999963e-09,2.073499999999999943e+01,6.307000000000000000e+07,6.970000000000000000e+07
6.351250443714233488e+07,-1.574493100000000170e-09,2.074000000000000199e+01,6.307000000000000000e+07,6.970000000000000000e+07
6.360563407766490430e+07,-1.572187770000000123e-09,2.074500000000000099e+01,6.307000000000000000e+07,6.970000000000000000e+07
6.364405924457453936e+07,-1.571238560000000249e-09,2.075000000000000000e+01,6.307000000000000000e+07,6.970000000000000000e+07
6.364297533149906993e+07,-1.571265320000000135e-09,2.075499999999999901e+01,6.307000000000000000e+07,6.970000000000000000e+07
6.368443739709629118e+07,-1.570242340000000237e-09,2.076000000000000156e+01,6.307000000000000000e+07,6.970000000000000000e+07
6.374203100315500051e+07,-1.568823560000000108e-09,2.076500000000000057e+01,6.307000000000000000e+07,6.970000000000000000e+07
6.377884069609450549e+07,-1.567918120000000207e-09,2.076999999999999957e+01,6.307000000000000000e+07,6.970000000000000000e+07
6.385007634298227727e+07,-1.566168840000000189e-09,2.077500000000000213e+01,6.307000000000000000e+07,6.970000000000000000e+07
6.394314891361869127e+07,-1.563889200000000018e-09,2.078000000000000114e+01,6.307000000000000000e+07,6.970000000000000000e+07
6.395369997703870386e+07,-1.563631190000000035e-09,2.078500000000000014e+01,6.307000000000000000e+07,6.970000000000000000e+07
6.395774899934903532e+07,-1.563532200000000161e-09,2.078999999999999915e+01,6.307000000000000000e+07,6.970000000000000000e+07
6.400839052707055956e+07,-1.562295180000000110e-09,2.079500000000000171e+01,6.307000000000000000e+07,6.970000000000000000e+07
6.404430308215834945e+07,-1.561419130000000024e-09,2.080000000000000071e+01,6.307000000000000000e+07,6.970000000000000000e+07
6.405176448391661048e+07,-1.561237240000000193e-09,2.080499999999999972e+01,6.307000000000000000e+07,6.970000000000000000e+07
6.409498774632024765e+07,-1.560184400000000041e-09,2.080999999999999872e+01,6.307000000000000000e+07,6.970000000000000000e+07
6.415581466249964386e+07,-1.558705170000000081e-09,2.081500000000000128e+01,6.307000000000000000e+07,6.970000000000000000e+07
6.416846017512856424e+07,-1.558398000000000102e-09,2.082000000000000028e+01,6.307000000000000000e+07,6.970000000000000000e+07
6.417098847578886151e+07,-1.558336600000000175e-09,2.082499999999999929e+01,6.307000000000000000e+07,6.970000000000000000e+07
6.409115628758566082e+07,-1.560277670000000077e-09,2.083000000000000185e+01,6.307000000000000000e+07,6.970000000000000000e+07
6.396391084510539472e+07,-1.563381580000000041e-09,2.083500000000000085e+01,6.307000000000000000e+07,6.970000000000000000e+07
6.387212779576207697e+07,-1.565628130000000045e-09,2.083999999999999986e+01,6.307000000000000000e+07,6.970000000000000000e+07
6.384999439875924587e+07,-1.566170850000000044e-09,2.084499999999999886e+01,6.307000000000000000e+07,6.970000000000000000e+07
6.379713409621053189e+07,-1.567468530000000034e-09,2.085000000000000142e+01,6.307000000000000000e+07,6.970000000000000000e+07
6.371900713068576902e+07,-1.569390429999999946e-09,2.085500000000000043e+01,6.307000000000000000e+07,6.970000000000000000e+07
6.370601173947627097e+07,-1.569710570000000213e-09,2.085999999999999943e+01,6.307000000000000000e+07,6.970000000000000000e+07
6.371480600393027067e+07,-1.569493910000000177e-09,2.086500000000000199e+01,6.307000000000000000e+07,6.970000000000000000e+07
6.368991428999843448e+07,-1.570107310000000083e-09,2.087000000000000099e+01,6.307000000000000000e+07,6.970000000000000000e+07
6.368849052360798419e+07,-1.570142410000000105e-09,2.087500000000000000e+01,6.307000000000000000e+07,6.970000000000000000e+07
6.373403227472274005e+07,-1.569020450000000170e-09,2.087999999999999901e+01,6.307000000000000000e+07,6.970000000000000000e+07
6.372131173353338242e+07,-1.569333670000000010e-09,2.088500000000000156e+01,6.307000000000000000e+07,6.970000000000000000e+07
6.364182341053781658e+07,-1.571293760000000267e-09,2.089000000000000057e+01,6.307000000000000000e+07,6.970000000000000000e+07
6.359089504801611602e+07,-1.572552170000000064e-09,2.089499999999999957e+01,6.307000000000000000e+07,6.970000000000000000e+07
6.348625580969075114e+07,-1.575144080000000185e-09,2.090000000000000213e+01,6.307000000000000000e+07,6.970000000000000000e+07
6.335463943522075564e+07,-1.578416370000000181e-09,2.090500000000000114e+01,6.307000000000000000e+07,6.970000000000000000e+07
6.323625417417771369e+07,-1.581371340000000065e-09,2.091000000000000014e+01,6.307000000000000000e+07,6.970000000000000000e+07
6.313259810288058221e+07,-1.583967760000000011e-09,2.091499999999999915e+01,6.307000000000000000e+07,6.970000000000000000e+07
6.297364247640196234e+07,-1.587965950000000206e-09,2.092000000000000171e+01,6.307000000000000000e+07,6.970000000000000000e+07
6.281897196777502447e+07,-1.591875780000000110e-09,2.092500000000000071e+01,6.307000000000000000e+07,6.970000000000000000e+07
6.264724844200991839e+07,-1.596239300000000047e-09,2.092999999999999972e+01,6.307000000000000000e+07,6.970000000000000000e+07
6.241073821187381446e+07,-1.602288370000000034e-09,2.093499999999999872e+01,6.307000000000000000e+07,6.970000000000000000e+07
6.217203049331685156e+07,-1.608440310000000016e-09,2.094000000000000128e+01,6.307000000000000000e+07,6.970000000000000000e+07
6.200175275234926492e+07,-1.612857629999999939e-09,2.094500000000000028e+01,6.307000000000000000e+07,6.970000000000000000e+07
6.177293334667135030e+07,-1.618831980000000013e-09,2.094999999999999929e+01,6.307000000000000000e+07,6.970000000000000000e+07
6.156517589958788455e+07,-1.624294880000000214e-09,2.095500000000000185e+01,6.307000000000000000e+07,6.970000000000000000e+07
6.140925834841212630e+07,-1.628418949999999921e-09,2.096000000000000085e+01,6.307000000000000000e+07,6.970000000000000000e+07
6.133535959191671759e+07,-1.630380920000000075e-09,2.096499999999999986e+01,6.307000000000000000e+07,6.970000000000000000e+07
6.120443485131572932e+07,-1.633868530000000136e-09,2.096999999999999886e+01,6.307000000000000000e+07,6.970000000000000000e+07
6.109551342653331161e+07,-1.636781400000000247e-09,2.097500000000000142e+01,6.307000000000000000e+07,6.970000000000000000e+07
6.107638094323346019e+07,-1.637294130000000033e-09,2.098000000000000043e+01,6.307000000000000000e+07,6.970000000000000000e+07
6.104679105894535035e+07,-1.638087740000000144e-09,2.098499999999999943e+01,6.307000000000000000e+07,6.970000000000000000e+07
6.102422783283177018e+07,-1.638693409999999944e-09,2.099000000000000199e+01,6.307000000000000000e+07,6.970000000000000000e+07
6.097587857048906386e+07,-1.639992770000000180e-09,2.099500000000000099e+01,6.307000000000000000e+07,6.970000000000000000e+07
6.089970903763313591e+07,-1.642043970000000157e-09,2.100000000000000000e+01,6.307000000000000000e+07,6.970000000000000000e+07
6.083937074349890649e+07,-1.643672490000000103e-09,2.100499999999999901e+01,6.307000000000000000e+07,6.970000000000000000e+07
6.079015862772442400e+07,-1.645003110000000005e-09,2.101000000000000156e+01,6.307000000000000000e+07,6.970000000000000000e+07
6.075437639897583425e+07,-1.645971960000000101e-09,2.101500000000000057e+01,6.307000000000000000e+07,6.970000000000000000e+07
6.066634714510510117e+07,-1.648360330000000108e-09,2.101999999999999957e+01,6.307000000000000000e+07,6.970000000000000000e+07
6.052780292573483288e+07,-1.652133320000000067e-09,2.102500000000000213e+01,6.307000000000000000e+07,6.970000000000000000e+07
6.036850359289789945e+07,-1.656492940000000001e-09,2.103000000000000114e+01,6.307000000000000000e+07,6.970000000000000000e+07
6.015831430435614288e+07,-1.662280620000000045e-09,2.103500000000000014e+01,6.307000000000000000e+07,6.970000000000000000e+07
5.999361200018144399e+07,-1.666844130000000205e-09,2.103999999999999915e+01,6.307000000000000000e+07,6.970000000000000000e+07
5.990716151236132532e+07,-1.669249510000000092e-09,2.104500000000000171e+01,6.307000000000000000e+07,6.970000000000000000e+07
5.976614737713961303e+07,-1.673187990000000030e-09,2.105000000000000071e+01,6.307000000000000000e+07,6.970000000000000000e+07
5.959460649740924686e+07,-1.678004200000000094e-09,2.105499999999999972e+01,6.307000000000000000e+07,6.970000000000000000e+07
5.949192008405160904e+07,-1.680900530000000144e-09,2.105999999999999872e+01,6.307000000000000000e+07,6.970000000000000000e+07
5.946400430938017368e+07,-1.681689640000000268e-09,2.106500000000000128e+01,6.307000000000000000e+07,6.970000000000000000e+07
5.946134608761765063e+07,-1.681764819999999956e-09,2.107000000000000028e+01,6.307000000000000000e+07,6.970000000000000000e+07
5.950089388787896186e+07,-1.680647020000000148e-09,2.107499999999999929e+01,6.307000000000000000e+07,6.970000000000000000e+07
5.951529316876322776e+07,-1.680240400000000107e-09,2.108000000000000185e+01,6.307000000000000000e+07,6.970000000000000000e+07
5.943271579750173539e+07,-1.682574969999999921e-09,2.108500000000000085e+01,6.307000000000000000e+07,6.970000000000000000e+07
5.931944415213140845e+07,-1.685787880000000096e-09,2.108999999999999986e+01,6.307000000000000000e+07,6.970000000000000000e+07
5.927408849462557584e+07,-1.687077820000000142e-09,2.109499999999999886e+01,6.307000000000000000e+07,6.970000000000000000e+07
5.928328945520186424e+07,-1.686815980000000055e-09,2.110000000000000142e+01,6.307000000000000000e+07,6.970000000000000000e+07
5.927781681650133431e+07,-1.686971709999999984e-09,2.110500000000000043e+01,6.307000000000000000e+07,6.970000000000000000e+07
5.923198692195637524e+07,-1.688276980000000077e-09,2.110999999999999943e+01,6.307000000000000000e+07,6.970000000000000000e+07
5.915266108124368638e+07,-1.690541020000000031e-09,2.111500000000000199e+01,6.307000000000000000e+07,6.970000000000000000e+07
5.909086831820994616e+07,-1.692308860000000217e-09,2.112000000000000099e+01,6.307000000000000000e+07,6.970000000000000000e+07
5.905421567347190529e+07,-1.693359210000000030e-09,2.112500000000000000e+01,6.307000000000000000e+07,6.970000000000000000e+07
5.902717281074310094e+07,-1.694135010000000213e-09,2.112999999999999901e+01,6.307000000000000000e+07,6.970000000000000000e+07
5.904111676508525759e+07,-1.693734900000000013e-09,2.113500000000000156e+01,6.307000000000000000e+07,6.970000000000000000e+07
5.909637703691841662e+07,-1.692151109999999975e-09,2.114000000000000057e+01,6.307000000000000000e+07,6.970000000000000000e+07
5.921157946384921670e+07,-1.688858849999999941e-09,2.114499999999999957e+01,6.307000000000000000e+07,6.970000000000000000e+07
5.930519820796533674e+07,-1.686192830000000143e-09,2.115000000000000213e+01,6.307000000000000000e+07,6.970000000000000000e+07
5.933812851079229265e+07,-1.685257060000000169e-09,2.115500000000000114e+01,6.307000000000000000e+07,6.970000000000000000e+07
5.943660646980655938e+07,-1.682464830000000215e-09,2.116000000000000014e+01,6.307000000000000000e+07,6.970000000000000000e+07
5.956325670873766392e+07,-1.678887380000000095e-09,2.116499999999999915e+01,6.307000000000000000e+07,6.970000000000000000e+07
5.966820551565373689e+07,-1.675934430000000111e-09,2.117000000000000171e+01,6.307000000000000000e+07,6.970000000000000000e+07
5.980035376812882721e+07,-1.672230910000000046e-09,2.117500000000000071e+01,6.307000000000000000e+07,6.970000000000000000e+07
5.990067282412438095e+07,-1.669430330000000119e-09,2.117999999999999972e+01,6.307000000000000000e+07,6.970000000000000000e+07
5.991556566672001034e+07,-1.669015370000000149e-09,2.118499999999999872e+01,6.307000000000000000e+07,6.970000000000000000e+07
5.987316516589788347e+07,-1.670197320000000140e-09,2.119000000000000128e+01,6.307000000000000000e+07,6.970000000000000000e+07
5.987231665673175454e+07,-1.670220990000000117e-09,2.119500000000000028e+01,6.307000000000000000e+07,6.970000000000000000e+07
5.990958696755123138e+07,-1.669181929999999932e-09,2.119999999999999929e+01,6.307000000000000000e+07,6.970000000000000000e+07
5.996316606620152295e+07,-1.667690460000000040e-09,2.120500000000000185e+01,6.307000000000000000e+07,6.970000000000000000e+07
6.008501428671427071e+07,-1.664308500000000157e-09,2.121000000000000085e+01,6.307000000000000000e+07,6.970000000000000000e+07
6.023819507573235780e+07,-1.660076300000000185e-09,2.121499999999999986e+01,6.307000000000000000e+07,6.970000000000000000e+07
6.036892014568879455e+07,-1.656481510000000163e-09,2.121999999999999886e+01,6.307000000000000000e+07,6.970000000000000000e+07
6.052400692602840811e+07,-1.652236940000000300e-09,2.122500000000000142e+01,6.307000000000000000e+07,6.970000000000000000e+07
6.069768247022280842e+07,-1.647509360000000076e-09,2.123000000000000043e+01,6.307000000000000000e+07,6.970000000000000000e+07
6.081799547073791176e+07,-1.644250180000000164e-09,2.123499999999999943e+01,6.307000000000000000e+07,6.970000000000000000e+07
6.095305080899418145e+07,-1.640606970000000134e-09,2.124000000000000199e+01,6.307000000000000000e+07,6.970000000000000000e+07
6.116231967100445926e+07,-1.634993579999999980e-09,2.124500000000000099e+01,6.307000000000000000e+07,6.970000000000000000e+07
6.135089354600930959e+07,-1.629968110000000170e-09,2.125000000000000000e+01,6.307000000000000000e+07,6.970000000000000000e+07
6.150816545499681681e+07,-1.625800400000000035e-09,2.125499999999999901e+01,6.307000000000000000e+07,6.970000000000000000e+07
6.168827787993082404e+07,-1.621053520000000069e-09,2.126000000000000156e+01,6.307000000000000000e+07,6.970000000000000000e+07
6.184083888483181596e+07,-1.617054390000000236e-09,2.126500000000000057e+01,6.307000000000000000e+07,6.970000000000000000e+07
6.195466919350849837e+07,-1.614083350000000110e-09,2.126999999999999957e+01,6.307000000000000000e+07,6.970000000000000000e+07
6.207448445262908936e+07,-1.610967870000000097e-09,2.127500000000000213e+01,6.307000000000000000e+07,6.970000000000000000e+07
6.215989717310898006e+07,-1.608754270000000050e-09,2.128000000000000114e+01,6.307000000000000000e+07,6.970000000000000000e+07
6.219123954174236208e+07,-1.607943510000000056e-09,2.128500000000000014e+01,6.307000000000000000e+07,6.970000000000000000e+07
6.223598251497497410e+07,-1.606787520000000110e-09,2.128999999999999915e+01,6.307000000000000000e+07,6.970000000000000000e+07
6.233042151782778651e+07,-1.604353020000000163e-09,2.129500000000000171e+01,6.307000000000000000e+07,6.970000000000000000e+07
6.240869023537094146e+07,-1.602340950000000169e-09,2.130000000000000071e+01,6.307000000000000000e+07,6.970000000000000000e+07
6.248055058560957760e+07,-1.600498060000000255e-09,2.130499999999999972e+01,6.307000000000000000e+07,6.970000000000000000e+07
6.258943404230304807e+07,-1.597713760000000058e-09,2.130999999999999872e+01,6.307000000000000000e+07,6.970000000000000000e+07
6.269609143036217242e+07,-1.594995760000000109e-09,2.131500000000000128e+01,6.307000000000000000e+07,6.970000000000000000e+07
6.275813637429640442e+07,-1.593418890000000085e-09,2.132000000000000028e+01,6.307000000000000000e+07,6.970000000000000000e+07
6.284321902625211328e+07,-1.591261580000000156e-09,2.132499999999999929e+01,6.307000000000000000e+07,6.970000000000000000e+07
6.294709630804390460e+07,-1.588635629999999978e-09,2.133000000000000185e+01,6.307000000000000000e+07,6.970000000000000000e+07
6.299823095927607268e+07,-1.587346160000000165e-09,2.133500000000000085e+01,6.307000000000000000e+07,6.970000000000000000e+07
6.304301788237897307e+07,-1.586218480000000186e-09,2.133999999999999986e+01,6.307000000000000000e+07,6.970000000000000000e+07
6.311639510911306739e+07,-1.584374390000000096e-09,2.134499999999999886e+01,6.307000000000000000e+07,6.970000000000000000e+07
6.316741107355036587e+07,-1.583094800000000041e-09,2.135000000000000142e+01,6.307000000000000000e+07,6.970000000000000000e+07
6.319179094654118270e+07,-1.582484030000000063e-09,2.135500000000000043e+01,6.307000000000000000e+07,6.970000000000000000e+07
6.323054077104320377e+07,-1.581514230000000078e-09,2.135999999999999943e+01,6.307000000000000000e+07,6.970000000000000000e+07
6.328278070664197952e+07,-1.580208690000000229e-09,2.136500000000000199e+01,6.307000000000000000e+07,6.970000000000000000e+07
6.330542823726091534e+07,-1.579643370000000264e-09,2.137000000000000099e+01,6.307000000000000000e+07,6.970000000000000000e+07
6.335767321834216267e+07,-1.578340789999999953e-09,2.137500000000000000e+01,6.307000000000000000e+07,6.970000000000000000e+07
6.343793582853131741e+07,-1.576343850000000149e-09,2.137999999999999901e+01,6.307000000000000000e+07,6.970000000000000000e+07
6.348349382500182092e+07,-1.575212610000000028e-09,2.138500000000000156e+01,6.307000000000000000e+07,6.970000000000000000e+07
6.355315320399567485e+07,-1.573486050000000097e-09,2.139000000000000057e+01,6.307000000000000000e+07,6.970000000000000000e+07
6.368138846212453395e+07,-1.570317519999999924e-09,2.139499999999999957e+01,6.307000000000000000e+07,6.970000000000000000e+07
6.376602012853495032e+07,-1.568233360000000152e-09,2.140000000000000213e+01,6.307000000000000000e+07,6.970000000000000000e+07
6.377739912143826485e+07,-1.567953560000000089e-09,2.140500000000000114e+01,6.307000000000000000e+07,6.970000000000000000e+07
6.376897591749957949e+07,-1.568160669999999977e-09,2.141000000000000014e+01,6.307000000000000000e+07,6.970000000000000000e+07
6.375198580263676494e+07,-1.568578590000000104e-09,2.141499999999999915e+01,6.307000000000000000e+07,6.970000000000000000e+07
6.371400871308183670e+07,-1.569513549999999985e-09,2.142000000000000171e+01,6.307000000000000000e+07,6.970000000000000000e+07
6.371249659456706047e+07,-1.569550800000000072e-09,2.142500000000000071e+01,6.307000000000000000e+07,6.970000000000000000e+07
6.374418692855328321e+07,-1.568770500000000109e-09,2.142999999999999972e+01,6.307000000000000000e+07,6.970000000000000000e+07
6.374333689305873960e+07,-1.568791420000000037e-09,2.143499999999999872e+01,6.307000000000000000e+07,6.970000000000000000e+07
6.370157980809745938e+07,-1.569819780000000119e-09,2.144000000000000128e+01,6.307000000000000000e+07,6.970000000000000000e+07
6.364506177551991493e+07,-1.571213810000000010e-09,2.144500000000000028e+01,6.307000000000000000e+07,6.970000000000000000e+07
6.352603479543267190e+07,-1.574157749999999976e-09,2.144999999999999929e+01,6.307000000000000000e+07,6.970000000000000000e+07
6.336579617988652736e+07,-1.578138460000000059e-09,2.145500000000000185e+01,6.307000000000000000e+07,6.970000000000000000e+07
6.330795070688486844e+07,-1.579580430000000094e-09,2.146000000000000085e+01,6.307000000000000000e+07,6.970000000000000000e+07
6.330088477229168266e+07,-1.579756750000000134e-09,2.146499999999999986e+01,6.307000000000000000e+07,6.970000000000000000e+07
6.323297091039891541e+07,-1.581453450000000018e-09,2.146999999999999886e+01,6.307000000000000000e+07,6.970000000000000000e+07
6.319347732093527913e+07,-1.582441800000000126e-09,2.147500000000000142e+01,6.307000000000000000e+07,6.970000000000000000e+07
6.314886524678169191e+07,-1.583559730000000099e-09,2.148000000000000043e+01,6.307000000000000000e+07,6.970000000000000000e+07
6.306619449847728759e+07,-1.585635549999999943e-09,2.148499999999999943e+01,6.307000000000000000e+07,6.970000000000000000e+07
6.296805096805318445e+07,-1.588106960000000116e-09,2.149000000000000199e+01,6.307000000000000000e+07,6.970000000000000000e+07
6.289270361368142068e+07,-1.590009560000000080e-09,2.149500000000000099e+01,6.307000000000000000e+07,6.970000000000000000e+07
6.280512574989869446e+07,-1.592226730000000107e-09,2.150000000000000000e+01,6.307000000000000000e+07,6.970000000000000000e+07
6.263235665334098786e+07,-1.596618829999999972e-09,2.150499999999999901e+01,6.307000000000000000e+07,6.970000000000000000e+07
6.249234976465724409e+07,-1.600195870000000127e-09,2.151000000000000156e+01,6.307000000000000000e+07,6.970000000000000000e+07
6.241250391076749563e+07,-1.602243040000000143e-09,2.151500000000000057e+01,6.307000000000000000e+07,6.970000000000000000e+07
6.234818334258923680e+07,-1.603895970000000053e-09,2.151999999999999957e+01,6.307000000000000000e+07,6.970000000000000000e+07
6.230364461243501306e+07,-1.605042540000000015e-09,2.152500000000000213e+01,6.307000000000000000e+07,6.970000000000000000e+07
6.227095264681376517e+07,-1.605885180000000163e-09,2.153000000000000114e+01,6.307000000000000000e+07,6.970000000000000000e+07
6.223931374633914232e+07,-1.606701520000000199e-09,2.153500000000000014e+01,6.307000000000000000e+07,6.970000000000000000e+07
6.223422717698500305e+07,-1.606832840000000164e-09,2.153999999999999915e+01,6.307000000000000000e+07,6.970000000000000000e+07
6.228218790026621521e+07,-1.605595490000000090e-09,2.154500000000000171e+01,6.307000000000000000e+07,6.970000000000000000e+07
6.231907759090349823e+07,-1.604645060000000158e-09,2.155000000000000071e+01,6.307000000000000000e+07,6.970000000000000000e+07
6.235542232806875557e+07,-1.603709770000000048e-09,2.155499999999999972e+01,6.307000000000000000e+07,6.970000000000000000e+07
6.244910203031085432e+07,-1.601304050000000094e-09,2.155999999999999872e+01,6.307000000000000000e+07,6.970000000000000000e+07
6.252700424075025320e+07,-1.599308989999999980e-09,2.156500000000000128e+01,6.307000000000000000e+07,6.970000000000000000e+07
6.251804348882642388e+07,-1.599538219999999970e-09,2.157000000000000028e+01,6.307000000000000000e+07,6.970000000000000000e+07
6.252978567259398103e+07,-1.599237850000000091e-09,2.157499999999999929e+01,6.307000000000000000e+07,6.970000000000000000e+07
6.259197342815499753e+07,-1.597648940000000199e-09,2.158000000000000185e+01,6.307000000000000000e+07,6.970000000000000000e+07
6.263458292833811790e+07,-1.596562080000000080e-09,2.158500000000000085e+01,6.307000000000000000e+07,6.970000000000000000e+07
6.269098495110429078e+07,-1.595125680000000041e-09,2.158999999999999986e+01,6.307000000000000000e+07,6.970000000000000000e+07
6.279067609194900841e+07,-1.592593140000000110e-09,2.159499999999999886e+01,6.307000000000000000e+07,6.970000000000000000e+07
6.286851124429413676e+07,-1.590621410000000112e-09,2.160000000000000142e+01,6.307000000000000000e+07,6.970000000000000000e+07
6.292136036157281697e+07,-1.589285410000000025e-09,2.160500000000000043e+01,6.307000000000000000e+07,6.970000000000000000e+07
6.301224743218318373e+07,-1.586993069999999941e-09,2.160999999999999943e+01,6.307000000000000000e+07,6.970000000000000000e+07
6.309810735397146642e+07,-1.584833590000000065e-09,2.161500000000000199e+01,6.307000000000000000e+07,6.970000000000000000e+07
6.315314562029145658e+07,-1.583452400000000090e-09,2.162000000000000099e+01,6.307000000000000000e+07,6.970000000000000000e+07
6.324435722935148329e+07,-1.581168729999999957e-09,2.162500000000000000e+01,6.307000000000000000e+07,6.970000000000000000e+07
6.335750020702063292e+07,-1.578345100000000127e-09,2.162999999999999901e+01,6.307000000000000000e+07,6.970000000000000000e+07
6.342586340153197199e+07,-1.576643890000000006e-09,2.163500000000000156e+01,6.307000000000000000e+07,6.970000000000000000e+07
6.350086451029457897e+07,-1.574781709999999981e-09,2.164000000000000057e+01,6.307000000000000000e+07,6.970000000000000000e+07
6.360819954472304136e+07,-1.572124360000000134e-09,2.164499999999999957e+01,6.307000000000000000e+07,6.970000000000000000e+07
6.367074705530593544e+07,-1.570579970000000248e-09,2.165000000000000213e+01,6.307000000000000000e+07,6.970000000000000000e+07
6.364476769650243968e+07,-1.571221070000000091e-09,2.165500000000000114e+01,6.307000000000000000e+07,6.970000000000000000e+07
6.359419091740515083e+07,-1.572470670000000140e-09,2.166000000000000014e+01,6.307000000000000000e+07,6.970000000000000000e+07
6.349919999580397457e+07,-1.574822990000000029e-09,2.166499999999999915e+01,6.307000000000000000e+07,6.970000000000000000e+07
6.340453504107107967e+07,-1.577174250000000159e-09,2.167000000000000171e+01,6.307000000000000000e+07,6.970000000000000000e+07
6.333919645273137838e+07,-1.578801209999999980e-09,2.167500000000000071e+01,6.307000000000000000e+07,6.970000000000000000e+07
6.326165890706539154e+07,-1.580736290000000082e-09,2.167999999999999972e+01,6.307000000000000000e+07,6.970000000000000000e+07
6.318350294407639652e+07,-1.582691609999999977e-09,2.168499999999999872e+01,6.307000000000000000e+07,6.970000000000000000e+07
6.314219160611699522e+07,-1.583727099999999975e-09,2.169000000000000128e+01,6.307000000000000000e+07,6.970000000000000000e+07
6.308062959767111391e+07,-1.585272700000000082e-09,2.169500000000000028e+01,6.307000000000000000e+07,6.970000000000000000e+07
6.292984862401116639e+07,-1.589071040000000263e-09,2.169999999999999929e+01,6.307000000000000000e+07,6.970000000000000000e+07
6.271102652369137853e+07,-1.594615900000000162e-09,2.170500000000000185e+01,6.307000000000000000e+07,6.970000000000000000e+07
6.253895512427844107e+07,-1.599003370000000081e-09,2.171000000000000085e+01,6.307000000000000000e+07,6.970000000000000000e+07
6.243535833219274133e+07,-1.601656540000000126e-09,2.171499999999999986e+01,6.307000000000000000e+07,6.970000000000000000e+07
6.235980735808311403e+07,-1.603596999999999999e-09,2.171999999999999886e+01,6.307000000000000000e+07,6.970000000000000000e+07
6.235586169761700928e+07,-1.603698470000000168e-09,2.172500000000000142e+01,6.307000000000000000e+07,6.970000000000000000e+07
6.240847290379816294e+07,-1.602346530000000004e-09,2.173000000000000043e+01,6.307000000000000000e+07,6.970000000000000000e+07
6.243801115229044110e+07,-1.601588489999999941e-09,2.173499999999999943e+01,6.307000000000000000e+07,6.970000000000000000e+07
6.247027508135941625e+07,-1.600761320000000050e-09,2.174000000000000199e+01,6.307000000000000000e+07,6.970000000000000000e+07
6.249947266069942713e+07,-1.600013500000000019e-09,2.174500000000000099e+01,6.307000000000000000e+07,6.970000000000000000e+07
6.253897898212507367e+07,-1.599002760000000259e-09,2.175000000000000000e+01,6.307000000000000000e+07,6.970000000000000000e+07
6.257294010303547978e+07,-1.598134910000000099e-09,2.175499999999999901e+01,6.307000000000000000e+07,6.970000000000000000e+07
6.265270657436903566e+07,-1.596100240000000138e-09,2.176000000000000156e+01,6.307000000000000000e+07,6.970000000000000000e+07
6.269965450985573977e+07,-1.594905120000000002e-09,2.176500000000000057e+01,6.307000000000000000e+07,6.970000000000000000e+07
6.268630487345211208e+07,-1.595244770000000119e-09,2.176999999999999957e+01,6.307000000000000000e+07,6.970000000000000000e+07
6.261101833584333956e+07,-1.597162970000000093e-09,2.177500000000000213e+01,6.307000000000000000e+07,6.970000000000000000e+07
6.248820066550933570e+07,-1.600302120000000082e-09,2.178000000000000114e+01,6.307000000000000000e+07,6.970000000000000000e+07
6.232437652890654653e+07,-1.604508630000000178e-09,2.178500000000000014e+01,6.307000000000000000e+07,6.970000000000000000e+07
6.221301099146504700e+07,-1.607380810000000181e-09,2.178999999999999915e+01,6.307000000000000000e+07,6.970000000000000000e+07
6.219827538861140609e+07,-1.607761620000000019e-09,2.179500000000000171e+01,6.307000000000000000e+07,6.970000000000000000e+07
6.217551647165285051e+07,-1.608350130000000097e-09,2.180000000000000071e+01,6.307000000000000000e+07,6.970000000000000000e+07
6.205923706843905896e+07,-1.611363670000000122e-09,2.180499999999999972e+01,6.307000000000000000e+07,6.970000000000000000e+07
6.192009432263199985e+07,-1.614984620000000046e-09,2.180999999999999872e+01,6.307000000000000000e+07,6.970000000000000000e+07
6.180216051824473590e+07,-1.618066410000000114e-09,2.181500000000000128e+01,6.307000000000000000e+07,6.970000000000000000e+07
6.171147811708825827e+07,-1.620444090000000063e-09,2.182000000000000028e+01,6.307000000000000000e+07,6.970000000000000000e+07
6.168964444501006603e+07,-1.621017610000000161e-09,2.182499999999999929e+01,6.307000000000000000e+07,6.970000000000000000e+07
6.164482484698722512e+07,-1.622196190000000029e-09,2.183000000000000185e+01,6.307000000000000000e+07,6.970000000000000000e+07
6.156433750308591127e+07,-1.624317000000000110e-09,2.183500000000000085e+01,6.307000000000000000e+07,6.970000000000000000e+07
6.154328766839851439e+07,-1.624872570000000069e-09,2.183999999999999986e+01,6.307000000000000000e+07,6.970000000000000000e+07
6.159838596459585428e+07,-1.623419160000000150e-09,2.184499999999999886e+01,6.307000000000000000e+07,6.970000000000000000e+07
6.162833195425560325e+07,-1.622630320000000195e-09,2.185000000000000142e+01,6.307000000000000000e+07,6.970000000000000000e+07
6.161179929539883882e+07,-1.623065730000000066e-09,2.185500000000000043e+01,6.307000000000000000e+07,6.970000000000000000e+07
6.159830438593910635e+07,-1.623421310000000008e-09,2.185999999999999943e+01,6.307000000000000000e+07,6.970000000000000000e+07
6.153013319827879220e+07,-1.625219950000000086e-09,2.186500000000000199e+01,6.307000000000000000e+07,6.970000000000000000e+07
6.145545318511015177e+07,-1.627194900000000158e-09,2.187000000000000099e+01,6.307000000000000000e+07,6.970000000000000000e+07
6.147629028236225992e+07,-1.626643370000000205e-09,2.187500000000000000e+01,6.307000000000000000e+07,6.970000000000000000e+07
6.153358277735075355e+07,-1.625128839999999952e-09,2.187999999999999901e+01,6.307000000000000000e+07,6.970000000000000000e+07
6.155826473752257973e+07,-1.624477240000000070e-09,2.188500000000000156e+01,6.307000000000000000e+07,6.970000000000000000e+07
6.160702655737834424e+07,-1.623191470000000196e-09,2.189000000000000057e+01,6.307000000000000000e+07,6.970000000000000000e+07
6.172261218637181818e+07,-1.620151780000000106e-09,2.189499999999999957e+01,6.307000000000000000e+07,6.970000000000000000e+07
6.180760876139666140e+07,-1.617923780000000018e-09,2.190000000000000213e+01,6.307000000000000000e+07,6.970000000000000000e+07
6.181142612150621414e+07,-1.617823859999999931e-09,2.190500000000000114e+01,6.307000000000000000e+07,6.970000000000000000e+07
6.174144956711124629e+07,-1.619657470000000071e-09,2.191000000000000014e+01,6.307000000000000000e+07,6.970000000000000000e+07
6.158170629692714661e+07,-1.623858870000000151e-09,2.191499999999999915e+01,6.307000000000000000e+07,6.970000000000000000e+07
6.133818801374029368e+07,-1.630305740000000181e-09,2.192000000000000171e+01,6.307000000000000000e+07,6.970000000000000000e+07
6.114287840310943872e+07,-1.635513449999999932e-09,2.192500000000000071e+01,6.307000000000000000e+07,6.970000000000000000e+07
6.111178021720250696e+07,-1.636345720000000207e-09,2.192999999999999972e+01,6.307000000000000000e+07,6.970000000000000000e+07
6.116494060835334659e+07,-1.634923520000000146e-09,2.193499999999999872e+01,6.307000000000000000e+07,6.970000000000000000e+07
6.130140917779073864e+07,-1.631283870000000257e-09,2.194000000000000128e+01,6.307000000000000000e+07,6.970000000000000000e+07
6.148822924986088276e+07,-1.626327530000000068e-09,2.194500000000000028e+01,6.307000000000000000e+07,6.970000000000000000e+07
6.160983909623245895e+07,-1.623117369999999942e-09,2.194999999999999929e+01,6.307000000000000000e+07,6.970000000000000000e+07
6.166210373265255243e+07,-1.621741620000000212e-09,2.195500000000000185e+01,6.307000000000000000e+07,6.970000000000000000e+07
6.173111618457206339e+07,-1.619928590000000139e-09,2.196000000000000085e+01,6.307000000000000000e+07,6.970000000000000000e+07
6.171597795934809744e+07,-1.620325940000000244e-09,2.196499999999999986e+01,6.307000000000000000e+07,6.970000000000000000e+07
6.156665944736018777e+07,-1.624255739999999979e-09,2.196999999999999886e+01,6.307000000000000000e+07,6.970000000000000000e+07
6.139595076882188767e+07,-1.628771910000000186e-09,2.197500000000000142e+01,6.307000000000000000e+07,6.970000000000000000e+07
6.127311050929614902e+07,-1.632037270000000124e-09,2.198000000000000043e+01,6.307000000000000000e+07,6.970000000000000000e+07
6.117824665751272440e+07,-1.634567930000000159e-09,2.198499999999999943e+01,6.307000000000000000e+07,6.970000000000000000e+07
6.108119978331322223e+07,-1.637164960000000134e-09,2.199000000000000199e+01,6.307000000000000000e+07,6.970000000000000000e+07
6.096513230332945287e+07,-1.640281850000000224e-09,2.199500000000000099e+01,6.307000000000000000e+07,6.970000000000000000e+07
6.078416299268443882e+07,-1.645165370000000071e-09,2.200000000000000000e+01,6.307000000000000000e+07,6.970000000000000000e+07
6.056402183381438255e+07,-1.651145300000000188e-09,2.200499999999999901e+01,6.307000000000000000e+07,6.970000000000000000e+07
6.041382710351688415e+07,-1.655250209999999950e-09,2.201000000000000156e+01,6.307000000000000000e+07,6.970000000000000000e+07
6.032057356758377701e+07,-1.657809170000000114e-09,2.201500000000000057e+01,6.307000000000000000e+07,6.970000000000000000e+07
6.017872889911103249e+07,-1.661716720000000202e-09,2.201999999999999957e+01,6.307000000000000000e+07,6.970000000000000000e+07
6.013713491835375875e+07,-1.662866050000000258e-09,2.202500000000000213e+01,6.307000000000000000e+07,6.970000000000000000e+07
6.012038156506374478e+07,-1.663329430000000236e-09,2.203000000000000114e+01,6.307000000000000000e+07,6.970000000000000000e+07
6.001801068479038030e+07,-1.666166520000000055e-09,2.203500000000000014e+01,6.307000000000000000e+07,6.970000000000000000e+07
5.994490248211219907e+07,-1.668198560000000088e-09,2.203999999999999915e+01,6.307000000000000000e+07,6.970000000000000000e+07
5.988164907043410838e+07,-1.669960690000000066e-09,2.204500000000000171e+01,6.307000000000000000e+07,6.970000000000000000e+07
5.985958975469600409e+07,-1.670576100000000033e-09,2.205000000000000071e+01,6.307000000000000000e+07,6.970000000000000000e+07
5.990204314727395028e+07,-1.669392140000000188e-09,2.205499999999999972e+01,6.307000000000000000e+07,6.970000000000000000e+07
6.003682058206298202e+07,-1.665644500000000038e-09,2.205999999999999872e+01,6.307000000000000000e+07,6.970000000000000000e+07
6.019674282046240568e+07,-1.661219450000000009e-09,2.206500000000000128e+01,6.307000000000000000e+07,6.970000000000000000e+07
6.031920585953312367e+07,-1.657846760000000061e-09,2.207000000000000028e+01,6.307000000000000000e+07,6.970000000000000000e+07
6.043054795381227881e+07,-1.654792210000000157e-09,2.207499999999999929e+01,6.307000000000000000e+07,6.970000000000000000e+07
6.056547439694502950e+07,-1.651105700000000179e-09,2.208000000000000185e+01,6.307000000000000000e+07,6.970000000000000000e+07
6.068566217302891612e+07,-1.647835690000000000e-09,2.208500000000000085e+01,6.307000000000000000e+07,6.970000000000000000e+07
6.081737111488446593e+07,-1.644267060000000086e-09,2.208999999999999986e+01,6.307000000000000000e+07,6.970000000000000000e+07
6.097364112542828918e+07,-1.640052950000000255e-09,2.209499999999999886e+01,6.307000000000000000e+07,6.970000000000000000e+07
6.110014974424699694e+07,-1.636657199999999947e-09,2.210000000000000142e+01,6.307000000000000000e+07,6.970000000000000000e+07
6.120264394932239503e+07,-1.633916340000000114e-09,2.210500000000000043e+01,6.307000000000000000e+07,6.970000000000000000e+07
6.134045756129159778e+07,-1.630245420000000102e-09,2.210999999999999943e+01,6.307000000000000000e+07,6.970000000000000000e+07
6.145335035001186281e+07,-1.627250580000000041e-09,2.211500000000000199e+01,6.307000000000000000e+07,6.970000000000000000e+07
6.153577251987283677e+07,-1.625071010000000212e-09,2.212000000000000099e+01,6.307000000000000000e+07,6.970000000000000000e+07
6.165870588032110035e+07,-1.621830990000000246e-09,2.212500000000000000e+01,6.307000000000000000e+07,6.970000000000000000e+07
6.178817626649170369e+07,-1.618432620000000260e-09,2.212999999999999901e+01,6.307000000000000000e+07,6.970000000000000000e+07
6.179335475375258178e+07,-1.618296990000000121e-09,2.213500000000000156e+01,6.307000000000000000e+07,6.970000000000000000e+07
6.171817575094849616e+07,-1.620268240000000049e-09,2.214000000000000057e+01,6.307000000000000000e+07,6.970000000000000000e+07
6.167198461106368154e+07,-1.621481790000000187e-09,2.214499999999999957e+01,6.307000000000000000e+07,6.970000000000000000e+07
6.163257960776767135e+07,-1.622518490000000198e-09,2.215000000000000213e+01,6.307000000000000000e+07,6.970000000000000000e+07
6.161731349893371761e+07,-1.622920480000000293e-09,2.215500000000000114e+01,6.307000000000000000e+07,6.970000000000000000e+07
6.160053440681216866e+07,-1.623362540000000217e-09,2.216000000000000014e+01,6.307000000000000000e+07,6.970000000000000000e+07
6.151333797705722600e+07,-1.625663690000000255e-09,2.216499999999999915e+01,6.307000000000000000e+07,6.970000000000000000e+07
6.142134671634048969e+07,-1.628098459999999956e-09,2.217000000000000171e+01,6.307000000000000000e+07,6.970000000000000000e+07
6.131545440086155385e+07,-1.630910200000000174e-09,2.217500000000000071e+01,6.307000000000000000e+07,6.970000000000000000e+07
6.115789271991917491e+07,-1.635111930000000276e-09,2.217999999999999972e+01,6.307000000000000000e+07,6.970000000000000000e+07
6.095944212259411067e+07,-1.640434960000000268e-09,2.218499999999999872e+01,6.307000000000000000e+07,6.970000000000000000e+07
6.084118042598073930e+07,-1.643623600000000069e-09,2.219000000000000128e+01,6.307000000000000000e+07,6.970000000000000000e+07
6.078747252862147242e+07,-1.645075800000000181e-09,2.219500000000000028e+01,6.307000000000000000e+07,6.970000000000000000e+07
6.071627610223826766e+07,-1.647004830000000009e-09,2.219999999999999929e+01,6.307000000000000000e+07,6.970000000000000000e+07
6.065951744917120039e+07,-1.648545920000000291e-09,2.220500000000000185e+01,6.307000000000000000e+07,6.970000000000000000e+07
6.059511565920004994e+07,-1.650298030000000094e-09,2.221000000000000085e+01,6.307000000000000000e+07,6.970000000000000000e+07
6.053212703296392411e+07,-1.652015300000000000e-09,2.221499999999999986e+01,6.307000000000000000e+07,6.970000000000000000e+07
6.050894045614083856e+07,-1.652648340000000128e-09,2.221999999999999886e+01,6.307000000000000000e+07,6.970000000000000000e+07
6.055686971027795225e+07,-1.651340309999999941e-09,2.222500000000000142e+01,6.307000000000000000e+07,6.970000000000000000e+07
6.053881482435752451e+07,-1.651832800000000140e-09,2.223000000000000043e+01,6.307000000000000000e+07,6.970000000000000000e+07
6.045276996768292040e+07,-1.654183920000000060e-09,2.223499999999999943e+01,6.307000000000000000e+07,6.970000000000000000e+07
6.037201549884871393e+07,-1.656396580000000055e-09,2.224000000000000199e+01,6.307000000000000000e+07,6.970000000000000000e+07
6.040197550942708552e+07,-1.655574990000000207e-09,2.224500000000000099e+01,6.307000000000000000e+07,6.970000000000000000e+07
6.043278516063290834e+07,-1.654730950000000233e-09,2.225000000000000000e+01,6.307000000000000000e+07,6.970000000000000000e+07
6.040097695922588557e+07,-1.655602360000000122e-09,2.225499999999999901e+01,6.307000000000000000e+07,6.970000000000000000e+07
6.036489662463160604e+07,-1.656591920000000244e-09,2.226000000000000156e+01,6.307000000000000000e+07,6.970000000000000000e+07
6.031953841172937304e+07,-1.657837620000000084e-09,2.226500000000000057e+01,6.307000000000000000e+07,6.970000000000000000e+07
6.034176950694329292e+07,-1.657226840000000269e-09,2.226999999999999957e+01,6.307000000000000000e+07,6.970000000000000000e+07
6.047039984509902447e+07,-1.653701650000000099e-09,2.227500000000000213e+01,6.307000000000000000e+07,6.970000000000000000e+07
6.060906167293253541e+07,-1.649918300000000105e-09,2.228000000000000114e+01,6.307000000000000000e+07,6.970000000000000000e+07
6.068380980652672052e+07,-1.647885990000000111e-09,2.228500000000000014e+01,6.307000000000000000e+07,6.970000000000000000e+07
6.071716602821858227e+07,-1.646980690000000006e-09,2.228999999999999915e+01,6.307000000000000000e+07,6.970000000000000000e+07
6.077281125550387055e+07,-1.645472670000000009e-09,2.229500000000000171e+01,6.307000000000000000e+07,6.970000000000000000e+07
6.078731844264081120e+07,-1.645079970000000145e-09,2.230000000000000071e+01,6.307000000000000000e+07,6.970000000000000000e+07
6.087233538504350930e+07,-1.642782380000000249e-09,2.230499999999999972e+01,6.307000000000000000e+07,6.970000000000000000e+07
6.102262024321199954e+07,-1.638736580000000139e-09,2.230999999999999872e+01,6.307000000000000000e+07,6.970000000000000000e+07
6.117990774742890894e+07,-1.634523549999999950e-09,2.231500000000000128e+01,6.307000000000000000e+07,6.970000000000000000e+07
6.131812419837666303e+07,-1.630839190000000244e-09,2.232000000000000028e+01,6.307000000000000000e+07,6.970000000000000000e+07
6.143190949811775982e+07,-1.627818520000000096e-09,2.232499999999999929e+01,6.307000000000000000e+07,6.970000000000000000e+07
6.154798727310720086e+07,-1.624748499999999934e-09,2.233000000000000185e+01,6.307000000000000000e+07,6.970000000000000000e+07
6.164256843944754452e+07,-1.622255570000000263e-09,2.233500000000000085e+01,6.307000000000000000e+07,6.970000000000000000e+07
6.176567522196004540e+07,-1.619022210000000186e-09,2.233999999999999986e+01,6.307000000000000000e+07,6.970000000000000000e+07
6.187075355496666580e+07,-1.616272539999999986e-09,2.234499999999999886e+01,6.307000000000000000e+07,6.970000000000000000e+07
6.191558805171804130e+07,-1.615102160000000043e-09,2.235000000000000142e+01,6.307000000000000000e+07,6.970000000000000000e+07
6.191998083353681862e+07,-1.614987579999999997e-09,2.235500000000000043e+01,6.307000000000000000e+07,6.970000000000000000e+07
6.191127791935511678e+07,-1.615214600000000069e-09,2.235999999999999943e+01,6.307000000000000000e+07,6.970000000000000000e+07
6.184990263155378401e+07,-1.616817420000000094e-09,2.236500000000000199e+01,6.307000000000000000e+07,6.970000000000000000e+07
6.173691018222907931e+07,-1.619776560000000149e-09,2.237000000000000099e+01,6.307000000000000000e+07,6.970000000000000000e+07
6.162005559287471324e+07,-1.622848260000000143e-09,2.237500000000000000e+01,6.307000000000000000e+07,6.970000000000000000e+07
6.146127714284420013e+07,-1.627040710000000059e-09,2.237999999999999901e+01,6.307000000000000000e+07,6.970000000000000000e+07
6.127707690793395042e+07,-1.631931629999999991e-09,2.238500000000000156e+01,6.307000000000000000e+07,6.970000000000000000e+07
6.121216416451131552e+07,-1.633662220000000089e-09,2.239000000000000057e+01,6.307000000000000000e+07,6.970000000000000000e+07
6.122137437761203200e+07,-1.633416450000000038e-09,2.239499999999999957e+01,6.307000000000000000e+07,6.970000000000000000e+07
6.122850026268557459e+07,-1.633226350000000030e-09,2.240000000000000213e+01,6.307000000000000000e+07,6.970000000000000000e+07
6.124147318127492070e+07,-1.632880380000000091e-09,2.240500000000000114e+01,6.307000000000000000e+07,6.970000000000000000e+07
6.119702020203597099e+07,-1.634066490000000002e-09,2.241000000000000014e+01,6.307000000000000000e+07,6.970000000000000000e+07
6.107586168650425971e+07,-1.637308050000000004e-09,2.241499999999999915e+01,6.307000000000000000e+07,6.970000000000000000e+07
6.091924014310854673e+07,-1.641517520000000258e-09,2.242000000000000171e+01,6.307000000000000000e+07,6.970000000000000000e+07
6.084221579489110410e+07,-1.643595630000000169e-09,2.242500000000000071e+01,6.307000000000000000e+07,6.970000000000000000e+07
6.079714455753476918e+07,-1.644814090000000052e-09,2.242999999999999972e+01,6.307000000000000000e+07,6.970000000000000000e+07
6.078726116867449135e+07,-1.645081520000000019e-09,2.243499999999999872e+01,6.307000000000000000e+07,6.970000000000000000e+07
6.084979168073818088e+07,-1.643391000000000162e-09,2.244000000000000128e+01,6.307000000000000000e+07,6.970000000000000000e+07
6.096981130398226529e+07,-1.640155970000000091e-09,2.244500000000000028e+01,6.307000000000000000e+07,6.970000000000000000e+07
6.107374446382538229e+07,-1.637364810000000147e-09,2.244999999999999929e+01,6.307000000000000000e+07,6.970000000000000000e+07
6.118369363278615475e+07,-1.634422410000000011e-09,2.245500000000000185e+01,6.307000000000000000e+07,6.970000000000000000e+07
6.134079394420126826e+07,-1.630236480000000188e-09,2.246000000000000085e+01,6.307000000000000000e+07,6.970000000000000000e+07
6.148304847488931566e+07,-1.626464570000000077e-09,2.246499999999999986e+01,6.307000000000000000e+07,6.970000000000000000e+07
6.160733778385973722e+07,-1.623183270000000063e-09,2.246999999999999886e+01,6.307000000000000000e+07,6.970000000000000000e+07
6.177391862655130774e+07,-1.618806160000000179e-09,2.247500000000000142e+01,6.307000000000000000e+07,6.970000000000000000e+07
6.193980555905790627e+07,-1.614470680000000040e-09,2.248000000000000043e+01,6.307000000000000000e+07,6.970000000000000000e+07
6.206446648546738178e+07,-1.611227900000000187e-09,2.248499999999999943e+01,6.307000000000000000e+07,6.970000000000000000e+07
6.219131767039607465e+07,-1.607941490000000156e-09,2.249000000000000199e+01,6.307000000000000000e+07,6.970000000000000000e+07
6.228866274270099401e+07,-1.605428590000000240e-09,2.249500000000000099e+01,6.307000000000000000e+07,6.970000000000000000e+07
6.231927604694125056e+07,-1.604639949999999935e-09,2.250000000000000000e+01,6.307000000000000000e+07,6.970000000000000000e+07
6.232267640495879203e+07,-1.604552400000000151e-09,2.250499999999999901e+01,6.307000000000000000e+07,6.970000000000000000e+07
6.239582042844776064e+07,-1.602671450000000264e-09,2.251000000000000156e+01,6.307000000000000000e+07,6.970000000000000000e+07
6.247116174995718151e+07,-1.600738599999999963e-09,2.251500000000000057e+01,6.307000000000000000e+07,6.970000000000000000e+07
6.253006992900298536e+07,-1.599230579999999966e-09,2.251999999999999957e+01,6.307000000000000000e+07,6.970000000000000000e+07
6.263596035587172210e+07,-1.596526970000000013e-09,2.252500000000000213e+01,6.307000000000000000e+07,6.970000000000000000e+07
6.274430357330440730e+07,-1.593770179999999942e-09,2.253000000000000114e+01,6.307000000000000000e+07,6.970000000000000000e+07
6.280843889662807435e+07,-1.592142740000000051e-09,2.253500000000000014e+01,6.307000000000000000e+07,6.970000000000000000e+07
6.289759812501756102e+07,-1.589885830000000219e-09,2.253999999999999915e+01,6.307000000000000000e+07,6.970000000000000000e+07
6.299589819847731292e+07,-1.587404940000000208e-09,2.254500000000000171e+01,6.307000000000000000e+07,6.970000000000000000e+07
6.305176640185617656e+07,-1.585998390000000172e-09,2.255000000000000071e+01,6.307000000000000000e+07,6.970000000000000000e+07
6.311764640759793669e+07,-1.584342979999999968e-09,2.255499999999999972e+01,6.307000000000000000e+07,6.970000000000000000e+07
6.322988468942972273e+07,-1.581530640000000180e-09,2.255999999999999872e+01,6.307000000000000000e+07,6.970000000000000000e+07
6.331966274478605390e+07,-1.579288260000000141e-09,2.256500000000000128e+01,6.307000000000000000e+07,6.970000000000000000e+07
6.338657695927846432e+07,-1.577621080000000031e-09,2.257000000000000028e+01,6.307000000000000000e+07,6.970000000000000000e+07
6.349167931701340526e+07,-1.575009530000000101e-09,2.257499999999999929e+01,6.307000000000000000e+07,6.970000000000000000e+07
6.359624423476196826e+07,-1.572419900000000211e-09,2.258000000000000185e+01,6.307000000000000000e+07,6.970000000000000000e+07
6.366473397299370915e+07,-1.570728310000000137e-09,2.258500000000000085e+01,6.307000000000000000e+07,6.970000000000000000e+07
6.374837283075203747e+07,-1.568667490000000112e-09,2.258999999999999986e+01,6.307000000000000000e+07,6.970000000000000000e+07
6.384633199215387553e+07,-1.566260690000000103e-09,2.259499999999999886e+01,6.307000000000000000e+07,6.970000000000000000e+07
6.389974589946544170e+07,-1.564951450000000109e-09,2.260000000000000142e+01,6.307000000000000000e+07,6.970000000000000000e+07
6.395058676294094324e+07,-1.563707310000000187e-09,2.260500000000000043e+01,6.307000000000000000e+07,6.970000000000000000e+07
6.403878434688979387e+07,-1.561553690000000152e-09,2.260999999999999943e+01,6.307000000000000000e+07,6.970000000000000000e+07
6.410077585527870059e+07,-1.560043520000000090e-09,2.261500000000000199e+01,6.307000000000000000e+07,6.970000000000000000e+07
6.413464869393187016e+07,-1.559219580000000113e-09,2.262000000000000099e+01,6.307000000000000000e+07,6.970000000000000000e+07
6.421105650310349464e+07,-1.557364189999999936e-09,2.262500000000000000e+01,6.307000000000000000e+07,6.970000000000000000e+07
6.426128370628032833e+07,-1.556146940000000273e-09,2.262999999999999901e+01,6.307000000000000000e+07,6.970000000000000000e+07
6.427471816693028808e+07,-1.555821680000000153e-09,2.263500000000000156e+01,6.307000000000000000e+07,6.970000000000000000e+07
6.433193756402755529e+07,-1.554437870000000294e-09,2.264000000000000057e+01,6.307000000000000000e+07,6.970000000000000000e+07
6.439991917037344724e+07,-1.552796980000000251e-09,2.264499999999999957e+01,6.307000000000000000e+07,6.970000000000000000e+07
6.442040695736787468e+07,-1.552303140000000035e-09,2.265000000000000213e+01,6.307000000000000000e+07,6.970000000000000000e+07
6.443497422149986029e+07,-1.551952200000000083e-09,2.265500000000000114e+01,6.307000000000000000e+07,6.970000000000000000e+07
6.447908267930318415e+07,-1.550890550000000183e-09,2.266000000000000014e+01,6.307000000000000000e+07,6.970000000000000000e+07
6.450276822015176713e+07,-1.550321060000000047e-09,2.266499999999999915e+01,6.307000000000000000e+07,6.970000000000000000e+07
6.452356755889489502e+07,-1.549821310000000180e-09,2.267000000000000171e+01,6.307000000000000000e+07,6.970000000000000000e+07
6.459467073425337672e+07,-1.548115329999999903e-09,2.267500000000000071e+01,6.307000000000000000e+07,6.970000000000000000e+07
6.466896516120527685e+07,-1.546336790000000029e-09,2.267999999999999972e+01,6.307000000000000000e+07,6.970000000000000000e+07
6.469723705143997818e+07,-1.545661060000000189e-09,2.268499999999999872e+01,6.307000000000000000e+07,6.970000000000000000e+07
6.475406974147999287e+07,-1.544304480000000242e-09,2.269000000000000128e+01,6.307000000000000000e+07,6.970000000000000000e+07
6.480874259568216652e+07,-1.543001700000000073e-09,2.269500000000000028e+01,6.307000000000000000e+07,6.970000000000000000e+07
6.482262167924000323e+07,-1.542671329999999937e-09,2.269999999999999929e+01,6.307000000000000000e+07,6.970000000000000000e+07
6.484330870582307130e+07,-1.542179170000000173e-09,2.270500000000000185e+01,6.307000000000000000e+07,6.970000000000000000e+07
6.489944104188212752e+07,-1.540845320000000151e-09,2.271000000000000085e+01,6.307000000000000000e+07,6.970000000000000000e+07
6.492935789747726172e+07,-1.540135360000000236e-09,2.271499999999999986e+01,6.307000000000000000e+07,6.970000000000000000e+07
6.497443860103328526e+07,-1.539066780000000070e-09,2.271999999999999886e+01,6.307000000000000000e+07,6.970000000000000000e+07
6.506799843334478140e+07,-1.536853790000000259e-09,2.272500000000000142e+01,6.307000000000000000e+07,6.970000000000000000e+07
6.515095489278849959e+07,-1.534896920000000077e-09,2.273000000000000043e+01,6.307000000000000000e+07,6.970000000000000000e+07
6.517675897929127514e+07,-1.534289240000000216e-09,2.273499999999999943e+01,6.307000000000000000e+07,6.970000000000000000e+07
6.522022427239388227e+07,-1.533266730000000137e-09,2.274000000000000199e+01,6.307000000000000000e+07,6.970000000000000000e+07
6.528086829195095599e+07,-1.531842369999999966e-09,2.274500000000000099e+01,6.307000000000000000e+07,6.970000000000000000e+07
6.530133290272763371e+07,-1.531362310000000130e-09,2.275000000000000000e+01,6.307000000000000000e+07,6.970000000000000000e+07
6.532057893289441615e+07,-1.530911110000000023e-09,2.275499999999999901e+01,6.307000000000000000e+07,6.970000000000000000e+07
6.537163795790560544e+07,-1.529715380000000065e-09,2.276000000000000156e+01,6.307000000000000000e+07,6.970000000000000000e+07
6.538858273627508432e+07,-1.529318970000000218e-09,2.276500000000000057e+01,6.307000000000000000e+07,6.970000000000000000e+07
6.538946225275590271e+07,-1.529298400000000196e-09,2.276999999999999957e+01,6.307000000000000000e+07,6.970000000000000000e+07
6.542140725176018476e+07,-1.528551650000000174e-09,2.277500000000000213e+01,6.307000000000000000e+07,6.970000000000000000e+07
6.545151350243451446e+07,-1.527848550000000212e-09,2.278000000000000114e+01,6.307000000000000000e+07,6.970000000000000000e+07
6.544488269610141963e+07,-1.528003350000000134e-09,2.278500000000000014e+01,6.307000000000000000e+07,6.970000000000000000e+07
6.546566328579286486e+07,-1.527518320000000079e-09,2.278999999999999915e+01,6.307000000000000000e+07,6.970000000000000000e+07
6.550093988936170936e+07,-1.526695649999999969e-09,2.279500000000000171e+01,6.307000000000000000e+07,6.970000000000000000e+07
6.549348278282436728e+07,-1.526869480000000084e-09,2.280000000000000071e+01,6.307000000000000000e+07,6.970000000000000000e+07
6.549200340346223861e+07,-1.526903970000000077e-09,2.280499999999999972e+01,6.307000000000000000e+07,6.970000000000000000e+07
6.552724142383723706e+07,-1.526082860000000092e-09,2.280999999999999872e+01,6.307000000000000000e+07,6.970000000000000000e+07
6.554669347508950531e+07,-1.525629970000000108e-09,2.281500000000000128e+01,6.307000000000000000e+07,6.970000000000000000e+07
6.554939170590567589e+07,-1.525567170000000148e-09,2.282000000000000028e+01,6.307000000000000000e+07,6.970000000000000000e+07
6.559519280644283444e+07,-1.524501960000000106e-09,2.282499999999999929e+01,6.307000000000000000e+07,6.970000000000000000e+07
6.562284174676350504e+07,-1.523859639999999998e-09,2.283000000000000185e+01,6.307000000000000000e+07,6.970000000000000000e+07
6.561212023827828467e+07,-1.524108650000000214e-09,2.283500000000000085e+01,6.307000000000000000e+07,6.970000000000000000e+07
6.563642551719222218e+07,-1.523544270000000093e-09,2.283999999999999986e+01,6.307000000000000000e+07,6.970000000000000000e+07
6.567739089576593041e+07,-1.522593979999999958e-09,2.284499999999999886e+01,6.307000000000000000e+07,6.970000000000000000e+07
6.563158826290880144e+07,-1.523656560000000071e-09,2.285000000000000142e+01,6.307000000000000000e+07,6.970000000000000000e+07
6.556186144836733490e+07,-1.525277010000000050e-09,2.285500000000000043e+01,6.307000000000000000e+07,6.970000000000000000e+07
6.546943625165374577e+07,-1.527430290000000225e-09,2.285999999999999943e+01,6.307000000000000000e+07,6.970000000000000000e+07
6.535314299504918605e+07,-1.530148290000000173e-09,2.286500000000000199e+01,6.307000000000000000e+07,6.970000000000000000e+07
6.522611997715989500e+07,-1.533128140000000254e-09,2.287000000000000099e+01,6.307000000000000000e+07,6.970000000000000000e+07
6.517314582237202674e+07,-1.534374300000000075e-09,2.287500000000000000e+01,6.307000000000000000e+07,6.970000000000000000e+07
6.512797187320883572e+07,-1.535438570000000065e-09,2.287999999999999901e+01,6.307000000000000000e+07,6.970000000000000000e+07
6.505896931967341900e+07,-1.537067079999999966e-09,2.288500000000000156e+01,6.307000000000000000e+07,6.970000000000000000e+07
6.504701168694455177e+07,-1.537349640000000124e-09,2.289000000000000057e+01,6.307000000000000000e+07,6.970000000000000000e+07
6.506262951489023119e+07,-1.536980610000000237e-09,2.289499999999999957e+01,6.307000000000000000e+07,6.970000000000000000e+07
6.503968887666460127e+07,-1.537522730000000251e-09,2.290000000000000213e+01,6.307000000000000000e+07,6.970000000000000000e+07
6.502251811080324650e+07,-1.537928750000000101e-09,2.290500000000000114e+01,6.307000000000000000e+07,6.970000000000000000e+07
6.505593802302940935e+07,-1.537138700000000132e-09,2.291000000000000014e+01,6.307000000000000000e+07,6.970000000000000000e+07
6.506055999575804919e+07,-1.537029500000000064e-09,2.291499999999999915e+01,6.307000000000000000e+07,6.970000000000000000e+07
6.503798205144207925e+07,-1.537563080000000085e-09,2.292000000000000171e+01,6.307000000000000000e+07,6.970000000000000000e+07
6.506044359186347574e+07,-1.537032250000000113e-09,2.292500000000000071e+01,6.307000000000000000e+07,6.970000000000000000e+07
6.508292615881891549e+07,-1.536501289999999975e-09,2.292999999999999972e+01,6.307000000000000000e+07,6.970000000000000000e+07
6.506348631487485021e+07,-1.536960370000000237e-09,2.293499999999999872e+01,6.307000000000000000e+07,6.970000000000000000e+07
6.507748913293786347e+07,-1.536629660000000033e-09,2.294000000000000128e+01,6.307000000000000000e+07,6.970000000000000000e+07
6.511411267781019956e+07,-1.535765380000000060e-09,2.294500000000000028e+01,6.307000000000000000e+07,6.970000000000000000e+07
6.510844831013268977e+07,-1.535898990000000092e-09,2.294999999999999929e+01,6.307000000000000000e+07,6.970000000000000000e+07
6.514017612209978700e+07,-1.535150900000000099e-09,2.295500000000000185e+01,6.307000000000000000e+07,6.970000000000000000e+07
6.524039591891051829e+07,-1.532792660000000101e-09,2.296000000000000085e+01,6.307000000000000000e+07,6.970000000000000000e+07
6.522485004953728616e+07,-1.533157990000000256e-09,2.296499999999999986e+01,6.307000000000000000e+07,6.970000000000000000e+07
6.516651141722819209e+07,-1.534530510000000074e-09,2.296999999999999886e+01,6.307000000000000000e+07,6.970000000000000000e+07
6.516927017357933521e+07,-1.534465550000000004e-09,2.297500000000000142e+01,6.307000000000000000e+07,6.970000000000000000e+07
6.515856516017783433e+07,-1.534717650000000130e-09,2.298000000000000043e+01,6.307000000000000000e+07,6.970000000000000000e+07
6.506806405799948424e+07,-1.536852240000000179e-09,2.298499999999999943e+01,6.307000000000000000e+07,6.970000000000000000e+07
6.498629819140987098e+07,-1.538785910000000204e-09,2.299000000000000199e+01,6.307000000000000000e+07,6.970000000000000000e+07
6.495327631535547972e+07,-1.539568220000000228e-09,2.299500000000000099e+01,6.307000000000000000e+07,6.970000000000000000e+07
6.488971671440289170e+07,-1.541076230000000181e-09,2.300000000000000000e+01,6.307000000000000000e+07,6.970000000000000000e+07
6.487107677891542763e+07,-1.541519040000000136e-09,2.300499999999999901e+01,6.307000000000000000e+07,6.970000000000000000e+07
6.492419308382307738e+07,-1.540257880000000083e-09,2.301000000000000156e+01,6.307000000000000000e+07,6.970000000000000000e+07
6.491420049937455356e+07,-1.540494980000000183e-09,2.301500000000000057e+01,6.307000000000000000e+07,6.970000000000000000e+07
6.488336048053134978e+07,-1.541227200000000205e-09,2.301999999999999957e+01,6.307000000000000000e+07,6.970000000000000000e+07
6.485665660640475154e+07,-1.541861780000000163e-09,2.302500000000000213e+01,6.307000000000000000e+07,6.970000000000000000e+07
6.482692520474223793e+07,-1.542568919999999924e-09,2.303000000000000114e+01,6.307000000000000000e+07,6.970000000000000000e+07
6.478638984625716507e+07,-1.543534070000000081e-09,2.303500000000000014e+01,6.307000000000000000e+07,6.970000000000000000e+07
6.479181779898099601e+07,-1.543404760000000179e-09,2.303999999999999915e+01,6.307000000000000000e+07,6.970000000000000000e+07
6.482534593235540390e+07,-1.542606500000000033e-09,2.304500000000000171e+01,6.307000000000000000e+07,6.970000000000000000e+07
6.478074290322750062e+07,-1.543668620000000165e-09,2.305000000000000071e+01,6.307000000000000000e+07,6.970000000000000000e+07
6.468999319681217521e+07,-1.545834140000000065e-09,2.305499999999999972e+01,6.307000000000000000e+07,6.970000000000000000e+07
6.459501872025008500e+07,-1.548106989999999974e-09,2.305999999999999872e+01,6.307000000000000000e+07,6.970000000000000000e+07
6.444273956164720654e+07,-1.551765190000000192e-09,2.306500000000000128e+01,6.307000000000000000e+07,6.970000000000000000e+07
6.431801212680100650e+07,-1.554774420000000043e-09,2.307000000000000028e+01,6.307000000000000000e+07,6.970000000000000000e+07
6.421741447845827043e+07,-1.557210000000000044e-09,2.307499999999999929e+01,6.307000000000000000e+07,6.970000000000000000e+07
6.410682720657334477e+07,-1.559896260000000049e-09,2.308000000000000185e+01,6.307000000000000000e+07,6.970000000000000000e+07
6.401908977555725724e+07,-1.562034080000000217e-09,2.308500000000000085e+01,6.307000000000000000e+07,6.970000000000000000e+07
6.399896946299411356e+07,-1.562525160000000133e-09,2.308999999999999986e+01,6.307000000000000000e+07,6.970000000000000000e+07
6.397377832538194209e+07,-1.563140440000000142e-09,2.309499999999999886e+01,6.307000000000000000e+07,6.970000000000000000e+07
6.392733803962559998e+07,-1.564275990000000231e-09,2.310000000000000142e+01,6.307000000000000000e+07,6.970000000000000000e+07
6.390618245216368139e+07,-1.564793830000000033e-09,2.310500000000000043e+01,6.307000000000000000e+07,6.970000000000000000e+07
6.392771728805760294e+07,-1.564266710000000251e-09,2.310999999999999943e+01,6.307000000000000000e+07,6.970000000000000000e+07
6.393353285795512795e+07,-1.564124420000000015e-09,2.311500000000000199e+01,6.307000000000000000e+07,6.970000000000000000e+07
6.394352262538599223e+07,-1.563880060000000041e-09,2.312000000000000099e+01,6.307000000000000000e+07,6.970000000000000000e+07
6.400161099735073000e+07,-1.562460670000000296e-09,2.312500000000000000e+01,6.307000000000000000e+07,6.970000000000000000e+07
6.404075082042285055e+07,-1.561505740000000170e-09,2.312999999999999901e+01,6.307000000000000000e+07,6.970000000000000000e+07
6.402291836091315746e+07,-1.561940670000000178e-09,2.313500000000000156e+01,6.307000000000000000e+07,6.970000000000000000e+07
6.405297026914130151e+07,-1.561207849999999965e-09,2.314000000000000057e+01,6.307000000000000000e+07,6.970000000000000000e+07
6.411070451817369461e+07,-1.559801920000000003e-09,2.314499999999999957e+01,6.307000000000000000e+07,6.970000000000000000e+07
6.411174687738607824e+07,-1.559776560000000149e-09,2.315000000000000213e+01,6.307000000000000000e+07,6.970000000000000000e+07
6.412994142121043056e+07,-1.559334030000000200e-09,2.315500000000000114e+01,6.307000000000000000e+07,6.970000000000000000e+07
6.418100275050895661e+07,-1.558093450000000214e-09,2.316000000000000014e+01,6.307000000000000000e+07,6.970000000000000000e+07
6.420408722705654800e+07,-1.557533240000000058e-09,2.316499999999999915e+01,6.307000000000000000e+07,6.970000000000000000e+07
6.422240929353750497e+07,-1.557088890000000067e-09,2.317000000000000171e+01,6.307000000000000000e+07,6.970000000000000000e+07
6.429318887408167124e+07,-1.555374710000000071e-09,2.317500000000000071e+01,6.307000000000000000e+07,6.970000000000000000e+07
6.435693820115999132e+07,-1.553834020000000123e-09,2.317999999999999972e+01,6.307000000000000000e+07,6.970000000000000000e+07
6.437716199834926426e+07,-1.553345889999999907e-09,2.318499999999999872e+01,6.307000000000000000e+07,6.970000000000000000e+07
6.442786701108945161e+07,-1.552123400000000063e-09,2.319000000000000128e+01,6.307000000000000000e+07,6.970000000000000000e+07
6.449588356635534763e+07,-1.550486550000000026e-09,2.319500000000000028e+01,6.307000000000000000e+07,6.970000000000000000e+07
6.452689669795543700e+07,-1.549741350000000085e-09,2.319999999999999929e+01,6.307000000000000000e+07,6.970000000000000000e+07
6.457035730123438686e+07,-1.548698260000000146e-09,2.320500000000000185e+01,6.307000000000000000e+07,6.970000000000000000e+07
6.464557031744336337e+07,-1.546896400000000200e-09,2.321000000000000085e+01,6.307000000000000000e+07,6.970000000000000000e+07
6.468600031168302149e+07,-1.545929560000000166e-09,2.321499999999999986e+01,6.307000000000000000e+07,6.970000000000000000e+07
6.469428457049076259e+07,-1.545731600000000093e-09,2.321999999999999886e+01,6.307000000000000000e+07,6.970000000000000000e+07
6.469901059490940720e+07,-1.545618690000000041e-09,2.322500000000000142e+01,6.307000000000000000e+07,6.970000000000000000e+07
6.469697795563696325e+07,-1.545667250000000053e-09,2.323000000000000043e+01,6.307000000000000000e+07,6.970000000000000000e+07
6.466812415684891492e+07,-1.546356900000000070e-09,2.323499999999999943e+01,6.307000000000000000e+07,6.970000000000000000e+07
6.463521127751030773e+07,-1.547144319999999904e-09,2.324000000000000199e+01,6.307000000000000000e+07,6.970000000000000000e+07
6.459899495591668040e+07,-1.548011700000000038e-09,2.324500000000000099e+01,6.307000000000000000e+07,6.970000000000000000e+07
6.455397432029990852e+07,-1.549091300000000077e-09,2.325000000000000000e+01,6.307000000000000000e+07,6.970000000000000000e+07
6.454464985556940734e+07,-1.549315090000000029e-09,2.325499999999999901e+01,6.307000000000000000e+07,6.970000000000000000e+07
6.459366351534206420e+07,-1.548139470000000112e-09,2.326000000000000156e+01,6.307000000000000000e+07,6.970000000000000000e+07
6.461928099896600842e+07,-1.547525730000000139e-09,2.326500000000000057e+01,6.307000000000000000e+07,6.970000000000000000e+07
6.464769794169940054e+07,-1.546845490000000060e-09,2.326999999999999957e+01,6.307000000000000000e+07,6.970000000000000000e+07
6.472874835443339497e+07,-1.544908600000000167e-09,2.327500000000000213e+01,6.307000000000000000e+07,6.970000000000000000e+07
6.481536946633759141e+07,-1.542843940000000201e-09,2.328000000000000114e+01,6.307000000000000000e+07,6.970000000000000000e+07
6.487778711729566008e+07,-1.541359600000000224e-09,2.328500000000000014e+01,6.307000000000000000e+07,6.970000000000000000e+07
6.496679995125410706e+07,-1.539247740000000101e-09,2.328999999999999915e+01,6.307000000000000000e+07,6.970000000000000000e+07
6.496103627300190181e+07,-1.539384310000000084e-09,2.329500000000000171e+01,6.307000000000000000e+07,6.970000000000000000e+07
6.485238866749904305e+07,-1.541963250000000124e-09,2.330000000000000071e+01,6.307000000000000000e+07,6.970000000000000000e+07
6.471685273506072164e+07,-1.545192569999999988e-09,2.330499999999999972e+01,6.307000000000000000e+07,6.970000000000000000e+07
6.465340614961992949e+07,-1.546708920000000077e-09,2.330999999999999872e+01,6.307000000000000000e+07,6.970000000000000000e+07
6.448159061227481812e+07,-1.550830230000000104e-09,2.331500000000000128e+01,6.307000000000000000e+07,6.970000000000000000e+07
6.421976888576729596e+07,-1.557152910000000084e-09,2.332000000000000028e+01,6.307000000000000000e+07,6.970000000000000000e+07
6.395102395245952159e+07,-1.563696620000000130e-09,2.332499999999999929e+01,6.307000000000000000e+07,6.970000000000000000e+07
6.363535252846228331e+07,-1.571453540000000039e-09,2.333000000000000185e+01,6.307000000000000000e+07,6.970000000000000000e+07
6.332487215943146497e+07,-1.579158340000000002e-09,2.333500000000000085e+01,6.307000000000000000e+07,6.970000000000000000e+07
6.305229554870717973e+07,-1.585985080000000024e-09,2.333999999999999986e+01,6.307000000000000000e+07,6.970000000000000000e+07
6.281946011938298494e+07,-1.591863410000000013e-09,2.334499999999999886e+01,6.307000000000000000e+07,6.970000000000000000e+07
6.260283454616726190e+07,-1.597371760000000019e-09,2.335000000000000142e+01,6.307000000000000000e+07,6.970000000000000000e+07
6.239057434148573875e+07,-1.602806210000000043e-09,2.335500000000000043e+01,6.307000000000000000e+07,6.970000000000000000e+07
6.227563102122057974e+07,-1.605764540000000212e-09,2.335999999999999943e+01,6.307000000000000000e+07,6.970000000000000000e+07
6.219131767039607465e+07,-1.607941490000000156e-09,2.336500000000000199e+01,6.307000000000000000e+07,6.970000000000000000e+07
6.214438728859427571e+07,-1.609155780000000075e-09,2.337000000000000099e+01,6.307000000000000000e+07,6.970000000000000000e+07
6.217535526842562109e+07,-1.608354300000000061e-09,2.337500000000000000e+01,6.307000000000000000e+07,6.970000000000000000e+07
6.221831552036441118e+07,-1.607243769999999965e-09,2.337999999999999901e+01,6.307000000000000000e+07,6.970000000000000000e+07
6.221508794895924628e+07,-1.607327149999999992e-09,2.338500000000000156e+01,6.307000000000000000e+07,6.970000000000000000e+07
6.222272813448378444e+07,-1.607129789999999904e-09,2.339000000000000057e+01,6.307000000000000000e+07,6.970000000000000000e+07
6.224174693263801932e+07,-1.606638709999999988e-09,2.339499999999999957e+01,6.307000000000000000e+07,6.970000000000000000e+07
6.224330472112353891e+07,-1.606598500000000157e-09,2.340000000000000213e+01,6.307000000000000000e+07,6.970000000000000000e+07
6.228934095267349482e+07,-1.605411109999999921e-09,2.340500000000000114e+01,6.307000000000000000e+07,6.970000000000000000e+07
6.235987268907719851e+07,-1.603595319999999960e-09,2.341000000000000014e+01,6.307000000000000000e+07,6.970000000000000000e+07
6.234387845956156403e+07,-1.604006720000000201e-09,2.341499999999999915e+01,6.307000000000000000e+07,6.970000000000000000e+07
6.230072101995052397e+07,-1.605117860000000119e-09,2.342000000000000171e+01,6.307000000000000000e+07,6.970000000000000000e+07
6.234025387868903577e+07,-1.604099979999999986e-09,2.342500000000000071e+01,6.307000000000000000e+07,6.970000000000000000e+07
6.239584378788695484e+07,-1.602670850000000073e-09,2.342999999999999972e+01,6.307000000000000000e+07,6.970000000000000000e+07
6.244379979963283241e+07,-1.601440020000000093e-09,2.343499999999999872e+01,6.307000000000000000e+07,6.970000000000000000e+07
6.254109106035392731e+07,-1.598948760000000209e-09,2.344000000000000128e+01,6.307000000000000000e+07,6.970000000000000000e+07
6.265968900066430867e+07,-1.595922380000000062e-09,2.344500000000000028e+01,6.307000000000000000e+07,6.970000000000000000e+07
6.273911012013153732e+07,-1.593902109999999935e-09,2.344999999999999929e+01,6.307000000000000000e+07,6.970000000000000000e+07
6.281488828683052212e+07,-1.591979269999999971e-09,2.345500000000000185e+01,6.307000000000000000e+07,6.970000000000000000e+07
6.291772928681816906e+07,-1.589377129999999980e-09,2.346000000000000085e+01,6.307000000000000000e+07,6.970000000000000000e+07
6.299443068758068234e+07,-1.587441920000000126e-09,2.346499999999999986e+01,6.307000000000000000e+07,6.970000000000000000e+07
6.306916611285631359e+07,-1.585560840000000281e-09,2.346999999999999886e+01,6.307000000000000000e+07,6.970000000000000000e+07
6.319516937641970813e+07,-1.582399429999999979e-09,2.347500000000000142e+01,6.307000000000000000e+07,6.970000000000000000e+07
6.330960520984870940e+07,-1.579539150000000046e-09,2.348000000000000043e+01,6.307000000000000000e+07,6.970000000000000000e+07
6.337807028644473106e+07,-1.577832830000000116e-09,2.348499999999999943e+01,6.307000000000000000e+07,6.970000000000000000e+07
6.347289951244117320e+07,-1.575475530000000170e-09,2.349000000000000199e+01,6.307000000000000000e+07,6.970000000000000000e+07
6.358201003486888111e+07,-1.572771920000000217e-09,2.349500000000000099e+01,6.307000000000000000e+07,6.970000000000000000e+07
6.365142807771171629e+07,-1.571056660000000167e-09,2.350000000000000000e+01,6.307000000000000000e+07,6.970000000000000000e+07
6.373334133144277334e+07,-1.569037460000000257e-09,2.350499999999999901e+01,6.307000000000000000e+07,6.970000000000000000e+07
6.384785047017301619e+07,-1.566223440000000016e-09,2.351000000000000156e+01,6.307000000000000000e+07,6.970000000000000000e+07
6.392624976873080432e+07,-1.564302620000000159e-09,2.351500000000000057e+01,6.307000000000000000e+07,6.970000000000000000e+07
6.398503630584543198e+07,-1.562865410000000027e-09,2.351999999999999957e+01,6.307000000000000000e+07,6.970000000000000000e+07
6.406455944535416365e+07,-1.560925430000000018e-09,2.352500000000000213e+01,6.307000000000000000e+07,6.970000000000000000e+07
6.410755134130177647e+07,-1.559878640000000140e-09,2.353000000000000114e+01,6.307000000000000000e+07,6.970000000000000000e+07
6.408011511300614476e+07,-1.560546510000000121e-09,2.353500000000000014e+01,6.307000000000000000e+07,6.970000000000000000e+07
6.406800680535494536e+07,-1.560841439999999962e-09,2.353999999999999915e+01,6.307000000000000000e+07,6.970000000000000000e+07
6.403620904387350380e+07,-1.561616490000000112e-09,2.354500000000000171e+01,6.307000000000000000e+07,6.970000000000000000e+07
6.390487519045570493e+07,-1.564825839999999938e-09,2.355000000000000071e+01,6.307000000000000000e+07,6.970000000000000000e+07
6.375331933250937611e+07,-1.568545780000000150e-09,2.355499999999999972e+01,6.307000000000000000e+07,6.970000000000000000e+07
6.364558188886556029e+07,-1.571200970000000095e-09,2.355999999999999872e+01,6.307000000000000000e+07,6.970000000000000000e+07
6.355635831473197043e+07,-1.573406700000000239e-09,2.356500000000000128e+01,6.307000000000000000e+07,6.970000000000000000e+07
6.350370906431050599e+07,-1.574711170000000077e-09,2.357000000000000028e+01,6.307000000000000000e+07,6.970000000000000000e+07
6.352456144770849496e+07,-1.574194260000000075e-09,2.357499999999999929e+01,6.307000000000000000e+07,6.970000000000000000e+07
6.354801237259465456e+07,-1.573613340000000101e-09,2.358000000000000185e+01,6.307000000000000000e+07,6.970000000000000000e+07
6.354447134091282636e+07,-1.573701030000000095e-09,2.358500000000000085e+01,6.307000000000000000e+07,6.970000000000000000e+07
6.357399442692563683e+07,-1.572970220000000150e-09,2.358999999999999986e+01,6.307000000000000000e+07,6.970000000000000000e+07
6.355267781686535478e+07,-1.573497820000000210e-09,2.359499999999999886e+01,6.307000000000000000e+07,6.970000000000000000e+07
6.345949205156853050e+07,-1.575808390000000025e-09,2.360000000000000142e+01,6.307000000000000000e+07,6.970000000000000000e+07
6.342849565507828444e+07,-1.576578459999999911e-09,2.360500000000000043e+01,6.307000000000000000e+07,6.970000000000000000e+07
6.347233870718715340e+07,-1.575489450000000140e-09,2.360999999999999943e+01,6.307000000000000000e+07,6.970000000000000000e+07
6.349858147026431561e+07,-1.574838330000000122e-09,2.361500000000000199e+01,6.307000000000000000e+07,6.970000000000000000e+07
6.352568491455941647e+07,-1.574166420000000134e-09,2.362000000000000099e+01,6.307000000000000000e+07,6.970000000000000000e+07
6.359918430484575033e+07,-1.572347210000000035e-09,2.362500000000000000e+01,6.307000000000000000e+07,6.970000000000000000e+07
6.365760762679250538e+07,-1.570904150000000106e-09,2.362999999999999901e+01,6.307000000000000000e+07,6.970000000000000000e+07
6.369329670026111603e+07,-1.570023930000000263e-09,2.363500000000000156e+01,6.307000000000000000e+07,6.970000000000000000e+07
6.376044273313116282e+07,-1.568370540000000165e-09,2.364000000000000057e+01,6.307000000000000000e+07,6.970000000000000000e+07
6.384290844592391700e+07,-1.566344680000000159e-09,2.364499999999999957e+01,6.307000000000000000e+07,6.970000000000000000e+07
6.386911307766523212e+07,-1.565702030000000028e-09,2.365000000000000213e+01,6.307000000000000000e+07,6.970000000000000000e+07
6.390677014519055933e+07,-1.564779440000000037e-09,2.365500000000000114e+01,6.307000000000000000e+07,6.970000000000000000e+07
6.396483551077949256e+07,-1.563358980000000075e-09,2.366000000000000014e+01,6.307000000000000000e+07,6.970000000000000000e+07
6.398466169927290827e+07,-1.562874560000000049e-09,2.366499999999999915e+01,6.307000000000000000e+07,6.970000000000000000e+07
6.398911386480157077e+07,-1.562765820000000169e-09,2.367000000000000171e+01,6.307000000000000000e+07,6.970000000000000000e+07
6.403499855898840725e+07,-1.561646010000000092e-09,2.367500000000000071e+01,6.307000000000000000e+07,6.970000000000000000e+07
6.405274133466812223e+07,-1.561213430000000213e-09,2.367999999999999972e+01,6.307000000000000000e+07,6.970000000000000000e+07
6.404463942109076679e+07,-1.561410930000000098e-09,2.368499999999999872e+01,6.307000000000000000e+07,6.970000000000000000e+07
6.408904090410615504e+07,-1.560329169999999950e-09,2.369000000000000128e+01,6.307000000000000000e+07,6.970000000000000000e+07
6.412418422896083444e+07,-1.559474030000000160e-09,2.369500000000000028e+01,6.307000000000000000e+07,6.970000000000000000e+07
6.410737996401152760e+07,-1.559882810000000104e-09,2.369999999999999929e+01,6.307000000000000000e+07,6.970000000000000000e+07
6.410189473085565865e+07,-1.560016290000000178e-09,2.370500000000000185e+01,6.307000000000000000e+07,6.970000000000000000e+07
6.405853535719186813e+07,-1.561072220000000033e-09,2.371000000000000085e+01,6.307000000000000000e+07,6.970000000000000000e+07
6.389172101365672797e+07,-1.565148009999999942e-09,2.371499999999999986e+01,6.307000000000000000e+07,6.970000000000000000e+07
6.375111930230825394e+07,-1.568599910000000159e-09,2.371999999999999886e+01,6.307000000000000000e+07,6.970000000000000000e+07
6.371097602373758703e+07,-1.569588260000000060e-09,2.372500000000000142e+01,6.307000000000000000e+07,6.970000000000000000e+07
6.363633008266232163e+07,-1.571429400000000037e-09,2.373000000000000043e+01,6.307000000000000000e+07,6.970000000000000000e+07
6.351198649653870612e+07,-1.574505940000000292e-09,2.373499999999999943e+01,6.307000000000000000e+07,6.970000000000000000e+07
6.347543534611463547e+07,-1.575412590000000000e-09,2.374000000000000199e+01,6.307000000000000000e+07,6.970000000000000000e+07
6.347425160953405499e+07,-1.575441969999999977e-09,2.374500000000000099e+01,6.307000000000000000e+07,6.970000000000000000e+07
6.339323203458308429e+07,-1.577455460000000093e-09,2.375000000000000000e+01,6.307000000000000000e+07,6.970000000000000000e+07
6.324942464370255172e+07,-1.581042049999999983e-09,2.375499999999999901e+01,6.307000000000000000e+07,6.970000000000000000e+07
6.313226569517052174e+07,-1.583976100000000146e-09,2.376000000000000156e+01,6.307000000000000000e+07,6.970000000000000000e+07
6.302858131865624338e+07,-1.586581800000000073e-09,2.376500000000000057e+01,6.307000000000000000e+07,6.970000000000000000e+07
6.294154397885863483e+07,-1.588775770000000149e-09,2.376999999999999957e+01,6.307000000000000000e+07,6.970000000000000000e+07
6.294150119319777936e+07,-1.588776849999999997e-09,2.377500000000000213e+01,6.307000000000000000e+07,6.970000000000000000e+07
6.295248951065160334e+07,-1.588499530000000021e-09,2.378000000000000114e+01,6.307000000000000000e+07,6.970000000000000000e+07
6.289207311455067247e+07,-1.590025500000000156e-09,2.378500000000000014e+01,6.307000000000000000e+07,6.970000000000000000e+07
6.277208875732304901e+07,-1.593064720000000220e-09,2.378999999999999915e+01,6.307000000000000000e+07,6.970000000000000000e+07
6.260499836428791285e+07,-1.597316549999999956e-09,2.379500000000000171e+01,6.307000000000000000e+07,6.970000000000000000e+07
6.244594756835917383e+07,-1.601384939999999988e-09,2.380000000000000071e+01,6.307000000000000000e+07,6.970000000000000000e+07
6.235275824814912677e+07,-1.603778290000000052e-09,2.380499999999999972e+01,6.307000000000000000e+07,6.970000000000000000e+07
6.225508770677296072e+07,-1.606294420000000088e-09,2.380999999999999872e+01,6.307000000000000000e+07,6.970000000000000000e+07
6.217277922283204645e+07,-1.608420940000000170e-09,2.381500000000000128e+01,6.307000000000000000e+07,6.970000000000000000e+07
6.208854657486329228e+07,-1.610603009999999968e-09,2.382000000000000028e+01,6.307000000000000000e+07,6.970000000000000000e+07
6.202150601923366636e+07,-1.612343950000000264e-09,2.382499999999999929e+01,6.307000000000000000e+07,6.970000000000000000e+07
6.186739697251769900e+07,-1.616360229999999980e-09,2.383000000000000185e+01,6.307000000000000000e+07,6.970000000000000000e+07
6.171620839635560662e+07,-1.620319890000000176e-09,2.383500000000000085e+01,6.307000000000000000e+07,6.970000000000000000e+07
6.165256050944497436e+07,-1.621992650000000121e-09,2.383999999999999986e+01,6.307000000000000000e+07,6.970000000000000000e+07
6.156451336736734211e+07,-1.624312360000000120e-09,2.384499999999999886e+01,6.307000000000000000e+07,6.970000000000000000e+07
6.140414931416109204e+07,-1.628554440000000057e-09,2.385000000000000142e+01,6.307000000000000000e+07,6.970000000000000000e+07
6.119853100270152092e+07,-1.634026150000000005e-09,2.385500000000000043e+01,6.307000000000000000e+07,6.970000000000000000e+07
6.105934855719964951e+07,-1.637750850000000121e-09,2.385999999999999943e+01,6.307000000000000000e+07,6.970000000000000000e+07
6.090919236719379574e+07,-1.641788310000000096e-09,2.386500000000000199e+01,6.307000000000000000e+07,6.970000000000000000e+07
6.073883533198216558e+07,-1.646393110000000142e-09,2.387000000000000099e+01,6.307000000000000000e+07,6.970000000000000000e+07
6.067451027903867513e+07,-1.648138560000000055e-09,2.387500000000000000e+01,6.307000000000000000e+07,6.970000000000000000e+07
6.062146690892055631e+07,-1.649580670000000094e-09,2.387999999999999901e+01,6.307000000000000000e+07,6.970000000000000000e+07
6.051275214272023737e+07,-1.652544240000000238e-09,2.388500000000000156e+01,6.307000000000000000e+07,6.970000000000000000e+07
6.046736825260964036e+07,-1.653784560000000100e-09,2.389000000000000057e+01,6.307000000000000000e+07,6.970000000000000000e+07
6.047006050809617341e+07,-1.653710930000000079e-09,2.389499999999999957e+01,6.307000000000000000e+07,6.970000000000000000e+07
6.046768562134308368e+07,-1.653775880000000104e-09,2.390000000000000213e+01,6.307000000000000000e+07,6.970000000000000000e+07
6.051929281221316010e+07,-1.652365640000000174e-09,2.390500000000000114e+01,6.307000000000000000e+07,6.970000000000000000e+07
6.061434089238615334e+07,-1.649774599999999999e-09,2.391000000000000014e+01,6.307000000000000000e+07,6.970000000000000000e+07
6.064410393885153532e+07,-1.648964920000000060e-09,2.391499999999999915e+01,6.307000000000000000e+07,6.970000000000000000e+07
6.068179405942591280e+07,-1.647940730000000148e-09,2.392000000000000171e+01,6.307000000000000000e+07,6.970000000000000000e+07
6.070716010296299309e+07,-1.647252149999999934e-09,2.392500000000000071e+01,6.307000000000000000e+07,6.970000000000000000e+07
6.067021807473061979e+07,-1.648255160000000001e-09,2.392999999999999972e+01,6.307000000000000000e+07,6.970000000000000000e+07
6.057828894841863960e+07,-1.650756430000000015e-09,2.393499999999999872e+01,6.307000000000000000e+07,6.970000000000000000e+07
6.050443296013835818e+07,-1.652771460000000167e-09,2.394000000000000128e+01,6.307000000000000000e+07,6.970000000000000000e+07
6.040296898471838981e+07,-1.655547760000000088e-09,2.394500000000000028e+01,6.307000000000000000e+07,6.970000000000000000e+07
6.026335495907931030e+07,-1.659383220000000191e-09,2.394999999999999929e+01,6.307000000000000000e+07,6.970000000000000000e+07
6.012010686733764410e+07,-1.663337030000000177e-09,2.395500000000000185e+01,6.307000000000000000e+07,6.970000000000000000e+07
6.008120070405072719e+07,-1.664414140000000290e-09,2.396000000000000085e+01,6.307000000000000000e+07,6.970000000000000000e+07
6.007820800883966684e+07,-1.664497050000000084e-09,2.396499999999999986e+01,6.307000000000000000e+07,6.970000000000000000e+07
6.010766569229535013e+07,-1.663681310000000239e-09,2.396999999999999886e+01,6.307000000000000000e+07,6.970000000000000000e+07
6.020480941664869338e+07,-1.660996870000000070e-09,2.397500000000000142e+01,6.307000000000000000e+07,6.970000000000000000e+07
6.032312285857815295e+07,-1.657739110000000074e-09,2.398000000000000043e+01,6.307000000000000000e+07,6.970000000000000000e+07
6.044228107282970101e+07,-1.654470979999999998e-09,2.398499999999999943e+01,6.307000000000000000e+07,6.970000000000000000e+07
6.054897979843232036e+07,-1.651555490000000209e-09,2.399000000000000199e+01,6.307000000000000000e+07,6.970000000000000000e+07
6.055271733195281029e+07,-1.651453550000000221e-09,2.399500000000000099e+01,6.307000000000000000e+07,6.970000000000000000e+07
6.043434976999986172e+07,-1.654688110000000060e-09,2.400000000000000000e+01,6.307000000000000000e+07,6.970000000000000000e+07
6.033467487281797826e+07,-1.657421710000000018e-09,2.400499999999999901e+01,6.307000000000000000e+07,6.970000000000000000e+07
6.029176257101487368e+07,-1.658601370000000148e-09,2.401000000000000156e+01,6.307000000000000000e+07,6.970000000000000000e+07
6.020004958076083660e+07,-1.661128200000000079e-09,2.401500000000000057e+01,6.307000000000000000e+07,6.970000000000000000e+07
6.017393444237584621e+07,-1.661849120000000221e-09,2.401999999999999957e+01,6.307000000000000000e+07,6.970000000000000000e+07
6.022669738437018543e+07,-1.660393220000000170e-09,2.402500000000000213e+01,6.307000000000000000e+07,6.970000000000000000e+07
6.027286599292010069e+07,-1.659121370000000059e-09,2.403000000000000114e+01,6.307000000000000000e+07,6.970000000000000000e+07
6.026779246260129660e+07,-1.659261040000000204e-09,2.403500000000000014e+01,6.307000000000000000e+07,6.970000000000000000e+07
6.031145850403989106e+07,-1.658059720000000159e-09,2.403999999999999915e+01,6.307000000000000000e+07,6.970000000000000000e+07
6.038456672162205726e+07,-1.656052290000000155e-09,2.404500000000000171e+01,6.307000000000000000e+07,6.970000000000000000e+07
6.045830454031769931e+07,-1.654032490000000261e-09,2.405000000000000071e+01,6.307000000000000000e+07,6.970000000000000000e+07
6.057368452235326171e+07,-1.650881910000000227e-09,2.405499999999999972e+01,6.307000000000000000e+07,6.970000000000000000e+07
6.074240780037479103e+07,-1.646296280000000170e-09,2.405999999999999872e+01,6.307000000000000000e+07,6.970000000000000000e+07
6.089554436862454563e+07,-1.642156270000000180e-09,2.406500000000000128e+01,6.307000000000000000e+07,6.970000000000000000e+07
6.108785906962494552e+07,-1.636986490000000029e-09,2.407000000000000028e+01,6.307000000000000000e+07,6.970000000000000000e+07
6.133747204245691001e+07,-1.630324770000000167e-09,2.407499999999999929e+01,6.307000000000000000e+07,6.970000000000000000e+07
6.158342008794999123e+07,-1.623813680000000056e-09,2.408000000000000185e+01,6.307000000000000000e+07,6.970000000000000000e+07
6.183506627652449161e+07,-1.617205350000000215e-09,2.408500000000000085e+01,6.307000000000000000e+07,6.970000000000000000e+07
6.212115336966071278e+07,-1.609757619999999977e-09,2.408999999999999986e+01,6.307000000000000000e+07,6.970000000000000000e+07
6.239835464024990052e+07,-1.602606360000000029e-09,2.409499999999999886e+01,6.307000000000000000e+07,6.970000000000000000e+07
6.261439532624112815e+07,-1.597076830000000179e-09,2.410000000000000142e+01,6.307000000000000000e+07,6.970000000000000000e+07
6.287458753720422089e+07,-1.590467690000000245e-09,2.410500000000000043e+01,6.307000000000000000e+07,6.970000000000000000e+07
6.316580668631666154e+07,-1.583135010000000079e-09,2.410999999999999943e+01,6.307000000000000000e+07,6.970000000000000000e+07
6.341885799696420133e+07,-1.576818050000000143e-09,2.411500000000000199e+01,6.307000000000000000e+07,6.970000000000000000e+07
6.367634688288522512e+07,-1.570441849999999977e-09,2.412000000000000099e+01,6.307000000000000000e+07,6.970000000000000000e+07
6.396908931723757088e+07,-1.563255019999999981e-09,2.412500000000000000e+01,6.307000000000000000e+07,6.970000000000000000e+07
6.423084999118142575e+07,-1.556884270000000104e-09,2.412999999999999901e+01,6.307000000000000000e+07,6.970000000000000000e+07
6.446151931250036508e+07,-1.551313110000000094e-09,2.413500000000000156e+01,6.307000000000000000e+07,6.970000000000000000e+07
6.469993068243525922e+07,-1.545596710000000149e-09,2.414000000000000057e+01,6.307000000000000000e+07,6.970000000000000000e+07
6.489403462819667161e+07,-1.540973690000000002e-09,2.414499999999999957e+01,6.307000000000000000e+07,6.970000000000000000e+07
6.498324832582195848e+07,-1.538858129999999940e-09,2.415000000000000213e+01,6.307000000000000000e+07,6.970000000000000000e+07
6.508818700825467706e+07,-1.536377100000000133e-09,2.415500000000000114e+01,6.307000000000000000e+07,6.970000000000000000e+07
6.521875721197169274e+07,-1.533301220000000130e-09,2.416000000000000014e+01,6.307000000000000000e+07,6.970000000000000000e+07
6.534872320161588490e+07,-1.530251780000000034e-09,2.416499999999999915e+01,6.307000000000000000e+07,6.970000000000000000e+07
6.550730484730276465e+07,-1.526547310000000080e-09,2.417000000000000171e+01,6.307000000000000000e+07,6.970000000000000000e+07
6.571910754398310184e+07,-1.521627480000000197e-09,2.417500000000000071e+01,6.307000000000000000e+07,6.970000000000000000e+07
6.591605940508198738e+07,-1.517080980000000123e-09,2.417999999999999972e+01,6.307000000000000000e+07,6.970000000000000000e+07
6.610035059097150713e+07,-1.512851280000000121e-09,2.418499999999999872e+01,6.307000000000000000e+07,6.970000000000000000e+07
6.632566607749135792e+07,-1.507711960000000002e-09,2.419000000000000128e+01,6.307000000000000000e+07,6.970000000000000000e+07
6.648245265468754619e+07,-1.504156300000000169e-09,2.419500000000000028e+01,6.307000000000000000e+07,6.970000000000000000e+07
6.659764353695210069e+07,-1.501554629999999998e-09,2.419999999999999929e+01,6.307000000000000000e+07,6.970000000000000000e+07
6.675837487150682509e+07,-1.497939399999999911e-09,2.420500000000000185e+01,6.307000000000000000e+07,6.970000000000000000e+07
6.695071982468123734e+07,-1.493635920000000047e-09,2.421000000000000085e+01,6.307000000000000000e+07,6.970000000000000000e+07
6.709791570657936484e+07,-1.490359260000000023e-09,2.421499999999999986e+01,6.307000000000000000e+07,6.970000000000000000e+07
6.725802296911256015e+07,-1.486811470000000094e-09,2.421999999999999886e+01,6.307000000000000000e+07,6.970000000000000000e+07
6.746934678661313653e+07,-1.482154559999999939e-09,2.422500000000000142e+01,6.307000000000000000e+07,6.970000000000000000e+07
6.765578980320350826e+07,-1.478070100000000078e-09,2.423000000000000043e+01,6.307000000000000000e+07,6.970000000000000000e+07
6.782114993065626919e+07,-1.474466300000000037e-09,2.423499999999999943e+01,6.307000000000000000e+07,6.970000000000000000e+07
6.803654022136899829e+07,-1.469798430000000069e-09,2.424000000000000199e+01,6.307000000000000000e+07,6.970000000000000000e+07
6.825742600181730092e+07,-1.465042060000000221e-09,2.424500000000000099e+01,6.307000000000000000e+07,6.970000000000000000e+07
6.844105485405451059e+07,-1.461111320000000228e-09,2.425000000000000000e+01,6.307000000000000000e+07,6.970000000000000000e+07
6.864694947338077426e+07,-1.456728969999999955e-09,2.425499999999999901e+01,6.307000000000000000e+07,6.970000000000000000e+07
6.886306514764110744e+07,-1.452157260000000076e-09,2.426000000000000156e+01,6.307000000000000000e+07,6.970000000000000000e+07
6.902772836255273223e+07,-1.448693190000000033e-09,2.426500000000000057e+01,6.307000000000000000e+07,6.970000000000000000e+07
6.919847127014063299e+07,-1.445118630000000173e-09,2.426999999999999957e+01,6.307000000000000000e+07,6.970000000000000000e+07
6.940921733861128986e+07,-1.440730840000000069e-09,2.427500000000000213e+01,6.307000000000000000e+07,6.970000000000000000e+07
6.957223220823392272e+07,-1.437355060000000005e-09,2.428000000000000114e+01,6.307000000000000000e+07,6.970000000000000000e+07
6.970231930773273110e+07,-1.434672490000000101e-09,2.428500000000000014e+01,6.307000000000000000e+07,6.970000000000000000e+07
6.987650152897472680e+07,-1.431096260000000039e-09,2.428999999999999915e+01,6.307000000000000000e+07,6.970000000000000000e+07
7.004371021701124310e+07,-1.427679940000000121e-09,2.429500000000000171e+01,6.307000000000000000e+07,6.970000000000000000e+07
7.016435016725777090e+07,-1.425225200000000175e-09,2.430000000000000071e+01,6.307000000000000000e+07,6.970000000000000000e+07
7.028918030142630637e+07,-1.422694069999999907e-09,2.430499999999999972e+01,6.307000000000000000e+07,6.970000000000000000e+07
7.042906825131693482e+07,-1.419868280000000174e-09,2.430999999999999872e+01,6.307000000000000000e+07,6.970000000000000000e+07
7.052993044098459184e+07,-1.417837779999999971e-09,2.431500000000000128e+01,6.307000000000000000e+07,6.970000000000000000e+07
7.066239123397423327e+07,-1.415179959999999892e-09,2.432000000000000028e+01,6.307000000000000000e+07,6.970000000000000000e+07
7.085115476046074927e+07,-1.411409600000000068e-09,2.432499999999999929e+01,6.307000000000000000e+07,6.970000000000000000e+07
7.100197482762725651e+07,-1.408411530000000094e-09,2.433000000000000185e+01,6.307000000000000000e+07,6.970000000000000000e+07
7.113772028604277968e+07,-1.405723990000000177e-09,2.433500000000000085e+01,6.307000000000000000e+07,6.970000000000000000e+07
7.132679115445649624e+07,-1.401997740000000187e-09,2.433999999999999986e+01,6.307000000000000000e+07,6.970000000000000000e+07
7.150917401562276483e+07,-1.398421970000000106e-09,2.434499999999999886e+01,6.307000000000000000e+07,6.970000000000000000e+07
7.167204340780039132e+07,-1.395244160000000160e-09,2.435000000000000142e+01,6.307000000000000000e+07,6.970000000000000000e+07
7.188701494856689870e+07,-1.391071810000000034e-09,2.435500000000000043e+01,6.307000000000000000e+07,6.970000000000000000e+07
7.212604210500517488e+07,-1.386461770000000014e-09,2.435999999999999943e+01,6.307000000000000000e+07,6.970000000000000000e+07
7.230997684685157239e+07,-1.382935030000000177e-09,2.436500000000000199e+01,6.307000000000000000e+07,6.970000000000000000e+07
7.244637363663713634e+07,-1.380331339999999899e-09,2.437000000000000099e+01,6.307000000000000000e+07,6.970000000000000000e+07
7.250695809398001432e+07,-1.379177980000000088e-09,2.437500000000000000e+01,6.307000000000000000e+07,6.970000000000000000e+07
7.248046803595413268e+07,-1.379682040000000129e-09,2.437999999999999901e+01,6.307000000000000000e+07,6.970000000000000000e+07
7.235406990847340226e+07,-1.382092260000000070e-09,2.438500000000000156e+01,6.307000000000000000e+07,6.970000000000000000e+07
7.229957787023864686e+07,-1.383133940000000139e-09,2.439000000000000057e+01,6.307000000000000000e+07,6.970000000000000000e+07
7.223992172544416785e+07,-1.384276140000000280e-09,2.439499999999999957e+01,6.307000000000000000e+07,6.970000000000000000e+07
7.214569656042361259e+07,-1.386084060000000131e-09,2.440000000000000213e+01,6.307000000000000000e+07,6.970000000000000000e+07
7.211104841856683791e+07,-1.386750050000000216e-09,2.440500000000000114e+01,6.307000000000000000e+07,6.970000000000000000e+07
7.210982487855009735e+07,-1.386773580000000189e-09,2.441000000000000014e+01,6.307000000000000000e+07,6.970000000000000000e+07
7.206510344149279594e+07,-1.387634170000000062e-09,2.441499999999999915e+01,6.307000000000000000e+07,6.970000000000000000e+07
7.204677028486002982e+07,-1.387987270000000124e-09,2.442000000000000171e+01,6.307000000000000000e+07,6.970000000000000000e+07
7.207989618246056139e+07,-1.387349390000000148e-09,2.442500000000000071e+01,6.307000000000000000e+07,6.970000000000000000e+07
7.208946654594948888e+07,-1.387165210000000043e-09,2.442999999999999972e+01,6.307000000000000000e+07,6.970000000000000000e+07
7.209569815711355209e+07,-1.387045310000000079e-09,2.443499999999999872e+01,6.307000000000000000e+07,6.970000000000000000e+07
7.216517581111058593e+07,-1.385709920000000228e-09,2.444000000000000128e+01,6.307000000000000000e+07,6.970000000000000000e+07
7.222925177364163101e+07,-1.384480630000000284e-09,2.444500000000000028e+01,6.307000000000000000e+07,6.970000000000000000e+07
7.225270800801399350e+07,-1.384031170000000276e-09,2.444999999999999929e+01,6.307000000000000000e+07,6.970000000000000000e+07
7.231285642464585602e+07,-1.382879959999999910e-09,2.445500000000000185e+01,6.307000000000000000e+07,6.970000000000000000e+07
7.235997402537429333e+07,-1.381979490000000022e-09,2.446000000000000085e+01,6.307000000000000000e+07,6.970000000000000000e+07
7.232806441948239505e+07,-1.382589190000000196e-09,2.446499999999999986e+01,6.307000000000000000e+07,6.970000000000000000e+07
7.227022583267569542e+07,-1.383695689999999917e-09,2.446999999999999886e+01,6.307000000000000000e+07,6.970000000000000000e+07
7.221478722844512761e+07,-1.384757940000000215e-09,2.447500000000000142e+01,6.307000000000000000e+07,6.970000000000000000e+07
7.209221684568881989e+07,-1.387112290000000048e-09,2.448000000000000043e+01,6.307000000000000000e+07,6.970000000000000000e+07
7.192308941833058000e+07,-1.390374090000000050e-09,2.448499999999999943e+01,6.307000000000000000e+07,6.970000000000000000e+07
7.181436022353109717e+07,-1.392479160000000118e-09,2.449000000000000199e+01,6.307000000000000000e+07,6.970000000000000000e+07
7.168605288126711547e+07,-1.394971490000000219e-09,2.449500000000000099e+01,6.307000000000000000e+07,6.970000000000000000e+07
7.149739175369961560e+07,-1.398652419999999948e-09,2.450000000000000000e+01,6.307000000000000000e+07,6.970000000000000000e+07
7.136608634191699326e+07,-1.401225780000000153e-09,2.450499999999999901e+01,6.307000000000000000e+07,6.970000000000000000e+07
7.126347990589714050e+07,-1.403243290000000186e-09,2.451000000000000156e+01,6.307000000000000000e+07,6.970000000000000000e+07
7.111597557026852667e+07,-1.406153809999999962e-09,2.451500000000000057e+01,6.307000000000000000e+07,6.970000000000000000e+07
7.097729122024464607e+07,-1.408901330000000098e-09,2.451999999999999957e+01,6.307000000000000000e+07,6.970000000000000000e+07
7.087725070886819065e+07,-1.410889940000000017e-09,2.452500000000000213e+01,6.307000000000000000e+07,6.970000000000000000e+07
7.073843512886534631e+07,-1.413658639999999997e-09,2.453000000000000114e+01,6.307000000000000000e+07,6.970000000000000000e+07
7.057943827293130755e+07,-1.416843239999999999e-09,2.453500000000000014e+01,6.307000000000000000e+07,6.970000000000000000e+07
7.046678934746779501e+07,-1.419108220000000212e-09,2.453999999999999915e+01,6.307000000000000000e+07,6.970000000000000000e+07
7.033877955718164146e+07,-1.421690860000000190e-09,2.454500000000000171e+01,6.307000000000000000e+07,6.970000000000000000e+07
7.017364067395018041e+07,-1.425036510000000038e-09,2.455000000000000071e+01,6.307000000000000000e+07,6.970000000000000000e+07
7.009055229750137031e+07,-1.426725810000000044e-09,2.455499999999999972e+01,6.307000000000000000e+07,6.970000000000000000e+07
7.006935997777736187e+07,-1.427157320000000119e-09,2.455999999999999872e+01,6.307000000000000000e+07,6.970000000000000000e+07
7.002058156966426969e+07,-1.428151520000000025e-09,2.456500000000000128e+01,6.307000000000000000e+07,6.970000000000000000e+07
6.990249852710193396e+07,-1.430564030000000034e-09,2.457000000000000028e+01,6.307000000000000000e+07,6.970000000000000000e+07
6.980277310223291814e+07,-1.432607839999999972e-09,2.457499999999999929e+01,6.307000000000000000e+07,6.970000000000000000e+07
6.967352907265953720e+07,-1.435265320000000191e-09,2.458000000000000185e+01,6.307000000000000000e+07,6.970000000000000000e+07
6.951047215231494606e+07,-1.438632150000000297e-09,2.458500000000000085e+01,6.307000000000000000e+07,6.970000000000000000e+07
6.936631677649065852e+07,-1.441621880000000135e-09,2.458999999999999986e+01,6.307000000000000000e+07,6.970000000000000000e+07
6.925310484868825972e+07,-1.443978580000000097e-09,2.459499999999999886e+01,6.307000000000000000e+07,6.970000000000000000e+07
6.914362788885274529e+07,-1.446264870000000113e-09,2.460000000000000142e+01,6.307000000000000000e+07,6.970000000000000000e+07
6.902604975472214818e+07,-1.448728420000000014e-09,2.460500000000000043e+01,6.307000000000000000e+07,6.970000000000000000e+07
6.884323029922744632e+07,-1.452575650000000022e-09,2.460999999999999943e+01,6.307000000000000000e+07,6.970000000000000000e+07
6.858679185603451729e+07,-1.458006670000000069e-09,2.461500000000000199e+01,6.307000000000000000e+07,6.970000000000000000e+07
6.831498567021444440e+07,-1.463807670000000099e-09,2.462000000000000099e+01,6.307000000000000000e+07,6.970000000000000000e+07
6.805763866754086316e+07,-1.469342780000000198e-09,2.462500000000000000e+01,6.307000000000000000e+07,6.970000000000000000e+07
6.782134771869333088e+07,-1.474462000000000114e-09,2.462999999999999901e+01,6.307000000000000000e+07,6.970000000000000000e+07
6.760086830340898037e+07,-1.479270940000000052e-09,2.463500000000000156e+01,6.307000000000000000e+07,6.970000000000000000e+07
6.738712715165834129e+07,-1.483962950000000022e-09,2.464000000000000057e+01,6.307000000000000000e+07,6.970000000000000000e+07
6.718806576550629735e+07,-1.488359559999999919e-09,2.464499999999999957e+01,6.307000000000000000e+07,6.970000000000000000e+07
6.699810540077622980e+07,-1.492579520000000167e-09,2.465000000000000213e+01,6.307000000000000000e+07,6.970000000000000000e+07
6.683630299615048617e+07,-1.496192870000000150e-09,2.465500000000000114e+01,6.307000000000000000e+07,6.970000000000000000e+07
6.672127669721779972e+07,-1.498772280000000215e-09,2.466000000000000014e+01,6.307000000000000000e+07,6.970000000000000000e+07
6.658313102659315616e+07,-1.501881910000000224e-09,2.466499999999999915e+01,6.307000000000000000e+07,6.970000000000000000e+07
6.646540896521726251e+07,-1.504542010000000121e-09,2.467000000000000171e+01,6.307000000000000000e+07,6.970000000000000000e+07
6.632653007080382854e+07,-1.507692320000000193e-09,2.467500000000000071e+01,6.307000000000000000e+07,6.970000000000000000e+07
6.610109424676831812e+07,-1.512834259999999990e-09,2.467999999999999972e+01,6.307000000000000000e+07,6.970000000000000000e+07
6.582835572221539915e+07,-1.519102200000000139e-09,2.468499999999999872e+01,6.307000000000000000e+07,6.970000000000000000e+07
6.565190788580387086e+07,-1.523184979999999961e-09,2.469000000000000128e+01,6.307000000000000000e+07,6.970000000000000000e+07
6.553037133826851845e+07,-1.526009970000000059e-09,2.469500000000000028e+01,6.307000000000000000e+07,6.970000000000000000e+07
6.539261109007938951e+07,-1.529224760000000131e-09,2.469999999999999929e+01,6.307000000000000000e+07,6.970000000000000000e+07
6.523967192873985320e+07,-1.532809670000000188e-09,2.470500000000000185e+01,6.307000000000000000e+07,6.970000000000000000e+07
6.513549107066671550e+07,-1.535261320000000225e-09,2.471000000000000085e+01,6.307000000000000000e+07,6.970000000000000000e+07
6.502512811543354392e+07,-1.537867020000000151e-09,2.471499999999999986e+01,6.307000000000000000e+07,6.970000000000000000e+07
6.495153436665898561e+07,-1.539609510000000114e-09,2.471999999999999886e+01,6.307000000000000000e+07,6.970000000000000000e+07
6.489670508266061544e+07,-1.540910280000000220e-09,2.472500000000000142e+01,6.307000000000000000e+07,6.970000000000000000e+07
6.480311149288495630e+07,-1.543135780000000132e-09,2.473000000000000043e+01,6.307000000000000000e+07,6.970000000000000000e+07
6.470183373084522039e+07,-1.545551250000000092e-09,2.473499999999999943e+01,6.307000000000000000e+07,6.970000000000000000e+07
6.467881753978800774e+07,-1.546101240000000216e-09,2.474000000000000199e+01,6.307000000000000000e+07,6.970000000000000000e+07
6.465493817898474634e+07,-1.546672269999999974e-09,2.474500000000000099e+01,6.307000000000000000e+07,6.970000000000000000e+07
6.461790515109901875e+07,-1.547558680000000096e-09,2.475000000000000000e+01,6.307000000000000000e+07,6.970000000000000000e+07
6.462272901836342365e+07,-1.547443160000000205e-09,2.475499999999999901e+01,6.307000000000000000e+07,6.970000000000000000e+07
6.454269147283259779e+07,-1.549362099999999960e-09,2.476000000000000156e+01,6.307000000000000000e+07,6.970000000000000000e+07
6.432440495583518595e+07,-1.554619900000000127e-09,2.476500000000000057e+01,6.307000000000000000e+07,6.970000000000000000e+07
6.405745082157363743e+07,-1.561098650000000103e-09,2.476999999999999957e+01,6.307000000000000000e+07,6.970000000000000000e+07
6.379132418726072460e+07,-1.567611290000000295e-09,2.477500000000000213e+01,6.307000000000000000e+07,6.970000000000000000e+07
6.352587216289801896e+07,-1.574161780000000144e-09,2.478000000000000114e+01,6.307000000000000000e+07,6.970000000000000000e+07
6.322619353460705280e+07,-1.581622969999999958e-09,2.478500000000000014e+01,6.307000000000000000e+07,6.970000000000000000e+07
6.297617069867400825e+07,-1.587902200000000150e-09,2.478999999999999915e+01,6.307000000000000000e+07,6.970000000000000000e+07
6.280724243125151843e+07,-1.592173070000000124e-09,2.479500000000000171e+01,6.307000000000000000e+07,6.970000000000000000e+07
6.268815222007332742e+07,-1.595197760000000188e-09,2.480000000000000071e+01,6.307000000000000000e+07,6.970000000000000000e+07
6.263161015109587461e+07,-1.596637860000000165e-09,2.480499999999999972e+01,6.307000000000000000e+07,6.970000000000000000e+07
6.262801244027808309e+07,-1.596729580000000121e-09,2.480999999999999872e+01,6.307000000000000000e+07,6.970000000000000000e+07
6.253441894418688118e+07,-1.599119359999999998e-09,2.481500000000000128e+01,6.307000000000000000e+07,6.970000000000000000e+07
6.240847290379816294e+07,-1.602346530000000004e-09,2.482000000000000028e+01,6.307000000000000000e+07,6.970000000000000000e+07
6.235446040255129337e+07,-1.603734510000000034e-09,2.482499999999999929e+01,6.307000000000000000e+07,6.970000000000000000e+07
6.229640988157115877e+07,-1.605228940000000084e-09,2.483000000000000185e+01,6.307000000000000000e+07,6.970000000000000000e+07
6.221373438861431181e+07,-1.607362120000000055e-09,2.483500000000000085e+01,6.307000000000000000e+07,6.970000000000000000e+07
6.215223068924131989e+07,-1.608952710000000193e-09,2.483999999999999986e+01,6.307000000000000000e+07,6.970000000000000000e+07
6.210730984218327701e+07,-1.610116430000000039e-09,2.484499999999999886e+01,6.307000000000000000e+07,6.970000000000000000e+07
6.197103499852003902e+07,-1.613657090000000053e-09,2.485000000000000142e+01,6.307000000000000000e+07,6.970000000000000000e+07
6.184484317505265027e+07,-1.616949690000000154e-09,2.485500000000000043e+01,6.307000000000000000e+07,6.970000000000000000e+07
6.174221617115575075e+07,-1.619637360000000030e-09,2.485999999999999943e+01,6.307000000000000000e+07,6.970000000000000000e+07
6.157578328383368999e+07,-1.624015070000000106e-09,2.486500000000000199e+01,6.307000000000000000e+07,6.970000000000000000e+07
6.145366002574244887e+07,-1.627242380000000115e-09,2.487000000000000099e+01,6.307000000000000000e+07,6.970000000000000000e+07
6.139540834792139381e+07,-1.628786300000000183e-09,2.487500000000000000e+01,6.307000000000000000e+07,6.970000000000000000e+07
6.129912485814003646e+07,-1.631344659999999949e-09,2.487999999999999901e+01,6.307000000000000000e+07,6.970000000000000000e+07
6.120225626524284482e+07,-1.633926690000000105e-09,2.488500000000000156e+01,6.307000000000000000e+07,6.970000000000000000e+07
6.120715792739440501e+07,-1.633795840000000166e-09,2.489000000000000057e+01,6.307000000000000000e+07,6.970000000000000000e+07
6.121673238660390675e+07,-1.633540310000000271e-09,2.489499999999999957e+01,6.307000000000000000e+07,6.970000000000000000e+07
6.114087241580688953e+07,-1.635567110000000122e-09,2.490000000000000213e+01,6.307000000000000000e+07,6.970000000000000000e+07
6.113262368138460070e+07,-1.635787799999999913e-09,2.490500000000000114e+01,6.307000000000000000e+07,6.970000000000000000e+07
6.115233478330003470e+07,-1.635260540000000127e-09,2.491000000000000014e+01,6.307000000000000000e+07,6.970000000000000000e+07
6.117095884015996009e+07,-1.634762670000000157e-09,2.491499999999999915e+01,6.307000000000000000e+07,6.970000000000000000e+07
6.120244767193783820e+07,-1.633921580000000089e-09,2.492000000000000171e+01,6.307000000000000000e+07,6.970000000000000000e+07
6.125014748269887269e+07,-1.632649129999999994e-09,2.492500000000000071e+01,6.307000000000000000e+07,6.970000000000000000e+07
6.129376100245995075e+07,-1.631487420000000210e-09,2.492999999999999972e+01,6.307000000000000000e+07,6.970000000000000000e+07
6.134295982676551491e+07,-1.630178920000000203e-09,2.493500000000000227e+01,6.307000000000000000e+07,6.970000000000000000e+07
6.134928111985996366e+07,-1.630010950000000137e-09,2.494000000000000128e+01,6.307000000000000000e+07,6.970000000000000000e+07
6.129834667264023423e+07,-1.631365369999999974e-09,2.494500000000000028e+01,6.307000000000000000e+07,6.970000000000000000e+07
6.125531196877095848e+07,-1.632511480000000162e-09,2.494999999999999929e+01,6.307000000000000000e+07,6.970000000000000000e+07
6.124202563756546378e+07,-1.632865650000000234e-09,2.495500000000000185e+01,6.307000000000000000e+07,6.970000000000000000e+07
6.123750651528795809e+07,-1.632986150000000182e-09,2.496000000000000085e+01,6.307000000000000000e+07,6.970000000000000000e+07
6.118514088261095434e+07,-1.634383750000000053e-09,2.496499999999999986e+01,6.307000000000000000e+07,6.970000000000000000e+07
6.111791574216905981e+07,-1.636181450000000079e-09,2.496999999999999886e+01,6.307000000000000000e+07,6.970000000000000000e+07
6.109551342653331161e+07,-1.636781400000000247e-09,2.497500000000000142e+01,6.307000000000000000e+07,6.970000000000000000e+07
6.100742475611138344e+07,-1.639144750000000054e-09,2.498000000000000043e+01,6.307000000000000000e+07,6.970000000000000000e+07
6.087592876349952072e+07,-1.642685410000000068e-09,2.498499999999999943e+01,6.307000000000000000e+07,6.970000000000000000e+07
6.079071294928691536e+07,-1.644988109999999980e-09,2.499000000000000199e+01,6.307000000000000000e+07,6.970000000000000000e+07
6.066569866455687582e+07,-1.648377950000000017e-09,2.499500000000000099e+01,6.307000000000000000e+07,6.970000000000000000e+07
6.047631654915171117e+07,-1.653539860000000058e-09,2.500000000000000000e+01,6.307000000000000000e+07,6.970000000000000000e+07
6.029030057060127705e+07,-1.658641590000000023e-09,2.500499999999999901e+01,6.307000000000000000e+07,6.970000000000000000e+07
6.010297213825152069e+07,-1.663811230000000171e-09,2.501000000000000156e+01,6.307000000000000000e+07,6.970000000000000000e+07
5.993603350798274577e+07,-1.668445409999999987e-09,2.501500000000000057e+01,6.307000000000000000e+07,6.970000000000000000e+07
5.984452953764697164e+07,-1.670996510000000086e-09,2.501999999999999957e+01,6.307000000000000000e+07,6.970000000000000000e+07
5.973973988038825244e+07,-1.673927610000000136e-09,2.502500000000000213e+01,6.307000000000000000e+07,6.970000000000000000e+07
5.960577562560925633e+07,-1.677689770000000034e-09,2.503000000000000114e+01,6.307000000000000000e+07,6.970000000000000000e+07
5.947227538118517399e+07,-1.681455760000000036e-09,2.503500000000000014e+01,6.307000000000000000e+07,6.970000000000000000e+07
5.941342115555907786e+07,-1.683121390000000065e-09,2.503999999999999915e+01,6.307000000000000000e+07,6.970000000000000000e+07
5.941904949533142895e+07,-1.682961960000000198e-09,2.504500000000000171e+01,6.307000000000000000e+07,6.970000000000000000e+07
5.941266151903881133e+07,-1.683142909999999977e-09,2.505000000000000071e+01,6.307000000000000000e+07,6.970000000000000000e+07
5.946967583543565869e+07,-1.681529260000000098e-09,2.505499999999999972e+01,6.307000000000000000e+07,6.970000000000000000e+07
5.955689231397400051e+07,-1.679066790000000045e-09,2.506000000000000227e+01,6.307000000000000000e+07,6.970000000000000000e+07
5.955656315201966465e+07,-1.679076070000000232e-09,2.506500000000000128e+01,6.307000000000000000e+07,6.970000000000000000e+07
5.952580859888163209e+07,-1.679943580000000119e-09,2.507000000000000028e+01,6.307000000000000000e+07,6.970000000000000000e+07
5.948952832900559902e+07,-1.680968110000000097e-09,2.507499999999999929e+01,6.307000000000000000e+07,6.970000000000000000e+07
5.939780380065520108e+07,-1.683563930000000059e-09,2.508000000000000185e+01,6.307000000000000000e+07,6.970000000000000000e+07
5.934788966144806892e+07,-1.684979879999999989e-09,2.508500000000000085e+01,6.307000000000000000e+07,6.970000000000000000e+07
5.936954024720799923e+07,-1.684365410000000073e-09,2.508999999999999986e+01,6.307000000000000000e+07,6.970000000000000000e+07
5.940667335478876531e+07,-1.683312570000000128e-09,2.509499999999999886e+01,6.307000000000000000e+07,6.970000000000000000e+07
5.945595470769039541e+07,-1.681917319999999972e-09,2.510000000000000142e+01,6.307000000000000000e+07,6.970000000000000000e+07
5.956753670514381677e+07,-1.678766750000000189e-09,2.510500000000000043e+01,6.307000000000000000e+07,6.970000000000000000e+07
5.966448274771648645e+07,-1.676039000000000234e-09,2.510999999999999943e+01,6.307000000000000000e+07,6.970000000000000000e+07
5.973503188542505354e+07,-1.674059540000000129e-09,2.511500000000000199e+01,6.307000000000000000e+07,6.970000000000000000e+07
5.982564736390758306e+07,-1.671523910000000082e-09,2.512000000000000099e+01,6.307000000000000000e+07,6.970000000000000000e+07
5.991321223710823804e+07,-1.669080930000000203e-09,2.512500000000000000e+01,6.307000000000000000e+07,6.970000000000000000e+07
5.997035737199530751e+07,-1.667490480000000275e-09,2.512999999999999901e+01,6.307000000000000000e+07,6.970000000000000000e+07
6.004139205535182357e+07,-1.665517680000000060e-09,2.513500000000000156e+01,6.307000000000000000e+07,6.970000000000000000e+07
6.015478813525727391e+07,-1.662378060000000045e-09,2.514000000000000057e+01,6.307000000000000000e+07,6.970000000000000000e+07
6.021260734462787211e+07,-1.660781760000000114e-09,2.514499999999999957e+01,6.307000000000000000e+07,6.970000000000000000e+07
6.024038395100268722e+07,-1.660015980000000106e-09,2.515000000000000213e+01,6.307000000000000000e+07,6.970000000000000000e+07
6.034969364443615824e+07,-1.657009240000000181e-09,2.515500000000000114e+01,6.307000000000000000e+07,6.970000000000000000e+07
6.045485641509121656e+07,-1.654126830000000101e-09,2.516000000000000014e+01,6.307000000000000000e+07,6.970000000000000000e+07
6.047379342460582405e+07,-1.653608850000000089e-09,2.516499999999999915e+01,6.307000000000000000e+07,6.970000000000000000e+07
6.046955150973270833e+07,-1.653724850000000050e-09,2.517000000000000171e+01,6.307000000000000000e+07,6.970000000000000000e+07
6.053069292317026109e+07,-1.652054440000000027e-09,2.517500000000000071e+01,6.307000000000000000e+07,6.970000000000000000e+07
6.059668354472152889e+07,-1.650255330000000131e-09,2.517999999999999972e+01,6.307000000000000000e+07,6.970000000000000000e+07
6.068262626614830643e+07,-1.647918130000000182e-09,2.518500000000000227e+01,6.307000000000000000e+07,6.970000000000000000e+07
6.075751620600418746e+07,-1.645886900000000242e-09,2.519000000000000128e+01,6.307000000000000000e+07,6.970000000000000000e+07
6.072670690673317760e+07,-1.646721930000000198e-09,2.519500000000000028e+01,6.307000000000000000e+07,6.970000000000000000e+07
6.062652591660910100e+07,-1.649443020000000263e-09,2.519999999999999929e+01,6.307000000000000000e+07,6.970000000000000000e+07
6.052134429549986869e+07,-1.652309630000000063e-09,2.520500000000000185e+01,6.307000000000000000e+07,6.970000000000000000e+07
6.041207231598118693e+07,-1.655298290000000098e-09,2.521000000000000085e+01,6.307000000000000000e+07,6.970000000000000000e+07
6.033445427308123559e+07,-1.657427770000000130e-09,2.521499999999999986e+01,6.307000000000000000e+07,6.970000000000000000e+07
6.026438310294932872e+07,-1.659354910000000017e-09,2.521999999999999886e+01,6.307000000000000000e+07,6.970000000000000000e+07
6.017219356287500262e+07,-1.661897200000000162e-09,2.522500000000000142e+01,6.307000000000000000e+07,6.970000000000000000e+07
6.000186365788521618e+07,-1.666614900000000008e-09,2.523000000000000043e+01,6.307000000000000000e+07,6.970000000000000000e+07
5.982385929495296627e+07,-1.671573870000000126e-09,2.523499999999999943e+01,6.307000000000000000e+07,6.970000000000000000e+07
5.972021188229526579e+07,-1.674474969999999918e-09,2.524000000000000199e+01,6.307000000000000000e+07,6.970000000000000000e+07
5.963001306165620685e+07,-1.677007850000000123e-09,2.524500000000000099e+01,6.307000000000000000e+07,6.970000000000000000e+07
5.957817567300713807e+07,-1.678466970000000043e-09,2.525000000000000000e+01,6.307000000000000000e+07,6.970000000000000000e+07
5.959572169465440512e+07,-1.677972800000000217e-09,2.525499999999999901e+01,6.307000000000000000e+07,6.970000000000000000e+07
5.965443071174261719e+07,-1.676321420000000181e-09,2.526000000000000156e+01,6.307000000000000000e+07,6.970000000000000000e+07
5.970990361298953742e+07,-1.674764050000000169e-09,2.526500000000000057e+01,6.307000000000000000e+07,6.970000000000000000e+07
5.976259524185515940e+07,-1.673287440000000092e-09,2.526999999999999957e+01,6.307000000000000000e+07,6.970000000000000000e+07
5.985585990664161742e+07,-1.670680200000000130e-09,2.527500000000000213e+01,6.307000000000000000e+07,6.970000000000000000e+07
5.993499462470003963e+07,-1.668474330000000190e-09,2.528000000000000114e+01,6.307000000000000000e+07,6.970000000000000000e+07
6.002586226280765235e+07,-1.665948580000000107e-09,2.528500000000000014e+01,6.307000000000000000e+07,6.970000000000000000e+07
6.010980606911520660e+07,-1.663622070000000008e-09,2.528999999999999915e+01,6.307000000000000000e+07,6.970000000000000000e+07
6.013597730699138343e+07,-1.662898060000000164e-09,2.529500000000000171e+01,6.307000000000000000e+07,6.970000000000000000e+07
6.018339517498166114e+07,-1.661587879999999911e-09,2.530000000000000071e+01,6.307000000000000000e+07,6.970000000000000000e+07
6.029659763725249469e+07,-1.658468370000000144e-09,2.530499999999999972e+01,6.307000000000000000e+07,6.970000000000000000e+07
6.041886392452591658e+07,-1.655112220000000051e-09,2.531000000000000227e+01,6.307000000000000000e+07,6.970000000000000000e+07
6.050911034241681546e+07,-1.652643700000000138e-09,2.531500000000000128e+01,6.307000000000000000e+07,6.970000000000000000e+07
6.064220961097397655e+07,-1.649016430000000184e-09,2.532000000000000028e+01,6.307000000000000000e+07,6.970000000000000000e+07
6.078423762600838393e+07,-1.645163350000000172e-09,2.532499999999999929e+01,6.307000000000000000e+07,6.970000000000000000e+07
6.088070379213788360e+07,-1.642556570000000191e-09,2.533000000000000185e+01,6.307000000000000000e+07,6.970000000000000000e+07
6.097513608339408785e+07,-1.640012740000000011e-09,2.533500000000000085e+01,6.307000000000000000e+07,6.970000000000000000e+07
6.110594165029073507e+07,-1.636502070000000003e-09,2.533999999999999986e+01,6.307000000000000000e+07,6.970000000000000000e+07
6.119385727493534237e+07,-1.634150950000000083e-09,2.534499999999999886e+01,6.307000000000000000e+07,6.970000000000000000e+07
6.126320539113266766e+07,-1.632301140000000155e-09,2.535000000000000142e+01,6.307000000000000000e+07,6.970000000000000000e+07
6.138889250742305070e+07,-1.628959180000000201e-09,2.535500000000000043e+01,6.307000000000000000e+07,6.970000000000000000e+07
6.149617790185027570e+07,-1.626117320000000226e-09,2.535999999999999943e+01,6.307000000000000000e+07,6.970000000000000000e+07
6.154203476367996633e+07,-1.624905650000000191e-09,2.536500000000000199e+01,6.307000000000000000e+07,6.970000000000000000e+07
6.160326476111710072e+07,-1.623290590000000235e-09,2.537000000000000099e+01,6.307000000000000000e+07,6.970000000000000000e+07
6.169398238684923947e+07,-1.620903630000000099e-09,2.537500000000000000e+01,6.307000000000000000e+07,6.970000000000000000e+07
6.174011158179233968e+07,-1.619692570000000093e-09,2.537999999999999901e+01,6.307000000000000000e+07,6.970000000000000000e+07
6.177427275496107340e+07,-1.618796880000000198e-09,2.538500000000000156e+01,6.307000000000000000e+07,6.970000000000000000e+07
6.176749121470163018e+07,-1.618974610000000109e-09,2.539000000000000057e+01,6.307000000000000000e+07,6.970000000000000000e+07
6.165646404272703826e+07,-1.621889960000000101e-09,2.539499999999999957e+01,6.307000000000000000e+07,6.970000000000000000e+07
6.150237837692493200e+07,-1.625953379999999914e-09,2.540000000000000213e+01,6.307000000000000000e+07,6.970000000000000000e+07
6.143728472759414464e+07,-1.627676100000000109e-09,2.540500000000000114e+01,6.307000000000000000e+07,6.970000000000000000e+07
6.141817828831160814e+07,-1.628182450000000012e-09,2.541000000000000014e+01,6.307000000000000000e+07,6.970000000000000000e+07
6.139395113395118713e+07,-1.628824960000000140e-09,2.541499999999999915e+01,6.307000000000000000e+07,6.970000000000000000e+07
6.141551749891151488e+07,-1.628252990000000123e-09,2.542000000000000171e+01,6.307000000000000000e+07,6.970000000000000000e+07
6.147295368923968822e+07,-1.626731659999999977e-09,2.542500000000000071e+01,6.307000000000000000e+07,6.970000000000000000e+07
6.151286953494985402e+07,-1.625676069999999982e-09,2.542999999999999972e+01,6.307000000000000000e+07,6.970000000000000000e+07
6.157248137641784549e+07,-1.624102160000000116e-09,2.543500000000000227e+01,6.307000000000000000e+07,6.970000000000000000e+07
6.167507429502799362e+07,-1.621400560000000225e-09,2.544000000000000128e+01,6.307000000000000000e+07,6.970000000000000000e+07
6.175368700851436704e+07,-1.619336510000000080e-09,2.544500000000000028e+01,6.307000000000000000e+07,6.970000000000000000e+07
6.181196292783018202e+07,-1.617809810000000208e-09,2.544999999999999929e+01,6.307000000000000000e+07,6.970000000000000000e+07
6.190482227670286596e+07,-1.615383040000000162e-09,2.545500000000000185e+01,6.307000000000000000e+07,6.970000000000000000e+07
6.198036667758472264e+07,-1.613414139999999949e-09,2.546000000000000085e+01,6.307000000000000000e+07,6.970000000000000000e+07
6.201748382019662857e+07,-1.612448520000000179e-09,2.546499999999999986e+01,6.307000000000000000e+07,6.970000000000000000e+07
6.209610134222833812e+07,-1.610407060000000164e-09,2.546999999999999886e+01,6.307000000000000000e+07,6.970000000000000000e+07
6.219299245557332784e+07,-1.607898190000000002e-09,2.547500000000000142e+01,6.307000000000000000e+07,6.970000000000000000e+07
6.224095508994549513e+07,-1.606659150000000052e-09,2.548000000000000043e+01,6.307000000000000000e+07,6.970000000000000000e+07
6.229402209059398621e+07,-1.605290469999999970e-09,2.548499999999999943e+01,6.307000000000000000e+07,6.970000000000000000e+07
6.239124971207997948e+07,-1.602788860000000096e-09,2.549000000000000199e+01,6.307000000000000000e+07,6.970000000000000000e+07
6.245836837455993146e+07,-1.601066480000000174e-09,2.549500000000000099e+01,6.307000000000000000e+07,6.970000000000000000e+07
6.249585300955373049e+07,-1.600106170000000277e-09,2.550000000000000000e+01,6.307000000000000000e+07,6.970000000000000000e+07
6.255012415105016530e+07,-1.598717850000000180e-09,2.550499999999999901e+01,6.307000000000000000e+07,6.970000000000000000e+07
6.254127254928708076e+07,-1.598944120000000219e-09,2.551000000000000156e+01,6.307000000000000000e+07,6.970000000000000000e+07
6.251642970845506340e+07,-1.599579510000000270e-09,2.551500000000000057e+01,6.307000000000000000e+07,6.970000000000000000e+07
6.255353683546023816e+07,-1.598630630000000004e-09,2.551999999999999957e+01,6.307000000000000000e+07,6.970000000000000000e+07
6.263333266420056671e+07,-1.596593949999999982e-09,2.552500000000000213e+01,6.307000000000000000e+07,6.970000000000000000e+07
6.268685187476157397e+07,-1.595230850000000148e-09,2.553000000000000114e+01,6.307000000000000000e+07,6.970000000000000000e+07
6.275284769598966092e+07,-1.593553180000000045e-09,2.553500000000000014e+01,6.307000000000000000e+07,6.970000000000000000e+07
6.286443969430959225e+07,-1.590724430000000154e-09,2.553999999999999915e+01,6.307000000000000000e+07,6.970000000000000000e+07
6.292800601279614121e+07,-1.589117570000000124e-09,2.554500000000000171e+01,6.307000000000000000e+07,6.970000000000000000e+07
6.290641000717183203e+07,-1.589663120000000115e-09,2.555000000000000071e+01,6.307000000000000000e+07,6.970000000000000000e+07
6.293419758265592903e+07,-1.588961230000000166e-09,2.555499999999999972e+01,6.307000000000000000e+07,6.970000000000000000e+07
6.297030672338940203e+07,-1.588050070000000013e-09,2.556000000000000227e+01,6.307000000000000000e+07,6.970000000000000000e+07
6.297989380116175115e+07,-1.587808330000000129e-09,2.556500000000000128e+01,6.307000000000000000e+07,6.970000000000000000e+07
6.304604852491695434e+07,-1.586142230000000281e-09,2.557000000000000028e+01,6.307000000000000000e+07,6.970000000000000000e+07
6.308901919280893356e+07,-1.585061890000000049e-09,2.557499999999999929e+01,6.307000000000000000e+07,6.970000000000000000e+07
6.309810735397146642e+07,-1.584833590000000065e-09,2.558000000000000185e+01,6.307000000000000000e+07,6.970000000000000000e+07
6.312356176515219361e+07,-1.584194509999999914e-09,2.558500000000000085e+01,6.307000000000000000e+07,6.970000000000000000e+07
6.314496145230582356e+07,-1.583657630000000081e-09,2.558999999999999986e+01,6.307000000000000000e+07,6.970000000000000000e+07
6.314157523177251965e+07,-1.583742559999999981e-09,2.559499999999999886e+01,6.307000000000000000e+07,6.970000000000000000e+07
6.313273999500746280e+07,-1.583964200000000075e-09,2.560000000000000142e+01,6.307000000000000000e+07,6.970000000000000000e+07
6.316480044474083185e+07,-1.583160230000000136e-09,2.560500000000000043e+01,6.307000000000000000e+07,6.970000000000000000e+07
6.319800537994507700e+07,-1.582328420000000256e-09,2.560999999999999943e+01,6.307000000000000000e+07,6.970000000000000000e+07
6.320433089221774787e+07,-1.582170059999999985e-09,2.561500000000000199e+01,6.307000000000000000e+07,6.970000000000000000e+07
6.324026884829574078e+07,-1.581270949999999951e-09,2.562000000000000099e+01,6.307000000000000000e+07,6.970000000000000000e+07
6.326305845053637773e+07,-1.580701320000000018e-09,2.562500000000000000e+01,6.307000000000000000e+07,6.970000000000000000e+07
6.319131575902378559e+07,-1.582495930000000134e-09,2.562999999999999901e+01,6.307000000000000000e+07,6.970000000000000000e+07
6.308685959700808674e+07,-1.585116150000000016e-09,2.563500000000000156e+01,6.307000000000000000e+07,6.970000000000000000e+07
6.303998713379078358e+07,-1.586294740000000135e-09,2.564000000000000057e+01,6.307000000000000000e+07,6.970000000000000000e+07
6.293613403493360430e+07,-1.588912340000000132e-09,2.564499999999999957e+01,6.307000000000000000e+07,6.970000000000000000e+07
6.279600032932735234e+07,-1.592458109999999955e-09,2.565000000000000213e+01,6.307000000000000000e+07,6.970000000000000000e+07
6.274462127851691097e+07,-1.593762109999999975e-09,2.565500000000000114e+01,6.307000000000000000e+07,6.970000000000000000e+07
6.272638934012684971e+07,-1.594225350000000156e-09,2.566000000000000014e+01,6.307000000000000000e+07,6.970000000000000000e+07
6.270366778332702816e+07,-1.594803040000000011e-09,2.566499999999999915e+01,6.307000000000000000e+07,6.970000000000000000e+07
6.273213398861145228e+07,-1.594079360000000189e-09,2.567000000000000171e+01,6.307000000000000000e+07,6.970000000000000000e+07
6.279524992113858461e+07,-1.592477140000000149e-09,2.567500000000000071e+01,6.307000000000000000e+07,6.970000000000000000e+07
6.281952128685336560e+07,-1.591861860000000140e-09,2.567999999999999972e+01,6.307000000000000000e+07,6.970000000000000000e+07
6.283220012528237700e+07,-1.591540640000000232e-09,2.568500000000000227e+01,6.307000000000000000e+07,6.970000000000000000e+07
6.288214580442903191e+07,-1.590276520000000021e-09,2.569000000000000128e+01,6.307000000000000000e+07,6.970000000000000000e+07
6.290748757566110790e+07,-1.589635890000000203e-09,2.569500000000000028e+01,6.307000000000000000e+07,6.970000000000000000e+07
6.287046737251591682e+07,-1.590571920000000094e-09,2.569999999999999929e+01,6.307000000000000000e+07,6.970000000000000000e+07
6.285721480171500146e+07,-1.590907270000000081e-09,2.570500000000000185e+01,6.307000000000000000e+07,6.970000000000000000e+07
6.287211806156508625e+07,-1.590530159999999976e-09,2.571000000000000085e+01,6.307000000000000000e+07,6.970000000000000000e+07
6.287450768238773942e+07,-1.590469710000000145e-09,2.571499999999999986e+01,6.307000000000000000e+07,6.970000000000000000e+07
6.292331463283883780e+07,-1.589236050000000172e-09,2.571999999999999886e+01,6.307000000000000000e+07,6.970000000000000000e+07
6.300124419897143543e+07,-1.587270240000000076e-09,2.572500000000000142e+01,6.307000000000000000e+07,6.970000000000000000e+07
6.305065963505534083e+07,-1.586026230000000113e-09,2.573000000000000043e+01,6.307000000000000000e+07,6.970000000000000000e+07
6.311497814618636668e+07,-1.584409959999999937e-09,2.573499999999999943e+01,6.307000000000000000e+07,6.970000000000000000e+07
6.321699370903673768e+07,-1.581853140000000000e-09,2.574000000000000199e+01,6.307000000000000000e+07,6.970000000000000000e+07
6.329795338537424803e+07,-1.579829910000000129e-09,2.574500000000000099e+01,6.307000000000000000e+07,6.970000000000000000e+07
6.336918761968854815e+07,-1.578054000000000184e-09,2.575000000000000000e+01,6.307000000000000000e+07,6.970000000000000000e+07
6.348783298535122722e+07,-1.575104950000000202e-09,2.575499999999999901e+01,6.307000000000000000e+07,6.970000000000000000e+07
6.356807557338976115e+07,-1.573116680000000143e-09,2.576000000000000156e+01,6.307000000000000000e+07,6.970000000000000000e+07
6.356908096526852250e+07,-1.573091800000000153e-09,2.576500000000000057e+01,6.307000000000000000e+07,6.970000000000000000e+07
6.361121153201038390e+07,-1.572049920000000021e-09,2.576999999999999957e+01,6.307000000000000000e+07,6.970000000000000000e+07
6.367854175528065860e+07,-1.570387720000000175e-09,2.577500000000000213e+01,6.307000000000000000e+07,6.970000000000000000e+07
6.370743628936241567e+07,-1.569675469999999985e-09,2.578000000000000114e+01,6.307000000000000000e+07,6.970000000000000000e+07
6.374433686546440423e+07,-1.568766810000000215e-09,2.578500000000000014e+01,6.307000000000000000e+07,6.970000000000000000e+07
6.382424620310197771e+07,-1.566802679999999952e-09,2.578999999999999915e+01,6.307000000000000000e+07,6.970000000000000000e+07
6.388571020213968307e+07,-1.565295270000000190e-09,2.579500000000000171e+01,6.307000000000000000e+07,6.970000000000000000e+07
6.392572505803912878e+07,-1.564315460000000074e-09,2.580000000000000071e+01,6.307000000000000000e+07,6.970000000000000000e+07
6.400213695455034822e+07,-1.562447830000000173e-09,2.580499999999999972e+01,6.307000000000000000e+07,6.970000000000000000e+07
6.407454627500254661e+07,-1.560682140000000053e-09,2.581000000000000227e+01,6.307000000000000000e+07,6.970000000000000000e+07
6.410931160761079937e+07,-1.559835810000000218e-09,2.581500000000000128e+01,6.307000000000000000e+07,6.970000000000000000e+07
6.417703949994739145e+07,-1.558189670000000156e-09,2.582000000000000028e+01,6.307000000000000000e+07,6.970000000000000000e+07
6.426428558919987082e+07,-1.556074250000000098e-09,2.582499999999999929e+01,6.307000000000000000e+07,6.970000000000000000e+07
6.431475455653475970e+07,-1.554853169999999917e-09,2.583000000000000185e+01,6.307000000000000000e+07,6.970000000000000000e+07
6.436954048535444587e+07,-1.553529810000000095e-09,2.583500000000000085e+01,6.307000000000000000e+07,6.970000000000000000e+07
6.444576382108523697e+07,-1.551692370000000057e-09,2.583999999999999986e+01,6.307000000000000000e+07,6.970000000000000000e+07
6.450137195063152909e+07,-1.550354620000000033e-09,2.584499999999999886e+01,6.307000000000000000e+07,6.970000000000000000e+07
6.454203328961900622e+07,-1.549377900000000240e-09,2.585000000000000142e+01,6.307000000000000000e+07,6.970000000000000000e+07
6.462726457812718302e+07,-1.547334559999999914e-09,2.585500000000000043e+01,6.307000000000000000e+07,6.970000000000000000e+07
6.470042924852780253e+07,-1.545584800000000240e-09,2.585999999999999943e+01,6.307000000000000000e+07,6.970000000000000000e+07
6.471332975326250494e+07,-1.545276690000000003e-09,2.586500000000000199e+01,6.307000000000000000e+07,6.970000000000000000e+07
6.469741159695538133e+07,-1.545656890000000224e-09,2.587000000000000099e+01,6.307000000000000000e+07,6.970000000000000000e+07
6.468437685231798142e+07,-1.545968360000000126e-09,2.587500000000000000e+01,6.307000000000000000e+07,6.970000000000000000e+07
6.466202533425822109e+07,-1.546502750000000034e-09,2.587999999999999901e+01,6.307000000000000000e+07,6.970000000000000000e+07
6.468246646301434189e+07,-1.546014020000000247e-09,2.588500000000000156e+01,6.307000000000000000e+07,6.970000000000000000e+07
6.475451253476410359e+07,-1.544293920000000143e-09,2.589000000000000057e+01,6.307000000000000000e+07,6.970000000000000000e+07
6.480047392993017286e+07,-1.543198590000000136e-09,2.589499999999999957e+01,6.307000000000000000e+07,6.970000000000000000e+07
6.483609137853486836e+07,-1.542350839999999972e-09,2.590000000000000213e+01,6.307000000000000000e+07,6.970000000000000000e+07
6.492035288704282045e+07,-1.540348990000000216e-09,2.590500000000000114e+01,6.307000000000000000e+07,6.970000000000000000e+07
6.499715705684891343e+07,-1.538528830000000021e-09,2.591000000000000014e+01,6.307000000000000000e+07,6.970000000000000000e+07
6.504029760254829377e+07,-1.537508340000000048e-09,2.591499999999999915e+01,6.307000000000000000e+07,6.970000000000000000e+07
6.511426404072386771e+07,-1.535761810000000080e-09,2.592000000000000171e+01,6.307000000000000000e+07,6.970000000000000000e+07
6.513839825199805945e+07,-1.535192800000000014e-09,2.592500000000000071e+01,6.307000000000000000e+07,6.970000000000000000e+07
6.502944461719877273e+07,-1.537764940000000161e-09,2.592999999999999972e+01,6.307000000000000000e+07,6.970000000000000000e+07
6.496088013573653996e+07,-1.539388010000000023e-09,2.593500000000000227e+01,6.307000000000000000e+07,6.970000000000000000e+07
6.496343117510349303e+07,-1.539327560000000192e-09,2.594000000000000128e+01,6.307000000000000000e+07,6.970000000000000000e+07
6.489952022640275955e+07,-1.540843440000000048e-09,2.594500000000000028e+01,6.307000000000000000e+07,6.970000000000000000e+07
6.475127558717881143e+07,-1.544371120000000143e-09,2.594999999999999929e+01,6.307000000000000000e+07,6.970000000000000000e+07
6.468035077370215207e+07,-1.546064590000000113e-09,2.595500000000000185e+01,6.307000000000000000e+07,6.970000000000000000e+07
6.457837383530722558e+07,-1.548506010000000280e-09,2.596000000000000085e+01,6.307000000000000000e+07,6.970000000000000000e+07
6.433231624799109250e+07,-1.554428720000000065e-09,2.596499999999999986e+01,6.307000000000000000e+07,6.970000000000000000e+07
6.409461226201462746e+07,-1.560193540000000018e-09,2.596999999999999886e+01,6.307000000000000000e+07,6.970000000000000000e+07
6.386438719256171584e+07,-1.565817889999999986e-09,2.597500000000000142e+01,6.307000000000000000e+07,6.970000000000000000e+07
6.362145741807902604e+07,-1.571796750000000092e-09,2.598000000000000043e+01,6.307000000000000000e+07,6.970000000000000000e+07
6.343034315041793138e+07,-1.576532540000000286e-09,2.598499999999999943e+01,6.307000000000000000e+07,6.970000000000000000e+07
6.334732551170813292e+07,-1.578598610000000123e-09,2.599000000000000199e+01,6.307000000000000000e+07,6.970000000000000000e+07
6.328754466819080710e+07,-1.580089740000000155e-09,2.599500000000000099e+01,6.307000000000000000e+07,6.970000000000000000e+07
6.324681283182203025e+07,-1.581107340000000075e-09,2.600000000000000000e+01,6.307000000000000000e+07,6.970000000000000000e+07
6.328672599274058640e+07,-1.580110180000000012e-09,2.600499999999999901e+01,6.307000000000000000e+07,6.970000000000000000e+07
6.332582656320086867e+07,-1.579134540000000274e-09,2.601000000000000156e+01,6.307000000000000000e+07,6.970000000000000000e+07
6.331447864037627727e+07,-1.579417570000000043e-09,2.601500000000000057e+01,6.307000000000000000e+07,6.970000000000000000e+07
6.335609126368919015e+07,-1.578380200000000149e-09,2.601999999999999957e+01,6.307000000000000000e+07,6.970000000000000000e+07
6.342052393305702507e+07,-1.576776630000000092e-09,2.602500000000000213e+01,6.307000000000000000e+07,6.970000000000000000e+07
6.345440420965655148e+07,-1.575934739999999976e-09,2.603000000000000114e+01,6.307000000000000000e+07,6.970000000000000000e+07
6.351251815219525248e+07,-1.574492760000000103e-09,2.603500000000000014e+01,6.307000000000000000e+07,6.970000000000000000e+07
6.360604754851002991e+07,-1.572177550000000091e-09,2.603999999999999915e+01,6.307000000000000000e+07,6.970000000000000000e+07
6.366001356289321184e+07,-1.570844780000000123e-09,2.604500000000000171e+01,6.307000000000000000e+07,6.970000000000000000e+07
6.368786830495216697e+07,-1.570157749999999990e-09,2.605000000000000071e+01,6.307000000000000000e+07,6.970000000000000000e+07
6.374986226842257380e+07,-1.568630840000000009e-09,2.605499999999999972e+01,6.307000000000000000e+07,6.970000000000000000e+07
6.380275617825854570e+07,-1.567330410000000177e-09,2.606000000000000227e+01,6.307000000000000000e+07,6.970000000000000000e+07
6.384438314674279839e+07,-1.566308500000000289e-09,2.606500000000000128e+01,6.307000000000000000e+07,6.970000000000000000e+07
6.393214191311627626e+07,-1.564158450000000234e-09,2.607000000000000028e+01,6.307000000000000000e+07,6.970000000000000000e+07
6.403433141767374426e+07,-1.561662279999999985e-09,2.607499999999999929e+01,6.307000000000000000e+07,6.970000000000000000e+07
6.408588944709835202e+07,-1.560405899999999925e-09,2.608000000000000185e+01,6.307000000000000000e+07,6.970000000000000000e+07
6.414895983776676655e+07,-1.558871730000000070e-09,2.608500000000000085e+01,6.307000000000000000e+07,6.970000000000000000e+07
6.424311733610928804e+07,-1.556586980000000090e-09,2.608999999999999986e+01,6.307000000000000000e+07,6.970000000000000000e+07
6.429513999916327000e+07,-1.555327509999999914e-09,2.609499999999999886e+01,6.307000000000000000e+07,6.970000000000000000e+07
6.432615811705448478e+07,-1.554577529999999980e-09,2.610000000000000142e+01,6.307000000000000000e+07,6.970000000000000000e+07
6.438943181664305925e+07,-1.553049890000000056e-09,2.610500000000000043e+01,6.307000000000000000e+07,6.970000000000000000e+07
6.445290862957157195e+07,-1.551520360000000192e-09,2.610999999999999943e+01,6.307000000000000000e+07,6.970000000000000000e+07
6.448582942921613157e+07,-1.550728289999999910e-09,2.611500000000000199e+01,6.307000000000000000e+07,6.970000000000000000e+07
6.454890238399881124e+07,-1.549213020000000083e-09,2.612000000000000099e+01,6.307000000000000000e+07,6.970000000000000000e+07
6.461743917159823328e+07,-1.547569839999999972e-09,2.612500000000000000e+01,6.307000000000000000e+07,6.970000000000000000e+07
6.464035528407754749e+07,-1.547021200000000278e-09,2.612999999999999901e+01,6.307000000000000000e+07,6.970000000000000000e+07
6.466653253965597600e+07,-1.546394960000000043e-09,2.613500000000000156e+01,6.307000000000000000e+07,6.970000000000000000e+07
6.471596567141599953e+07,-1.545213750000000247e-09,2.614000000000000057e+01,6.307000000000000000e+07,6.970000000000000000e+07
6.472497062246851623e+07,-1.544998770000000249e-09,2.614499999999999957e+01,6.307000000000000000e+07,6.970000000000000000e+07
6.472073968401406705e+07,-1.545099769999999978e-09,2.615000000000000213e+01,6.307000000000000000e+07,6.970000000000000000e+07
6.470533034034945816e+07,-1.545467730000000062e-09,2.615500000000000114e+01,6.307000000000000000e+07,6.970000000000000000e+07
6.465388393434323370e+07,-1.546697490000000032e-09,2.616000000000000014e+01,6.307000000000000000e+07,6.970000000000000000e+07
6.461581915179795772e+07,-1.547608640000000140e-09,2.616499999999999915e+01,6.307000000000000000e+07,6.970000000000000000e+07
6.463829290371862054e+07,-1.547070560000000131e-09,2.617000000000000171e+01,6.307000000000000000e+07,6.970000000000000000e+07
6.467412039784699678e+07,-1.546213529999999987e-09,2.617500000000000071e+01,6.307000000000000000e+07,6.970000000000000000e+07
6.467730403937833756e+07,-1.546137420000000086e-09,2.617999999999999972e+01,6.307000000000000000e+07,6.970000000000000000e+07
6.471134730235186219e+07,-1.545324029999999956e-09,2.618500000000000227e+01,6.307000000000000000e+07,6.970000000000000000e+07
6.479571375835122168e+07,-1.543311960000000169e-09,2.619000000000000128e+01,6.307000000000000000e+07,6.970000000000000000e+07
6.484161805825576186e+07,-1.542219380000000004e-09,2.619500000000000028e+01,6.307000000000000000e+07,6.970000000000000000e+07
6.485180322092577070e+07,-1.541977170000000095e-09,2.619999999999999929e+01,6.307000000000000000e+07,6.970000000000000000e+07
6.478541609278935194e+07,-1.543557270000000032e-09,2.620500000000000185e+01,6.307000000000000000e+07,6.970000000000000000e+07
6.461409525602472574e+07,-1.547649930000000025e-09,2.621000000000000085e+01,6.307000000000000000e+07,6.970000000000000000e+07
6.435918604293820262e+07,-1.553779749999999905e-09,2.621499999999999986e+01,6.307000000000000000e+07,6.970000000000000000e+07
6.412689409282482415e+07,-1.559408130000000040e-09,2.621999999999999886e+01,6.307000000000000000e+07,6.970000000000000000e+07
6.394175223522462696e+07,-1.563923359999999988e-09,2.622500000000000142e+01,6.307000000000000000e+07,6.970000000000000000e+07
6.372634947092887759e+07,-1.569209609999999919e-09,2.623000000000000043e+01,6.307000000000000000e+07,6.970000000000000000e+07
6.350050926138417423e+07,-1.574790520000000143e-09,2.623499999999999943e+01,6.307000000000000000e+07,6.970000000000000000e+07
6.328110838380080462e+07,-1.580250450000000141e-09,2.624000000000000199e+01,6.307000000000000000e+07,6.970000000000000000e+07
6.306510631569228321e+07,-1.585662910000000020e-09,2.624500000000000099e+01,6.307000000000000000e+07,6.970000000000000000e+07
6.294576657585962862e+07,-1.588669190000000171e-09,2.625000000000000000e+01,6.307000000000000000e+07,6.970000000000000000e+07
6.292051629328971356e+07,-1.589306730000000080e-09,2.625499999999999901e+01,6.307000000000000000e+07,6.970000000000000000e+07
6.282458755077145249e+07,-1.591733490000000082e-09,2.626000000000000156e+01,6.307000000000000000e+07,6.970000000000000000e+07
6.273577515859541297e+07,-1.593986839999999979e-09,2.626500000000000057e+01,6.307000000000000000e+07,6.970000000000000000e+07
6.272738677706686407e+07,-1.594200000000000140e-09,2.626999999999999957e+01,6.307000000000000000e+07,6.970000000000000000e+07
6.271013263989472389e+07,-1.594638630000000087e-09,2.627500000000000213e+01,6.307000000000000000e+07,6.970000000000000000e+07
6.260621065379653126e+07,-1.597285620000000106e-09,2.628000000000000114e+01,6.307000000000000000e+07,6.970000000000000000e+07
6.254607026261661947e+07,-1.598821470000000206e-09,2.628500000000000014e+01,6.307000000000000000e+07,6.970000000000000000e+07
6.255203703961326182e+07,-1.598668959999999939e-09,2.628999999999999915e+01,6.307000000000000000e+07,6.970000000000000000e+07
6.256811438667634130e+07,-1.598258170000000141e-09,2.629500000000000171e+01,6.307000000000000000e+07,6.970000000000000000e+07
6.260223375161996484e+07,-1.597387090000000067e-09,2.630000000000000071e+01,6.307000000000000000e+07,6.970000000000000000e+07
6.267737776253519952e+07,-1.595471980000000003e-09,2.630499999999999972e+01,6.307000000000000000e+07,6.970000000000000000e+07
6.272912243231118470e+07,-1.594155890000000100e-09,2.631000000000000227e+01,6.307000000000000000e+07,6.970000000000000000e+07
6.270226929106011987e+07,-1.594838610000000059e-09,2.631500000000000128e+01,6.307000000000000000e+07,6.970000000000000000e+07
6.271675734495857358e+07,-1.594470190000000201e-09,2.632000000000000028e+01,6.307000000000000000e+07,6.970000000000000000e+07
6.274906673313047737e+07,-1.593649200000000130e-09,2.632499999999999929e+01,6.307000000000000000e+07,6.970000000000000000e+07
6.275879294306493551e+07,-1.593402220000000065e-09,2.633000000000000185e+01,6.307000000000000000e+07,6.970000000000000000e+07
6.280606494554098696e+07,-1.592202920000000127e-09,2.633500000000000085e+01,6.307000000000000000e+07,6.970000000000000000e+07
6.288865305504240841e+07,-1.590111970000000093e-09,2.633999999999999986e+01,6.307000000000000000e+07,6.970000000000000000e+07
6.294381130593466014e+07,-1.588718539999999979e-09,2.634499999999999886e+01,6.307000000000000000e+07,6.970000000000000000e+07
6.299157046803995967e+07,-1.587514000000000273e-09,2.635000000000000142e+01,6.307000000000000000e+07,6.970000000000000000e+07
6.300443635657894611e+07,-1.587189820000000207e-09,2.635500000000000043e+01,6.307000000000000000e+07,6.970000000000000000e+07
6.292523695284540206e+07,-1.589187499999999999e-09,2.635999999999999943e+01,6.307000000000000000e+07,6.970000000000000000e+07
6.282541799556823075e+07,-1.591712450000000033e-09,2.636500000000000199e+01,6.307000000000000000e+07,6.970000000000000000e+07
6.275298276693275571e+07,-1.593549750000000068e-09,2.637000000000000099e+01,6.307000000000000000e+07,6.970000000000000000e+07
6.262946841998614371e+07,-1.596692460000000199e-09,2.637500000000000000e+01,6.307000000000000000e+07,6.970000000000000000e+07
6.243023928006147593e+07,-1.601787869999999928e-09,2.637999999999999901e+01,6.307000000000000000e+07,6.970000000000000000e+07
6.232225575803578645e+07,-1.604563230000000005e-09,2.638500000000000156e+01,6.307000000000000000e+07,6.970000000000000000e+07
6.226625171274221689e+07,-1.606006420000000099e-09,2.639000000000000057e+01,6.307000000000000000e+07,6.970000000000000000e+07
6.225195242665954679e+07,-1.606375320000000027e-09,2.639499999999999957e+01,6.307000000000000000e+07,6.970000000000000000e+07
6.230800916309060156e+07,-1.604930110000000034e-09,2.640000000000000213e+01,6.307000000000000000e+07,6.970000000000000000e+07
6.244970534917572141e+07,-1.601288580000000249e-09,2.640500000000000114e+01,6.307000000000000000e+07,6.970000000000000000e+07
6.254939290997877717e+07,-1.598736540000000099e-09,2.641000000000000014e+01,6.307000000000000000e+07,6.970000000000000000e+07
6.256489230630008876e+07,-1.598340480000000157e-09,2.641499999999999915e+01,6.307000000000000000e+07,6.970000000000000000e+07
6.258401317043006420e+07,-1.597852150000000084e-09,2.642000000000000171e+01,6.307000000000000000e+07,6.970000000000000000e+07
6.255105025777975470e+07,-1.598694180000000203e-09,2.642500000000000071e+01,6.307000000000000000e+07,6.970000000000000000e+07
6.244085017288654298e+07,-1.601515670000000013e-09,2.642999999999999972e+01,6.307000000000000000e+07,6.970000000000000000e+07
6.235512177175843716e+07,-1.603717499999999947e-09,2.643500000000000227e+01,6.307000000000000000e+07,6.970000000000000000e+07
6.240086569469787925e+07,-1.602541870000000193e-09,2.644000000000000128e+01,6.307000000000000000e+07,6.970000000000000000e+07
6.248490325684250146e+07,-1.600386570000000119e-09,2.644500000000000028e+01,6.307000000000000000e+07,6.970000000000000000e+07
6.260501678540668637e+07,-1.597316079999999931e-09,2.644999999999999929e+01,6.307000000000000000e+07,6.970000000000000000e+07
6.272685244595646113e+07,-1.594213580000000044e-09,2.645500000000000185e+01,6.307000000000000000e+07,6.970000000000000000e+07
6.279859909638718516e+07,-1.592392210000000248e-09,2.646000000000000085e+01,6.307000000000000000e+07,6.970000000000000000e+07
6.277377644823198020e+07,-1.593021890000000091e-09,2.646499999999999986e+01,6.307000000000000000e+07,6.970000000000000000e+07
6.274726343497343361e+07,-1.593695000000000254e-09,2.646999999999999886e+01,6.307000000000000000e+07,6.970000000000000000e+07
6.274582598922198266e+07,-1.593731510000000147e-09,2.647500000000000142e+01,6.307000000000000000e+07,6.970000000000000000e+07
6.275393851876156032e+07,-1.593525480000000107e-09,2.648000000000000043e+01,6.307000000000000000e+07,6.970000000000000000e+07
6.273799068598064035e+07,-1.593930550000000067e-09,2.648499999999999943e+01,6.307000000000000000e+07,6.970000000000000000e+07
6.271687928033685684e+07,-1.594467090000000040e-09,2.649000000000000199e+01,6.307000000000000000e+07,6.970000000000000000e+07
6.267754118663451821e+07,-1.595467820000000290e-09,2.649500000000000099e+01,6.307000000000000000e+07,6.970000000000000000e+07
6.260342241892161220e+07,-1.597356760000000201e-09,2.650000000000000000e+01,6.307000000000000000e+07,6.970000000000000000e+07
6.258939173400930315e+07,-1.597714840000000113e-09,2.650499999999999901e+01,6.307000000000000000e+07,6.970000000000000000e+07
6.258321259519196302e+07,-1.597872589999999941e-09,2.651000000000000156e+01,6.307000000000000000e+07,6.970000000000000000e+07
6.252910221659226716e+07,-1.599255330000000204e-09,2.651500000000000057e+01,6.307000000000000000e+07,6.970000000000000000e+07
6.256045490459420532e+07,-1.598453850000000190e-09,2.651999999999999957e+01,6.307000000000000000e+07,6.970000000000000000e+07
6.266411653791133314e+07,-1.595809620000000058e-09,2.652500000000000213e+01,6.307000000000000000e+07,6.970000000000000000e+07
6.276392899007070065e+07,-1.593271830000000108e-09,2.653000000000000114e+01,6.307000000000000000e+07,6.970000000000000000e+07
6.283337898597206175e+07,-1.591510779999999977e-09,2.653500000000000014e+01,6.307000000000000000e+07,6.970000000000000000e+07
6.293827817398507893e+07,-1.588858210000000124e-09,2.653999999999999915e+01,6.307000000000000000e+07,6.970000000000000000e+07
6.298112065331072360e+07,-1.587777400000000072e-09,2.654500000000000171e+01,6.307000000000000000e+07,6.970000000000000000e+07
6.308468622017731518e+07,-1.585170760000000094e-09,2.655000000000000071e+01,6.307000000000000000e+07,6.970000000000000000e+07
6.324472281763791293e+07,-1.581159589999999980e-09,2.655499999999999972e+01,6.307000000000000000e+07,6.970000000000000000e+07
6.335665001662351191e+07,-1.578366280000000179e-09,2.656000000000000227e+01,6.307000000000000000e+07,6.970000000000000000e+07
6.349109399313616753e+07,-1.575024050000000056e-09,2.656500000000000128e+01,6.307000000000000000e+07,6.970000000000000000e+07
6.361521689729069918e+07,-1.571950940000000191e-09,2.657000000000000028e+01,6.307000000000000000e+07,6.970000000000000000e+07
6.370467978208846599e+07,-1.569743390000000005e-09,2.657499999999999929e+01,6.307000000000000000e+07,6.970000000000000000e+07
6.382808411063227057e+07,-1.566708470000000071e-09,2.658000000000000185e+01,6.307000000000000000e+07,6.970000000000000000e+07
6.402640510411842912e+07,-1.561855610000000112e-09,2.658500000000000085e+01,6.307000000000000000e+07,6.970000000000000000e+07
6.424177685662492365e+07,-1.556619460000000228e-09,2.658999999999999986e+01,6.307000000000000000e+07,6.970000000000000000e+07
6.430695096726817638e+07,-1.555041850000000216e-09,2.659499999999999886e+01,6.307000000000000000e+07,6.970000000000000000e+07
6.431296355055715889e+07,-1.554896470000000278e-09,2.660000000000000142e+01,6.307000000000000000e+07,6.970000000000000000e+07
6.428557648498927057e+07,-1.555558889999999970e-09,2.660500000000000043e+01,6.307000000000000000e+07,6.970000000000000000e+07
6.418953516210944951e+07,-1.557886340000000120e-09,2.660999999999999943e+01,6.307000000000000000e+07,6.970000000000000000e+07
6.414246894163925201e+07,-1.559029480000000105e-09,2.661500000000000199e+01,6.307000000000000000e+07,6.970000000000000000e+07
6.418023823588908464e+07,-1.558112010000000175e-09,2.662000000000000099e+01,6.307000000000000000e+07,6.970000000000000000e+07
6.423248418374636769e+07,-1.556844660000000258e-09,2.662500000000000000e+01,6.307000000000000000e+07,6.970000000000000000e+07
6.425612181726979464e+07,-1.556271950000000046e-09,2.662999999999999901e+01,6.307000000000000000e+07,6.970000000000000000e+07
6.424049462148707360e+07,-1.556650530000000082e-09,2.663500000000000156e+01,6.307000000000000000e+07,6.970000000000000000e+07
6.420708376851022243e+07,-1.557460550000000089e-09,2.664000000000000057e+01,6.307000000000000000e+07,6.970000000000000000e+07
6.410244206137633324e+07,-1.560002969999999985e-09,2.664499999999999957e+01,6.307000000000000000e+07,6.970000000000000000e+07
6.402116816390945017e+07,-1.561983370000000141e-09,2.665000000000000213e+01,6.307000000000000000e+07,6.970000000000000000e+07
6.396438708550325781e+07,-1.563369940000000094e-09,2.665500000000000114e+01,6.307000000000000000e+07,6.970000000000000000e+07
6.394290972402527928e+07,-1.563895050000000022e-09,2.666000000000000014e+01,6.307000000000000000e+07,6.970000000000000000e+07
6.391096394887337834e+07,-1.564676760000000061e-09,2.666499999999999915e+01,6.307000000000000000e+07,6.970000000000000000e+07
6.399067190058317035e+07,-1.562727770000000033e-09,2.667000000000000171e+01,6.307000000000000000e+07,6.970000000000000000e+07
6.412636032610845566e+07,-1.559421109999999959e-09,2.667500000000000071e+01,6.307000000000000000e+07,6.970000000000000000e+07
6.423658756592544168e+07,-1.556745210000000196e-09,2.667999999999999972e+01,6.307000000000000000e+07,6.970000000000000000e+07
6.437291756427994370e+07,-1.553448310000000171e-09,2.668500000000000227e+01,6.307000000000000000e+07,6.970000000000000000e+07
6.445817780353899300e+07,-1.551393529999999963e-09,2.669000000000000128e+01,6.307000000000000000e+07,6.970000000000000000e+07
6.437059086396185309e+07,-1.553504460000000286e-09,2.669500000000000028e+01,6.307000000000000000e+07,6.970000000000000000e+07
6.420034534392965585e+07,-1.557624020000000169e-09,2.669999999999999929e+01,6.307000000000000000e+07,6.970000000000000000e+07
6.411420124107782543e+07,-1.559716850000000099e-09,2.670500000000000185e+01,6.307000000000000000e+07,6.970000000000000000e+07
6.403268228103624284e+07,-1.561702500000000067e-09,2.671000000000000085e+01,6.307000000000000000e+07,6.970000000000000000e+07
6.385471815392637998e+07,-1.566054990000000086e-09,2.671499999999999986e+01,6.307000000000000000e+07,6.970000000000000000e+07
6.368650749752593786e+07,-1.570191300000000138e-09,2.671999999999999886e+01,6.307000000000000000e+07,6.970000000000000000e+07
6.354078697094638646e+07,-1.573792280000000025e-09,2.672500000000000142e+01,6.307000000000000000e+07,6.970000000000000000e+07
6.342064298930106312e+07,-1.576773669999999934e-09,2.673000000000000043e+01,6.307000000000000000e+07,6.970000000000000000e+07
6.331344360496516526e+07,-1.579443390000000085e-09,2.673499999999999943e+01,6.307000000000000000e+07,6.970000000000000000e+07
6.326528135861027241e+07,-1.580645780000000140e-09,2.674000000000000199e+01,6.307000000000000000e+07,6.970000000000000000e+07
6.319623808972888440e+07,-1.582372670000000092e-09,2.674500000000000099e+01,6.307000000000000000e+07,6.970000000000000000e+07
6.310563383939150721e+07,-1.584644570000000112e-09,2.675000000000000000e+01,6.307000000000000000e+07,6.970000000000000000e+07
6.308909402111532539e+07,-1.585060010000000152e-09,2.675499999999999901e+01,6.307000000000000000e+07,6.970000000000000000e+07
6.305931126128377020e+07,-1.585808630000000232e-09,2.676000000000000156e+01,6.307000000000000000e+07,6.970000000000000000e+07
6.303289585982291400e+07,-1.586473199999999989e-09,2.676500000000000057e+01,6.307000000000000000e+07,6.970000000000000000e+07
6.306512500857371092e+07,-1.585662439999999994e-09,2.676999999999999957e+01,6.307000000000000000e+07,6.970000000000000000e+07
6.304523608540099859e+07,-1.586162670000000138e-09,2.677500000000000213e+01,6.307000000000000000e+07,6.970000000000000000e+07
6.291040704971001297e+07,-1.589562120000000179e-09,2.678000000000000114e+01,6.307000000000000000e+07,6.970000000000000000e+07
6.276344170111019164e+07,-1.593284200000000204e-09,2.678500000000000014e+01,6.307000000000000000e+07,6.970000000000000000e+07
6.269906522151758522e+07,-1.594920109999999983e-09,2.678999999999999915e+01,6.307000000000000000e+07,6.970000000000000000e+07
6.264758871341793239e+07,-1.596230630000000095e-09,2.679500000000000171e+01,6.307000000000000000e+07,6.970000000000000000e+07
6.258799833448329568e+07,-1.597750409999999954e-09,2.680000000000000071e+01,6.307000000000000000e+07,6.970000000000000000e+07
6.259695564213215560e+07,-1.597521779999999948e-09,2.680499999999999972e+01,6.307000000000000000e+07,6.970000000000000000e+07
6.264854125753514469e+07,-1.596206360000000134e-09,2.681000000000000227e+01,6.307000000000000000e+07,6.970000000000000000e+07
6.267608336377876997e+07,-1.595504929999999960e-09,2.681500000000000128e+01,6.307000000000000000e+07,6.970000000000000000e+07
6.265865131350923330e+07,-1.595948810000000132e-09,2.682000000000000028e+01,6.307000000000000000e+07,6.970000000000000000e+07
6.263335110199748725e+07,-1.596593479999999956e-09,2.682499999999999929e+01,6.307000000000000000e+07,6.970000000000000000e+07
6.258590933076674491e+07,-1.597803740000000121e-09,2.683000000000000185e+01,6.307000000000000000e+07,6.970000000000000000e+07
6.253802429135709256e+07,-1.599027170000000223e-09,2.683500000000000085e+01,6.307000000000000000e+07,6.970000000000000000e+07
6.250550907930647582e+07,-1.599858980000000104e-09,2.683999999999999986e+01,6.307000000000000000e+07,6.970000000000000000e+07
6.246130132000092417e+07,-1.600991300000000073e-09,2.684499999999999886e+01,6.307000000000000000e+07,6.970000000000000000e+07
6.242603841001728922e+07,-1.601895660000000126e-09,2.685000000000000142e+01,6.307000000000000000e+07,6.970000000000000000e+07
6.235363147518534213e+07,-1.603755830000000296e-09,2.685500000000000043e+01,6.307000000000000000e+07,6.970000000000000000e+07
6.225468618726266921e+07,-1.606304780000000123e-09,2.685999999999999943e+01,6.307000000000000000e+07,6.970000000000000000e+07
6.222118957170622796e+07,-1.607169530000000123e-09,2.686500000000000199e+01,6.307000000000000000e+07,6.970000000000000000e+07
6.226190347664118558e+07,-1.606118580000000118e-09,2.687000000000000099e+01,6.307000000000000000e+07,6.970000000000000000e+07
6.230375951227321476e+07,-1.605039580000000064e-09,2.687500000000000000e+01,6.307000000000000000e+07,6.970000000000000000e+07
6.229432749099753797e+07,-1.605282600000000066e-09,2.687999999999999901e+01,6.307000000000000000e+07,6.970000000000000000e+07
6.229844545007010549e+07,-1.605176490000000115e-09,2.688500000000000156e+01,6.307000000000000000e+07,6.970000000000000000e+07
6.225846788472577929e+07,-1.606207210000000164e-09,2.689000000000000057e+01,6.307000000000000000e+07,6.970000000000000000e+07
6.220551597708866000e+07,-1.607574480000000169e-09,2.689499999999999957e+01,6.307000000000000000e+07,6.970000000000000000e+07
6.215834355672328919e+07,-1.608794480000000088e-09,2.690000000000000213e+01,6.307000000000000000e+07,6.970000000000000000e+07
6.211083485937066376e+07,-1.610025050000000151e-09,2.690500000000000114e+01,6.307000000000000000e+07,6.970000000000000000e+07
6.204173492911954969e+07,-1.611818240000000145e-09,2.691000000000000014e+01,6.307000000000000000e+07,6.970000000000000000e+07
6.194523665691395104e+07,-1.614329129999999999e-09,2.691499999999999915e+01,6.307000000000000000e+07,6.970000000000000000e+07
6.187373685152928531e+07,-1.616194610000000042e-09,2.692000000000000171e+01,6.307000000000000000e+07,6.970000000000000000e+07
6.172370863199892640e+07,-1.620123000000000114e-09,2.692500000000000071e+01,6.307000000000000000e+07,6.970000000000000000e+07
6.153306101836157590e+07,-1.625142620000000126e-09,2.692999999999999972e+01,6.307000000000000000e+07,6.970000000000000000e+07
6.142732155808435380e+07,-1.627940100000000099e-09,2.693500000000000227e+01,6.307000000000000000e+07,6.970000000000000000e+07
6.131221606542661041e+07,-1.630996340000000087e-09,2.694000000000000128e+01,6.307000000000000000e+07,6.970000000000000000e+07
6.116463383559528738e+07,-1.634931720000000071e-09,2.694500000000000028e+01,6.307000000000000000e+07,6.970000000000000000e+07
6.108682502570838481e+07,-1.637014200000000218e-09,2.694999999999999929e+01,6.307000000000000000e+07,6.970000000000000000e+07
6.105527236729528010e+07,-1.637860190000000193e-09,2.695500000000000185e+01,6.307000000000000000e+07,6.970000000000000000e+07
6.102522959354310483e+07,-1.638666510000000054e-09,2.696000000000000085e+01,6.307000000000000000e+07,6.970000000000000000e+07
6.099175397585421801e+07,-1.639565900000000094e-09,2.696499999999999986e+01,6.307000000000000000e+07,6.970000000000000000e+07
6.100155364246956259e+07,-1.639302510000000133e-09,2.696999999999999886e+01,6.307000000000000000e+07,6.970000000000000000e+07
6.101782292776670307e+07,-1.638865420000000016e-09,2.697500000000000142e+01,6.307000000000000000e+07,6.970000000000000000e+07
6.093360012582057714e+07,-1.641130669999999984e-09,2.698000000000000043e+01,6.307000000000000000e+07,6.970000000000000000e+07
6.089172435127463937e+07,-1.642259290000000015e-09,2.698499999999999943e+01,6.307000000000000000e+07,6.970000000000000000e+07
6.088784772022350878e+07,-1.642363850000000093e-09,2.699000000000000199e+01,6.307000000000000000e+07,6.970000000000000000e+07
6.078631228408701718e+07,-1.645107200000000057e-09,2.699500000000000099e+01,6.307000000000000000e+07,6.970000000000000000e+07
6.068723953567804396e+07,-1.647792860000000078e-09,2.700000000000000000e+01,6.307000000000000000e+07,6.970000000000000000e+07
6.067904352084858716e+07,-1.648015430000000179e-09,2.700499999999999901e+01,6.307000000000000000e+07,6.970000000000000000e+07
6.063641372479756922e+07,-1.649174050000000260e-09,2.701000000000000156e+01,6.307000000000000000e+07,6.970000000000000000e+07
6.059374795647585392e+07,-1.650335279999999974e-09,2.701500000000000057e+01,6.307000000000000000e+07,6.970000000000000000e+07
6.061483983904529363e+07,-1.649761020000000096e-09,2.701999999999999957e+01,6.307000000000000000e+07,6.970000000000000000e+07
6.057426425696025044e+07,-1.650866109999999946e-09,2.702500000000000213e+01,6.307000000000000000e+07,6.970000000000000000e+07
6.051568464879745990e+07,-1.652464160000000229e-09,2.703000000000000114e+01,6.307000000000000000e+07,6.970000000000000000e+07
6.053284154838650674e+07,-1.651995799999999987e-09,2.703500000000000014e+01,6.307000000000000000e+07,6.970000000000000000e+07
6.059412796969624609e+07,-1.650324930000000190e-09,2.703999999999999915e+01,6.307000000000000000e+07,6.970000000000000000e+07
6.055796950387859344e+07,-1.651310320000000141e-09,2.704500000000000171e+01,6.307000000000000000e+07,6.970000000000000000e+07
6.048020277028238028e+07,-1.653433610000000103e-09,2.705000000000000071e+01,6.307000000000000000e+07,6.970000000000000000e+07
6.045014795083036274e+07,-1.654255669999999977e-09,2.705499999999999972e+01,6.307000000000000000e+07,6.970000000000000000e+07
6.035746321300134808e+07,-1.656795940000000222e-09,2.706000000000000227e+01,6.307000000000000000e+07,6.970000000000000000e+07
6.028670802941723913e+07,-1.658740430000000057e-09,2.706500000000000128e+01,6.307000000000000000e+07,6.970000000000000000e+07
6.025935021740067005e+07,-1.659493500000000107e-09,2.707000000000000028e+01,6.307000000000000000e+07,6.970000000000000000e+07
6.026278116037455946e+07,-1.659399020000000058e-09,2.707499999999999929e+01,6.307000000000000000e+07,6.970000000000000000e+07
6.026367999547202140e+07,-1.659374270000000233e-09,2.708000000000000185e+01,6.307000000000000000e+07,6.970000000000000000e+07
6.033059185493089259e+07,-1.657533880000000082e-09,2.708500000000000085e+01,6.307000000000000000e+07,6.970000000000000000e+07
6.043650105753904581e+07,-1.654629210000000103e-09,2.708999999999999986e+01,6.307000000000000000e+07,6.970000000000000000e+07
6.051758829325501621e+07,-1.652412180000000079e-09,2.709499999999999886e+01,6.307000000000000000e+07,6.970000000000000000e+07
6.060056284954366833e+07,-1.650149689999999998e-09,2.710000000000000142e+01,6.307000000000000000e+07,6.970000000000000000e+07
6.062741321355555207e+07,-1.649418880000000054e-09,2.710500000000000043e+01,6.307000000000000000e+07,6.970000000000000000e+07
6.054399054002569616e+07,-1.651691590000000166e-09,2.710999999999999943e+01,6.307000000000000000e+07,6.970000000000000000e+07
6.043775610688018054e+07,-1.654594850000000069e-09,2.711500000000000199e+01,6.307000000000000000e+07,6.970000000000000000e+07
6.040992751134911925e+07,-1.655357060000000096e-09,2.712000000000000099e+01,6.307000000000000000e+07,6.970000000000000000e+07
6.040276539806322008e+07,-1.655553340000000130e-09,2.712500000000000000e+01,6.307000000000000000e+07,6.970000000000000000e+07
6.038347321728483588e+07,-1.656082279999999955e-09,2.712999999999999901e+01,6.307000000000000000e+07,6.970000000000000000e+07
6.033640295990119874e+07,-1.657374240000000106e-09,2.713500000000000156e+01,6.307000000000000000e+07,6.970000000000000000e+07
6.033781076695288718e+07,-1.657335570000000105e-09,2.714000000000000057e+01,6.307000000000000000e+07,6.970000000000000000e+07
6.027698988719680160e+07,-1.659007860000000023e-09,2.714499999999999957e+01,6.307000000000000000e+07,6.970000000000000000e+07
6.022105390433507413e+07,-1.660548820000000140e-09,2.715000000000000213e+01,6.307000000000000000e+07,6.970000000000000000e+07
6.018645957773854584e+07,-1.661503280000000033e-09,2.715500000000000114e+01,6.307000000000000000e+07,6.970000000000000000e+07
6.015613138902781159e+07,-1.662340940000000124e-09,2.716000000000000014e+01,6.307000000000000000e+07,6.970000000000000000e+07
6.009436943341724575e+07,-1.664049410000000119e-09,2.716499999999999915e+01,6.307000000000000000e+07,6.970000000000000000e+07
6.010834818280020356e+07,-1.663662420000000256e-09,2.717000000000000171e+01,6.307000000000000000e+07,6.970000000000000000e+07
6.012427784429260343e+07,-1.663221640000000038e-09,2.717500000000000071e+01,6.307000000000000000e+07,6.970000000000000000e+07
6.013336570272320509e+07,-1.662970280000000107e-09,2.717999999999999972e+01,6.307000000000000000e+07,6.970000000000000000e+07
6.010892879968149215e+07,-1.663646350000000221e-09,2.718500000000000227e+01,6.307000000000000000e+07,6.970000000000000000e+07
6.004894180914058536e+07,-1.665308280000000104e-09,2.719000000000000128e+01,6.307000000000000000e+07,6.970000000000000000e+07
5.990851526396179944e+07,-1.669211790000000186e-09,2.719500000000000028e+01,6.307000000000000000e+07,6.970000000000000000e+07
5.978541233906222880e+07,-1.672648830000000174e-09,2.719999999999999929e+01,6.307000000000000000e+07,6.970000000000000000e+07
5.967619090119862556e+07,-1.675710170000000133e-09,2.720500000000000185e+01,6.307000000000000000e+07,6.970000000000000000e+07
5.951622935262227058e+07,-1.680213970000000243e-09,2.721000000000000085e+01,6.307000000000000000e+07,6.970000000000000000e+07
5.934750821267139167e+07,-1.684990710000000050e-09,2.721499999999999986e+01,6.307000000000000000e+07,6.970000000000000000e+07
5.924871105762189627e+07,-1.687800430000000161e-09,2.721999999999999886e+01,6.307000000000000000e+07,6.970000000000000000e+07
5.919958187098526955e+07,-1.689201119999999942e-09,2.722500000000000142e+01,6.307000000000000000e+07,6.970000000000000000e+07
5.918742659242424369e+07,-1.689548030000000140e-09,2.723000000000000043e+01,6.307000000000000000e+07,6.970000000000000000e+07
5.925457542647932470e+07,-1.687633390000000101e-09,2.723499999999999943e+01,6.307000000000000000e+07,6.970000000000000000e+07
5.934805309067924321e+07,-1.684975239999999999e-09,2.724000000000000199e+01,6.307000000000000000e+07,6.970000000000000000e+07
5.940627456319501996e+07,-1.683323870000000007e-09,2.724500000000000099e+01,6.307000000000000000e+07,6.970000000000000000e+07
5.949442140443649888e+07,-1.680829860000000075e-09,2.725000000000000000e+01,6.307000000000000000e+07,6.970000000000000000e+07
5.956824566220907867e+07,-1.678746770000000106e-09,2.725499999999999901e+01,6.307000000000000000e+07,6.970000000000000000e+07
5.959045364269709587e+07,-1.678121140000000106e-09,2.726000000000000156e+01,6.307000000000000000e+07,6.970000000000000000e+07
5.964011200222185999e+07,-1.676723880000000095e-09,2.726500000000000057e+01,6.307000000000000000e+07,6.970000000000000000e+07
5.972800713687568158e+07,-1.674256430000000192e-09,2.726999999999999957e+01,6.307000000000000000e+07,6.970000000000000000e+07
5.972449306357946247e+07,-1.674354939999999996e-09,2.727500000000000213e+01,6.307000000000000000e+07,6.970000000000000000e+07
5.966090424464841932e+07,-1.676139529999999937e-09,2.728000000000000114e+01,6.307000000000000000e+07,6.970000000000000000e+07
5.967459336822041869e+07,-1.675755029999999999e-09,2.728500000000000014e+01,6.307000000000000000e+07,6.970000000000000000e+07
5.971865050779514760e+07,-1.674518750000000143e-09,2.728999999999999915e+01,6.307000000000000000e+07,6.970000000000000000e+07
5.966510537206649780e+07,-1.676021510000000077e-09,2.729500000000000171e+01,6.307000000000000000e+07,6.970000000000000000e+07
5.957427815723746270e+07,-1.678576780000000140e-09,2.730000000000000071e+01,6.307000000000000000e+07,6.970000000000000000e+07
5.948117639063154161e+07,-1.681204139999999981e-09,2.730499999999999972e+01,6.307000000000000000e+07,6.970000000000000000e+07
5.933892884795434028e+07,-1.685234330000000037e-09,2.731000000000000227e+01,6.307000000000000000e+07,6.970000000000000000e+07
5.920255846934958547e+07,-1.689116190000000041e-09,2.731500000000000128e+01,6.307000000000000000e+07,6.970000000000000000e+07
5.916403933958969265e+07,-1.690215900000000121e-09,2.732000000000000028e+01,6.307000000000000000e+07,6.970000000000000000e+07
5.909747366514630616e+07,-1.692119710000000099e-09,2.732499999999999929e+01,6.307000000000000000e+07,6.970000000000000000e+07
5.901911668141928315e+07,-1.694366260000000103e-09,2.733000000000000185e+01,6.307000000000000000e+07,6.970000000000000000e+07
5.903379006182792038e+07,-1.693945110000000062e-09,2.733500000000000085e+01,6.307000000000000000e+07,6.970000000000000000e+07
5.910328682361725718e+07,-1.691953280000000068e-09,2.733999999999999986e+01,6.307000000000000000e+07,6.970000000000000000e+07
5.917504309126637876e+07,-1.689901600000000020e-09,2.734499999999999886e+01,6.307000000000000000e+07,6.970000000000000000e+07
5.926782332802388817e+07,-1.687256160000000082e-09,2.735000000000000142e+01,6.307000000000000000e+07,6.970000000000000000e+07
5.931193458377601206e+07,-1.686001320000000058e-09,2.735500000000000043e+01,6.307000000000000000e+07,6.970000000000000000e+07
5.929948240565381199e+07,-1.686355360000000171e-09,2.735999999999999943e+01,6.307000000000000000e+07,6.970000000000000000e+07
5.928332249159932137e+07,-1.686815040000000003e-09,2.736500000000000199e+01,6.307000000000000000e+07,6.970000000000000000e+07
5.929368508497710526e+07,-1.686520239999999915e-09,2.737000000000000099e+01,6.307000000000000000e+07,6.970000000000000000e+07
5.934383028367169201e+07,-1.685095140000000169e-09,2.737500000000000000e+01,6.307000000000000000e+07,6.970000000000000000e+07
5.937370043957734853e+07,-1.684247390000000006e-09,2.737999999999999901e+01,6.307000000000000000e+07,6.970000000000000000e+07
5.944606044596696645e+07,-1.682197260000000038e-09,2.738500000000000156e+01,6.307000000000000000e+07,6.970000000000000000e+07
5.946109435028390586e+07,-1.681771940000000033e-09,2.739000000000000057e+01,6.307000000000000000e+07,6.970000000000000000e+07
5.943365644995376468e+07,-1.682548340000000200e-09,2.739499999999999957e+01,6.307000000000000000e+07,6.970000000000000000e+07
5.945518903426567465e+07,-1.681938980000000093e-09,2.740000000000000213e+01,6.307000000000000000e+07,6.970000000000000000e+07
5.948353421418533474e+07,-1.681137500000000079e-09,2.740500000000000114e+01,6.307000000000000000e+07,6.970000000000000000e+07
5.945520564839198440e+07,-1.681938510000000068e-09,2.741000000000000014e+01,6.307000000000000000e+07,6.970000000000000000e+07
5.936289050831249356e+07,-1.684554090000000165e-09,2.741499999999999915e+01,6.307000000000000000e+07,6.970000000000000000e+07
5.927707715829200298e+07,-1.686992760000000283e-09,2.742000000000000171e+01,6.307000000000000000e+07,6.970000000000000000e+07
5.924650660231516510e+07,-1.687863230000000121e-09,2.742500000000000071e+01,6.307000000000000000e+07,6.970000000000000000e+07
5.924706577425576001e+07,-1.687847300000000088e-09,2.742999999999999972e+01,6.307000000000000000e+07,6.970000000000000000e+07
5.925657998396872729e+07,-1.687576299999999935e-09,2.743500000000000227e+01,6.307000000000000000e+07,6.970000000000000000e+07
5.921721486124936491e+07,-1.688698129999999911e-09,2.744000000000000128e+01,6.307000000000000000e+07,6.970000000000000000e+07
5.918997804762094468e+07,-1.689475199999999960e-09,2.744500000000000028e+01,6.307000000000000000e+07,6.970000000000000000e+07
5.922522134005070478e+07,-1.688469840000000178e-09,2.744999999999999929e+01,6.307000000000000000e+07,6.970000000000000000e+07
5.923313805964453518e+07,-1.688244170000000123e-09,2.745500000000000185e+01,6.307000000000000000e+07,6.970000000000000000e+07
5.915141160141249001e+07,-1.690576730000000289e-09,2.746000000000000085e+01,6.307000000000000000e+07,6.970000000000000000e+07
5.903459859020301700e+07,-1.693921910000000111e-09,2.746499999999999986e+01,6.307000000000000000e+07,6.970000000000000000e+07
5.892622083005490154e+07,-1.697037390000000124e-09,2.746999999999999886e+01,6.307000000000000000e+07,6.970000000000000000e+07
5.880502727471252531e+07,-1.700534880000000149e-09,2.747500000000000142e+01,6.307000000000000000e+07,6.970000000000000000e+07
5.870127847451531887e+07,-1.703540410000000061e-09,2.748000000000000043e+01,6.307000000000000000e+07,6.970000000000000000e+07
5.865842217068272084e+07,-1.704785030000000053e-09,2.748499999999999943e+01,6.307000000000000000e+07,6.970000000000000000e+07
5.863608468052132428e+07,-1.705434470000000032e-09,2.749000000000000199e+01,6.307000000000000000e+07,6.970000000000000000e+07
5.863496797753835469e+07,-1.705466949999999964e-09,2.749500000000000099e+01,6.307000000000000000e+07,6.970000000000000000e+07
5.872001845405764133e+07,-1.702996739999999966e-09,2.750000000000000000e+01,6.307000000000000000e+07,6.970000000000000000e+07
5.890110320411575586e+07,-1.697761070000000153e-09,2.750499999999999901e+01,6.307000000000000000e+07,6.970000000000000000e+07
5.905926969787580520e+07,-1.693214300000000118e-09,2.751000000000000156e+01,6.307000000000000000e+07,6.970000000000000000e+07
5.920093712715434283e+07,-1.689162450000000147e-09,2.751500000000000057e+01,6.307000000000000000e+07,6.970000000000000000e+07
5.936222448871152848e+07,-1.684572989999999986e-09,2.751999999999999957e+01,6.307000000000000000e+07,6.970000000000000000e+07
5.941743992770561576e+07,-1.683007550000000007e-09,2.752500000000000213e+01,6.307000000000000000e+07,6.970000000000000000e+07
5.938111634776681662e+07,-1.684037049999999998e-09,2.753000000000000114e+01,6.307000000000000000e+07,6.970000000000000000e+07
5.940620362826002389e+07,-1.683325880000000069e-09,2.753500000000000014e+01,6.307000000000000000e+07,6.970000000000000000e+07
5.940132963936264813e+07,-1.683464000000000133e-09,2.753999999999999915e+01,6.307000000000000000e+07,6.970000000000000000e+07
5.936554451579377800e+07,-1.684478780000000106e-09,2.754500000000000171e+01,6.307000000000000000e+07,6.970000000000000000e+07
5.937313852222859114e+07,-1.684263330000000082e-09,2.755000000000000071e+01,6.307000000000000000e+07,6.970000000000000000e+07
5.938271442698830366e+07,-1.683991730000000151e-09,2.755499999999999972e+01,6.307000000000000000e+07,6.970000000000000000e+07
5.939107153947365284e+07,-1.683754770000000054e-09,2.756000000000000227e+01,6.307000000000000000e+07,6.970000000000000000e+07
5.940187515324941278e+07,-1.683448540000000127e-09,2.756500000000000128e+01,6.307000000000000000e+07,6.970000000000000000e+07
5.948387919954328239e+07,-1.681127750000000073e-09,2.757000000000000028e+01,6.307000000000000000e+07,6.970000000000000000e+07
5.956906854194542021e+07,-1.678723580000000200e-09,2.757499999999999929e+01,6.307000000000000000e+07,6.970000000000000000e+07
5.955915823874302208e+07,-1.679002910000000031e-09,2.758000000000000185e+01,6.307000000000000000e+07,6.970000000000000000e+07
5.953366766131351143e+07,-1.679721810000000066e-09,2.758500000000000085e+01,6.307000000000000000e+07,6.970000000000000000e+07
5.945611873263242841e+07,-1.681912679999999981e-09,2.758999999999999986e+01,6.307000000000000000e+07,6.970000000000000000e+07
5.935092839482013136e+07,-1.684893610000000117e-09,2.759499999999999886e+01,6.307000000000000000e+07,6.970000000000000000e+07
5.932860956966319680e+07,-1.685527450000000086e-09,2.760000000000000142e+01,6.307000000000000000e+07,6.970000000000000000e+07
5.932203972996322811e+07,-1.685714120000000117e-09,2.760500000000000043e+01,6.307000000000000000e+07,6.970000000000000000e+07
5.934001301706261188e+07,-1.685203540000000189e-09,2.760999999999999943e+01,6.307000000000000000e+07,6.970000000000000000e+07
5.939476485158225149e+07,-1.683650070000000179e-09,2.761500000000000199e+01,6.307000000000000000e+07,6.970000000000000000e+07
5.946322676022642851e+07,-1.681711629999999999e-09,2.762000000000000099e+01,6.307000000000000000e+07,6.970000000000000000e+07
5.943431206311248243e+07,-1.682529780000000240e-09,2.762500000000000000e+01,6.307000000000000000e+07,6.970000000000000000e+07
5.932370572077121586e+07,-1.685666780000000164e-09,2.762999999999999901e+01,6.307000000000000000e+07,6.970000000000000000e+07
5.924202202499894798e+07,-1.687991000000000194e-09,2.763500000000000156e+01,6.307000000000000000e+07,6.970000000000000000e+07
5.912752873141136020e+07,-1.691259590000000045e-09,2.764000000000000057e+01,6.307000000000000000e+07,6.970000000000000000e+07
5.898638979304701835e+07,-1.695306330000000000e-09,2.764499999999999957e+01,6.307000000000000000e+07,6.970000000000000000e+07
5.892455625669688731e+07,-1.697085330000000061e-09,2.765000000000000213e+01,6.307000000000000000e+07,6.970000000000000000e+07
5.886197355167892575e+07,-1.698889689999999977e-09,2.765500000000000114e+01,6.307000000000000000e+07,6.970000000000000000e+07
5.873622975348210335e+07,-1.702526710000000143e-09,2.766000000000000014e+01,6.307000000000000000e+07,6.970000000000000000e+07
5.857675004323109984e+07,-1.707161970000000221e-09,2.766499999999999915e+01,6.307000000000000000e+07,6.970000000000000000e+07
5.843567431066254526e+07,-1.711283410000000207e-09,2.767000000000000171e+01,6.307000000000000000e+07,6.970000000000000000e+07
5.835235644466911256e+07,-1.713726850000000067e-09,2.767500000000000071e+01,6.307000000000000000e+07,6.970000000000000000e+07
5.831149616394907236e+07,-1.714927700000000085e-09,2.767999999999999972e+01,6.307000000000000000e+07,6.970000000000000000e+07
5.834991346124333888e+07,-1.713798600000000191e-09,2.768500000000000227e+01,6.307000000000000000e+07,6.970000000000000000e+07
5.842579990309847891e+07,-1.711572630000000047e-09,2.769000000000000128e+01,6.307000000000000000e+07,6.970000000000000000e+07
5.849209804510986060e+07,-1.709632639999999993e-09,2.769500000000000028e+01,6.307000000000000000e+07,6.970000000000000000e+07
5.853273020037480444e+07,-1.708445849999999948e-09,2.769999999999999929e+01,6.307000000000000000e+07,6.970000000000000000e+07
5.855051421901287138e+07,-1.707926930000000091e-09,2.770500000000000185e+01,6.307000000000000000e+07,6.970000000000000000e+07
5.851588935193032026e+07,-1.708937540000000099e-09,2.771000000000000085e+01,6.307000000000000000e+07,6.970000000000000000e+07
5.853178084886487573e+07,-1.708473560000000137e-09,2.771499999999999986e+01,6.307000000000000000e+07,6.970000000000000000e+07
5.857535424983085692e+07,-1.707202650000000078e-09,2.771999999999999886e+01,6.307000000000000000e+07,6.970000000000000000e+07
5.860710681146974862e+07,-1.706277709999999958e-09,2.772500000000000142e+01,6.307000000000000000e+07,6.970000000000000000e+07
5.857412903960288316e+07,-1.707238360000000129e-09,2.773000000000000043e+01,6.307000000000000000e+07,6.970000000000000000e+07
5.855186048946568370e+07,-1.707887660000000105e-09,2.773499999999999943e+01,6.307000000000000000e+07,6.970000000000000000e+07
5.850689696853534132e+07,-1.709200200000000117e-09,2.774000000000000199e+01,6.307000000000000000e+07,6.970000000000000000e+07
5.847371009714553505e+07,-1.710170260000000020e-09,2.774500000000000099e+01,6.307000000000000000e+07,6.970000000000000000e+07
5.844017526886469871e+07,-1.711151609999999965e-09,2.775000000000000000e+01,6.307000000000000000e+07,6.970000000000000000e+07
5.846118013947433978e+07,-1.710536800000000189e-09,2.775499999999999901e+01,6.307000000000000000e+07,6.970000000000000000e+07
5.847510583760256320e+07,-1.710129440000000160e-09,2.776000000000000156e+01,6.307000000000000000e+07,6.970000000000000000e+07
5.851615883057375252e+07,-1.708929670000000196e-09,2.776500000000000057e+01,6.307000000000000000e+07,6.970000000000000000e+07
5.862491990810004622e+07,-1.705759260000000127e-09,2.776999999999999957e+01,6.307000000000000000e+07,6.970000000000000000e+07
5.874467781296407431e+07,-1.702281870000000099e-09,2.777500000000000213e+01,6.307000000000000000e+07,6.970000000000000000e+07
5.885244153914789110e+07,-1.699164850000000257e-09,2.778000000000000114e+01,6.307000000000000000e+07,6.970000000000000000e+07
5.893302107161365449e+07,-1.696841570000000071e-09,2.778500000000000014e+01,6.307000000000000000e+07,6.970000000000000000e+07
5.897032528314483911e+07,-1.695768160000000104e-09,2.778999999999999915e+01,6.307000000000000000e+07,6.970000000000000000e+07
5.897176117755331099e+07,-1.695726870000000218e-09,2.779500000000000171e+01,6.307000000000000000e+07,6.970000000000000000e+07
5.903283623592279106e+07,-1.693972480000000184e-09,2.780000000000000071e+01,6.307000000000000000e+07,6.970000000000000000e+07
5.906483846186041087e+07,-1.693054660000000142e-09,2.780499999999999972e+01,6.307000000000000000e+07,6.970000000000000000e+07
5.904966880221762508e+07,-1.693489599999999987e-09,2.781000000000000227e+01,6.307000000000000000e+07,6.970000000000000000e+07
5.902581400124300271e+07,-1.694174010000000030e-09,2.781500000000000128e+01,6.307000000000000000e+07,6.970000000000000000e+07
5.904233544461246580e+07,-1.693699939999999995e-09,2.782000000000000028e+01,6.307000000000000000e+07,6.970000000000000000e+07
5.910033696470822394e+07,-1.692037730000000105e-09,2.782499999999999929e+01,6.307000000000000000e+07,6.970000000000000000e+07
5.916634618229150772e+07,-1.690150000000000207e-09,2.783000000000000185e+01,6.307000000000000000e+07,6.970000000000000000e+07
5.929515329481109232e+07,-1.686478480000000003e-09,2.783500000000000085e+01,6.307000000000000000e+07,6.970000000000000000e+07
5.944391230584391952e+07,-1.682258050000000143e-09,2.783999999999999986e+01,6.307000000000000000e+07,6.970000000000000000e+07
5.954981648830801249e+07,-1.679266300000000198e-09,2.784499999999999886e+01,6.307000000000000000e+07,6.970000000000000000e+07
5.967685187610385567e+07,-1.675691610000000173e-09,2.785000000000000142e+01,6.307000000000000000e+07,6.970000000000000000e+07
5.982228784381558746e+07,-1.671617780000000102e-09,2.785500000000000043e+01,6.307000000000000000e+07,6.970000000000000000e+07
5.989316999012469500e+07,-1.669639460000000113e-09,2.785999999999999943e+01,6.307000000000000000e+07,6.970000000000000000e+07
5.987920436369461566e+07,-1.670028870000000210e-09,2.786500000000000199e+01,6.307000000000000000e+07,6.970000000000000000e+07
5.985272339617519826e+07,-1.670767750000000121e-09,2.787000000000000099e+01,6.307000000000000000e+07,6.970000000000000000e+07
5.976626275271596014e+07,-1.673184760000000117e-09,2.787500000000000000e+01,6.307000000000000000e+07,6.970000000000000000e+07
5.971182143471194059e+07,-1.674710260000000021e-09,2.787999999999999901e+01,6.307000000000000000e+07,6.970000000000000000e+07
5.966886631367718428e+07,-1.675915870000000151e-09,2.788500000000000156e+01,6.307000000000000000e+07,6.970000000000000000e+07
5.956293918398165703e+07,-1.678896330000000053e-09,2.789000000000000057e+01,6.307000000000000000e+07,6.970000000000000000e+07
5.939180240489880741e+07,-1.683734049999999984e-09,2.789499999999999957e+01,6.307000000000000000e+07,6.970000000000000000e+07
5.926565046700562537e+07,-1.687318019999999990e-09,2.790000000000000213e+01,6.307000000000000000e+07,6.970000000000000000e+07
5.925321771339865774e+07,-1.687672060000000103e-09,2.790500000000000114e+01,6.307000000000000000e+07,6.970000000000000000e+07
5.923727880622381717e+07,-1.688126160000000100e-09,2.791000000000000014e+01,6.307000000000000000e+07,6.970000000000000000e+07
5.923389767363131046e+07,-1.688222520000000253e-09,2.791499999999999915e+01,6.307000000000000000e+07,6.970000000000000000e+07
5.927703920958004147e+07,-1.686993840000000131e-09,2.792000000000000171e+01,6.307000000000000000e+07,6.970000000000000000e+07
5.926573792632608861e+07,-1.687315530000000065e-09,2.792500000000000071e+01,6.307000000000000000e+07,6.970000000000000000e+07
5.924170826688536257e+07,-1.687999940000000108e-09,2.792999999999999972e+01,6.307000000000000000e+07,6.970000000000000000e+07
5.919746797748488188e+07,-1.689261440000000021e-09,2.793500000000000227e+01,6.307000000000000000e+07,6.970000000000000000e+07
5.909657191246429831e+07,-1.692145529999999933e-09,2.794000000000000128e+01,6.307000000000000000e+07,6.970000000000000000e+07
5.893595911419206858e+07,-1.696756980000000031e-09,2.794500000000000028e+01,6.307000000000000000e+07,6.970000000000000000e+07
5.881107599344934523e+07,-1.700359980000000024e-09,2.794999999999999929e+01,6.307000000000000000e+07,6.970000000000000000e+07
5.879871704492136091e+07,-1.700717380000000009e-09,2.795500000000000185e+01,6.307000000000000000e+07,6.970000000000000000e+07
5.882390796091358364e+07,-1.699989060000000196e-09,2.796000000000000085e+01,6.307000000000000000e+07,6.970000000000000000e+07
5.886642156415475905e+07,-1.698761320000000126e-09,2.796499999999999986e+01,6.307000000000000000e+07,6.970000000000000000e+07
5.890054568646153808e+07,-1.697777139999999981e-09,2.796999999999999886e+01,6.307000000000000000e+07,6.970000000000000000e+07
5.893776466739945859e+07,-1.696705000000000088e-09,2.797500000000000142e+01,6.307000000000000000e+07,6.970000000000000000e+07
5.898518977440772206e+07,-1.695340819999999993e-09,2.798000000000000043e+01,6.307000000000000000e+07,6.970000000000000000e+07
5.909261283837834001e+07,-1.692258899999999966e-09,2.798499999999999943e+01,6.307000000000000000e+07,6.970000000000000000e+07
5.918076785069648176e+07,-1.689738130000000147e-09,2.799000000000000199e+01,6.307000000000000000e+07,6.970000000000000000e+07
5.914034633438434452e+07,-1.690893040000000038e-09,2.799500000000000099e+01,6.307000000000000000e+07,6.970000000000000000e+07
5.906988941980840266e+07,-1.692909890000000026e-09,2.800000000000000000e+01,6.307000000000000000e+07,6.970000000000000000e+07
5.902737210806383938e+07,-1.694129290000000168e-09,2.800499999999999901e+01,6.307000000000000000e+07,6.970000000000000000e+07
5.898760656229100376e+07,-1.695271360000000143e-09,2.801000000000000156e+01,6.307000000000000000e+07,6.970000000000000000e+07
5.901064835937622190e+07,-1.694609410000000064e-09,2.801500000000000057e+01,6.307000000000000000e+07,6.970000000000000000e+07
5.909283352961412817e+07,-1.692252579999999937e-09,2.801999999999999957e+01,6.307000000000000000e+07,6.970000000000000000e+07
5.911539113899539411e+07,-1.691606840000000103e-09,2.802500000000000213e+01,6.307000000000000000e+07,6.970000000000000000e+07
5.904427651176287234e+07,-1.693644259999999906e-09,2.803000000000000114e+01,6.307000000000000000e+07,6.970000000000000000e+07
5.902881531168746203e+07,-1.694087870000000116e-09,2.803500000000000014e+01,6.307000000000000000e+07,6.970000000000000000e+07
5.905655127788219601e+07,-1.693292239999999899e-09,2.803999999999999915e+01,6.307000000000000000e+07,6.970000000000000000e+07
5.902502208804863691e+07,-1.694196740000000162e-09,2.804500000000000171e+01,6.307000000000000000e+07,6.970000000000000000e+07
5.896559730649396777e+07,-1.695904130000000103e-09,2.805000000000000071e+01,6.307000000000000000e+07,6.970000000000000000e+07
5.897502132433564216e+07,-1.695633130000000156e-09,2.805499999999999972e+01,6.307000000000000000e+07,6.970000000000000000e+07
5.898115411750798672e+07,-1.695456820000000160e-09,2.806000000000000227e+01,6.307000000000000000e+07,6.970000000000000000e+07
5.900896229889664799e+07,-1.694657830000000072e-09,2.806500000000000128e+01,6.307000000000000000e+07,6.970000000000000000e+07
5.906180034837603569e+07,-1.693141749999999945e-09,2.807000000000000028e+01,6.307000000000000000e+07,6.970000000000000000e+07
5.901654754353594780e+07,-1.694440020000000082e-09,2.807499999999999929e+01,6.307000000000000000e+07,6.970000000000000000e+07
5.892616249548102170e+07,-1.697039070000000163e-09,2.808000000000000185e+01,6.307000000000000000e+07,6.970000000000000000e+07
5.885800392956045270e+07,-1.699004270000000230e-09,2.808500000000000085e+01,6.307000000000000000e+07,6.970000000000000000e+07
5.877225856770525128e+07,-1.701483020000000013e-09,2.808999999999999986e+01,6.307000000000000000e+07,6.970000000000000000e+07
5.872729265184146911e+07,-1.702785800000000181e-09,2.809499999999999886e+01,6.307000000000000000e+07,6.970000000000000000e+07
5.871142236828162521e+07,-1.703246080000000205e-09,2.810000000000000142e+01,6.307000000000000000e+07,6.970000000000000000e+07
5.868679091501481086e+07,-1.703960950000000072e-09,2.810500000000000043e+01,6.307000000000000000e+07,6.970000000000000000e+07
5.857489277426566184e+07,-1.707216100000000023e-09,2.810999999999999943e+01,6.307000000000000000e+07,6.970000000000000000e+07
5.846255887603531778e+07,-1.710496460000000192e-09,2.811500000000000199e+01,6.307000000000000000e+07,6.970000000000000000e+07
5.845808214991522580e+07,-1.710627450000000134e-09,2.812000000000000099e+01,6.307000000000000000e+07,6.970000000000000000e+07
5.849283877146811783e+07,-1.709610990000000123e-09,2.812500000000000000e+01,6.307000000000000000e+07,6.970000000000000000e+07
5.853306869908621162e+07,-1.708435970000000190e-09,2.812999999999999901e+01,6.307000000000000000e+07,6.970000000000000000e+07
5.863348380483371019e+07,-1.705510120000000159e-09,2.813500000000000156e+01,6.307000000000000000e+07,6.970000000000000000e+07
5.868255045255748928e+07,-1.704084079999999949e-09,2.814000000000000057e+01,6.307000000000000000e+07,6.970000000000000000e+07
5.863796199259699136e+07,-1.705379870000000205e-09,2.814499999999999957e+01,6.307000000000000000e+07,6.970000000000000000e+07
5.862967212528457493e+07,-1.705621000000000060e-09,2.815000000000000213e+01,6.307000000000000000e+07,6.970000000000000000e+07
5.870191802940478921e+07,-1.703521850000000100e-09,2.815500000000000114e+01,6.307000000000000000e+07,6.970000000000000000e+07
5.876551195021366328e+07,-1.701678360000000202e-09,2.816000000000000014e+01,6.307000000000000000e+07,6.970000000000000000e+07
5.882818964252891392e+07,-1.699865330000000128e-09,2.816499999999999915e+01,6.307000000000000000e+07,6.970000000000000000e+07
5.900419783595377207e+07,-1.694794670000000224e-09,2.817000000000000171e+01,6.307000000000000000e+07,6.970000000000000000e+07
5.916037956494948268e+07,-1.690320459999999992e-09,2.817500000000000071e+01,6.307000000000000000e+07,6.970000000000000000e+07
5.926914377192991227e+07,-1.687218570000000135e-09,2.817999999999999972e+01,6.307000000000000000e+07,6.970000000000000000e+07
5.942472410214812309e+07,-1.682801250000000212e-09,2.818500000000000227e+01,6.307000000000000000e+07,6.970000000000000000e+07
5.957885116174647957e+07,-1.678447940000000263e-09,2.819000000000000128e+01,6.307000000000000000e+07,6.970000000000000000e+07
5.965564138941806555e+07,-1.676287400000000214e-09,2.819500000000000028e+01,6.307000000000000000e+07,6.970000000000000000e+07
5.976449501915228367e+07,-1.673234249999999929e-09,2.819999999999999929e+01,6.307000000000000000e+07,6.970000000000000000e+07
5.985327257523888350e+07,-1.670752420000000074e-09,2.820500000000000185e+01,6.307000000000000000e+07,6.970000000000000000e+07
5.989322056957194209e+07,-1.669638050000000243e-09,2.821000000000000085e+01,6.307000000000000000e+07,6.970000000000000000e+07
5.990386998349043727e+07,-1.669341230000000048e-09,2.821499999999999986e+01,6.307000000000000000e+07,6.970000000000000000e+07
5.992179690176866204e+07,-1.668841809999999996e-09,2.821999999999999886e+01,6.307000000000000000e+07,6.970000000000000000e+07
5.984847933063641191e+07,-1.670886230000000170e-09,2.822500000000000142e+01,6.307000000000000000e+07,6.970000000000000000e+07
5.971289787905578315e+07,-1.674680070000000158e-09,2.823000000000000043e+01,6.307000000000000000e+07,6.970000000000000000e+07
5.958454426257830858e+07,-1.678287570000000137e-09,2.823499999999999943e+01,6.307000000000000000e+07,6.970000000000000000e+07
5.949521640611530095e+07,-1.680807400000000112e-09,2.824000000000000199e+01,6.307000000000000000e+07,6.970000000000000000e+07
5.937473617207074165e+07,-1.684218010000000029e-09,2.824500000000000099e+01,6.307000000000000000e+07,6.970000000000000000e+07
5.930144534108097851e+07,-1.686299540000000079e-09,2.825000000000000000e+01,6.307000000000000000e+07,6.970000000000000000e+07
5.925475940893732756e+07,-1.687628150000000127e-09,2.825499999999999901e+01,6.307000000000000000e+07,6.970000000000000000e+07
5.919735969357031584e+07,-1.689264530000000137e-09,2.826000000000000156e+01,6.307000000000000000e+07,6.970000000000000000e+07
5.910518264325954020e+07,-1.691899010000000056e-09,2.826500000000000057e+01,6.307000000000000000e+07,6.970000000000000000e+07
5.908982116672437638e+07,-1.692338850000000223e-09,2.826999999999999957e+01,6.307000000000000000e+07,6.970000000000000000e+07
5.909812188237091899e+07,-1.692101150000000138e-09,2.827500000000000213e+01,6.307000000000000000e+07,6.970000000000000000e+07
5.905225756308246404e+07,-1.693415359999999938e-09,2.828000000000000114e+01,6.307000000000000000e+07,6.970000000000000000e+07
5.904285834884969890e+07,-1.693684940000000176e-09,2.828500000000000014e+01,6.307000000000000000e+07,6.970000000000000000e+07
5.897613467016346008e+07,-1.695601120000000251e-09,2.828999999999999915e+01,6.307000000000000000e+07,6.970000000000000000e+07
5.890370011956626177e+07,-1.697686220000000074e-09,2.829500000000000171e+01,6.307000000000000000e+07,6.970000000000000000e+07
5.890687779268671572e+07,-1.697594640000000122e-09,2.830000000000000071e+01,6.307000000000000000e+07,6.970000000000000000e+07
5.892669966404709965e+07,-1.697023600000000112e-09,2.830499999999999972e+01,6.307000000000000000e+07,6.970000000000000000e+07
5.895024295900509506e+07,-1.696345849999999959e-09,2.831000000000000227e+01,6.307000000000000000e+07,6.970000000000000000e+07
5.900676624687875807e+07,-1.694720900000000200e-09,2.831500000000000128e+01,6.307000000000000000e+07,6.970000000000000000e+07
5.904745786492977291e+07,-1.693553010000000183e-09,2.832000000000000028e+01,6.307000000000000000e+07,6.970000000000000000e+07
5.898982937475004047e+07,-1.695207480000000129e-09,2.832499999999999929e+01,6.307000000000000000e+07,6.970000000000000000e+07
5.887272553908606619e+07,-1.698579420000000044e-09,2.833000000000000185e+01,6.307000000000000000e+07,6.970000000000000000e+07
5.878113991137473285e+07,-1.701225940000000244e-09,2.833500000000000085e+01,6.307000000000000000e+07,6.970000000000000000e+07
5.866544295245902985e+07,-1.704581010000000075e-09,2.833999999999999986e+01,6.307000000000000000e+07,6.970000000000000000e+07
5.855323904954157770e+07,-1.707847450000000067e-09,2.834499999999999886e+01,6.307000000000000000e+07,6.970000000000000000e+07
5.853010148686475307e+07,-1.708522579999999923e-09,2.835000000000000142e+01,6.307000000000000000e+07,6.970000000000000000e+07
5.856460015657597035e+07,-1.707516140000000086e-09,2.835500000000000043e+01,6.307000000000000000e+07,6.970000000000000000e+07
5.857252135059191287e+07,-1.707285220000000012e-09,2.835999999999999943e+01,6.307000000000000000e+07,6.970000000000000000e+07
5.859215553807986528e+07,-1.706713109999999992e-09,2.836500000000000199e+01,6.307000000000000000e+07,6.970000000000000000e+07
5.863995049286995828e+07,-1.705322040000000051e-09,2.837000000000000099e+01,6.307000000000000000e+07,6.970000000000000000e+07
5.857655858090788126e+07,-1.707167550000000263e-09,2.837500000000000000e+01,6.307000000000000000e+07,6.970000000000000000e+07
5.844257731578946859e+07,-1.711081279999999963e-09,2.837999999999999901e+01,6.307000000000000000e+07,6.970000000000000000e+07
5.831459903945941478e+07,-1.714836450000000155e-09,2.838500000000000156e+01,6.307000000000000000e+07,6.970000000000000000e+07
5.814779491321577877e+07,-1.719755670000000217e-09,2.839000000000000057e+01,6.307000000000000000e+07,6.970000000000000000e+07
5.796196671375244856e+07,-1.725269270000000242e-09,2.839499999999999957e+01,6.307000000000000000e+07,6.970000000000000000e+07
5.787596102743906528e+07,-1.727833080000000091e-09,2.840000000000000213e+01,6.307000000000000000e+07,6.970000000000000000e+07
5.787250609358425438e+07,-1.727936230000000092e-09,2.840500000000000114e+01,6.307000000000000000e+07,6.970000000000000000e+07
5.788742371059844643e+07,-1.727490940000000049e-09,2.841000000000000014e+01,6.307000000000000000e+07,6.970000000000000000e+07
5.793863938869173080e+07,-1.725963900000000110e-09,2.841499999999999915e+01,6.307000000000000000e+07,6.970000000000000000e+07
5.803608151938368380e+07,-1.723066020000000185e-09,2.842000000000000171e+01,6.307000000000000000e+07,6.970000000000000000e+07
5.812206649938593060e+07,-1.720516940000000193e-09,2.842500000000000071e+01,6.307000000000000000e+07,6.970000000000000000e+07
5.818395901298500597e+07,-1.718686760000000029e-09,2.842999999999999972e+01,6.307000000000000000e+07,6.970000000000000000e+07
5.822624052635776252e+07,-1.717438720000000105e-09,2.843500000000000227e+01,6.307000000000000000e+07,6.970000000000000000e+07
5.822896746840172261e+07,-1.717358289999999985e-09,2.844000000000000128e+01,6.307000000000000000e+07,6.970000000000000000e+07
5.818643111744236201e+07,-1.718613740000000038e-09,2.844500000000000028e+01,6.307000000000000000e+07,6.970000000000000000e+07
5.818678627542453259e+07,-1.718603250000000044e-09,2.844999999999999929e+01,6.307000000000000000e+07,6.970000000000000000e+07
5.823145255446824431e+07,-1.717285000000000031e-09,2.845500000000000185e+01,6.307000000000000000e+07,6.970000000000000000e+07
5.819233292271271348e+07,-1.718439440000000104e-09,2.846000000000000085e+01,6.307000000000000000e+07,6.970000000000000000e+07
5.812682133128789067e+07,-1.720376200000000038e-09,2.846499999999999986e+01,6.307000000000000000e+07,6.970000000000000000e+07
5.809986314867734909e+07,-1.721174449999999932e-09,2.846999999999999886e+01,6.307000000000000000e+07,6.970000000000000000e+07
5.810683931386258453e+07,-1.720967810000000277e-09,2.847500000000000142e+01,6.307000000000000000e+07,6.970000000000000000e+07
5.814627816168889403e+07,-1.719800530000000289e-09,2.848000000000000043e+01,6.307000000000000000e+07,6.970000000000000000e+07
5.824734292658916861e+07,-1.716816510000000038e-09,2.848499999999999943e+01,6.307000000000000000e+07,6.970000000000000000e+07
5.836432440049450099e+07,-1.713375440000000089e-09,2.849000000000000199e+01,6.307000000000000000e+07,6.970000000000000000e+07
5.846120543053620309e+07,-1.710536059999999994e-09,2.849500000000000099e+01,6.307000000000000000e+07,6.970000000000000000e+07
5.858144126115626842e+07,-1.707025260000000027e-09,2.850000000000000000e+01,6.307000000000000000e+07,6.970000000000000000e+07
5.870788282542981207e+07,-1.703348770000000224e-09,2.850499999999999901e+01,6.307000000000000000e+07,6.970000000000000000e+07
5.879857771649972349e+07,-1.700721410000000176e-09,2.851000000000000156e+01,6.307000000000000000e+07,6.970000000000000000e+07
5.888267220683523268e+07,-1.698292490000000065e-09,2.851500000000000057e+01,6.307000000000000000e+07,6.970000000000000000e+07
5.899716605342946947e+07,-1.694996670000000302e-09,2.851999999999999957e+01,6.307000000000000000e+07,6.970000000000000000e+07
5.908438837666859478e+07,-1.692494460000000237e-09,2.852500000000000213e+01,6.307000000000000000e+07,6.970000000000000000e+07
5.915920045512355864e+07,-1.690354150000000144e-09,2.853000000000000114e+01,6.307000000000000000e+07,6.970000000000000000e+07
5.922516241197837889e+07,-1.688471520000000011e-09,2.853500000000000014e+01,6.307000000000000000e+07,6.970000000000000000e+07
5.917722612267866731e+07,-1.689839260000000248e-09,2.853999999999999915e+01,6.307000000000000000e+07,6.970000000000000000e+07
5.905179342452020943e+07,-1.693428670000000086e-09,2.854500000000000171e+01,6.307000000000000000e+07,6.970000000000000000e+07
5.891117156169703603e+07,-1.697470910000000261e-09,2.855000000000000071e+01,6.307000000000000000e+07,6.970000000000000000e+07
5.874352453240316361e+07,-1.702315290000000081e-09,2.855499999999999972e+01,6.307000000000000000e+07,6.970000000000000000e+07
5.857735017249389738e+07,-1.707144480000000064e-09,2.856000000000000227e+01,6.307000000000000000e+07,6.970000000000000000e+07
5.841491945549374074e+07,-1.711891430000000135e-09,2.856500000000000128e+01,6.307000000000000000e+07,6.970000000000000000e+07
5.829156062946024537e+07,-1.715514200000000309e-09,2.857000000000000028e+01,6.307000000000000000e+07,6.970000000000000000e+07
5.820504635540109873e+07,-1.718064089999999980e-09,2.857499999999999929e+01,6.307000000000000000e+07,6.970000000000000000e+07
5.813139986747203767e+07,-1.720240700000000065e-09,2.858000000000000185e+01,6.307000000000000000e+07,6.970000000000000000e+07
5.804441729461970925e+07,-1.722818570000000094e-09,2.858500000000000085e+01,6.307000000000000000e+07,6.970000000000000000e+07
5.798882193551053852e+07,-1.724470280000000153e-09,2.858999999999999986e+01,6.307000000000000000e+07,6.970000000000000000e+07
5.791328753492641449e+07,-1.726719450000000248e-09,2.859499999999999886e+01,6.307000000000000000e+07,6.970000000000000000e+07
5.789203197402399033e+07,-1.727353430000000014e-09,2.860000000000000142e+01,6.307000000000000000e+07,6.970000000000000000e+07
5.783455511722745746e+07,-1.729070100000000142e-09,2.860500000000000043e+01,6.307000000000000000e+07,6.970000000000000000e+07
5.775254882066956162e+07,-1.731525310000000114e-09,2.860999999999999943e+01,6.307000000000000000e+07,6.970000000000000000e+07
5.773553550907196850e+07,-1.732035550000000181e-09,2.861500000000000199e+01,6.307000000000000000e+07,6.970000000000000000e+07
5.778632771441234648e+07,-1.730513150000000025e-09,2.862000000000000099e+01,6.307000000000000000e+07,6.970000000000000000e+07
5.781926690500500053e+07,-1.729527290000000256e-09,2.862500000000000000e+01,6.307000000000000000e+07,6.970000000000000000e+07
5.776740031361344457e+07,-1.731080150000000030e-09,2.862999999999999901e+01,6.307000000000000000e+07,6.970000000000000000e+07
5.769620795596551150e+07,-1.733216160000000200e-09,2.863500000000000156e+01,6.307000000000000000e+07,6.970000000000000000e+07
5.764310276382365078e+07,-1.734812929999999951e-09,2.864000000000000057e+01,6.307000000000000000e+07,6.970000000000000000e+07
5.759179240476331860e+07,-1.736358530000000058e-09,2.864499999999999957e+01,6.307000000000000000e+07,6.970000000000000000e+07
5.757887266256119311e+07,-1.736748140000000012e-09,2.865000000000000213e+01,6.307000000000000000e+07,6.970000000000000000e+07
5.752905858907750994e+07,-1.738251980000000207e-09,2.865500000000000114e+01,6.307000000000000000e+07,6.970000000000000000e+07
5.747680658540741354e+07,-1.739832220000000148e-09,2.866000000000000014e+01,6.307000000000000000e+07,6.970000000000000000e+07
5.748060793974118680e+07,-1.739717160000000238e-09,2.866499999999999915e+01,6.307000000000000000e+07,6.970000000000000000e+07
5.745934254491634667e+07,-1.740361019999999969e-09,2.867000000000000171e+01,6.307000000000000000e+07,6.970000000000000000e+07
5.743433046242280304e+07,-1.741118930000000074e-09,2.867500000000000071e+01,6.307000000000000000e+07,6.970000000000000000e+07
5.744742071680030227e+07,-1.740722190000000204e-09,2.867999999999999972e+01,6.307000000000000000e+07,6.970000000000000000e+07
5.751656064265185595e+07,-1.738629690000000090e-09,2.868500000000000227e+01,6.307000000000000000e+07,6.970000000000000000e+07
5.755476111056102067e+07,-1.737475720000000043e-09,2.869000000000000128e+01,6.307000000000000000e+07,6.970000000000000000e+07
5.758685707599715889e+07,-1.736507339999999972e-09,2.869500000000000028e+01,6.307000000000000000e+07,6.970000000000000000e+07
5.767690806877046078e+07,-1.733796130000000079e-09,2.869999999999999929e+01,6.307000000000000000e+07,6.970000000000000000e+07
5.778493327322390676e+07,-1.730554910000000144e-09,2.870500000000000185e+01,6.307000000000000000e+07,6.970000000000000000e+07
5.784434978589376807e+07,-1.728777320000000159e-09,2.871000000000000085e+01,6.307000000000000000e+07,6.970000000000000000e+07
5.790381652624489367e+07,-1.727001880000000033e-09,2.871499999999999986e+01,6.307000000000000000e+07,6.970000000000000000e+07
5.802929440643154085e+07,-1.723267550000000238e-09,2.871999999999999886e+01,6.307000000000000000e+07,6.970000000000000000e+07
5.815887845906981826e+07,-1.719427930000000009e-09,2.872500000000000142e+01,6.307000000000000000e+07,6.970000000000000000e+07
5.827373964492399991e+07,-1.716038830000000166e-09,2.873000000000000043e+01,6.307000000000000000e+07,6.970000000000000000e+07
5.844464925267820805e+07,-1.711020620000000024e-09,2.873499999999999943e+01,6.307000000000000000e+07,6.970000000000000000e+07
5.860873769655340910e+07,-1.706230230000000208e-09,2.874000000000000199e+01,6.307000000000000000e+07,6.970000000000000000e+07
5.873290557492563874e+07,-1.702623070000000089e-09,2.874500000000000099e+01,6.307000000000000000e+07,6.970000000000000000e+07
5.885227632542065531e+07,-1.699169619999999999e-09,2.875000000000000000e+01,6.307000000000000000e+07,6.970000000000000000e+07
5.893731865281736851e+07,-1.696717840000000210e-09,2.875499999999999901e+01,6.307000000000000000e+07,6.970000000000000000e+07
5.899591164821828157e+07,-1.695032710000000169e-09,2.876000000000000156e+01,6.307000000000000000e+07,6.970000000000000000e+07
5.908450113505167514e+07,-1.692491229999999911e-09,2.876500000000000057e+01,6.307000000000000000e+07,6.970000000000000000e+07
5.915616942412108183e+07,-1.690440760000000083e-09,2.876999999999999957e+01,6.307000000000000000e+07,6.970000000000000000e+07
5.915287277375870943e+07,-1.690534970000000171e-09,2.877500000000000213e+01,6.307000000000000000e+07,6.970000000000000000e+07
5.915189410220953077e+07,-1.690562940000000071e-09,2.878000000000000114e+01,6.307000000000000000e+07,6.970000000000000000e+07
5.923039203340802342e+07,-1.688322440000000134e-09,2.878500000000000014e+01,6.307000000000000000e+07,6.970000000000000000e+07
5.932252959334050119e+07,-1.685700200000000147e-09,2.878999999999999915e+01,6.307000000000000000e+07,6.970000000000000000e+07
5.940600176459587365e+07,-1.683331600000000114e-09,2.879500000000000171e+01,6.307000000000000000e+07,6.970000000000000000e+07
5.952913490100254118e+07,-1.679849710000000099e-09,2.880000000000000071e+01,6.307000000000000000e+07,6.970000000000000000e+07
5.966659666183768958e+07,-1.675979619999999999e-09,2.880499999999999972e+01,6.307000000000000000e+07,6.970000000000000000e+07
5.977423581956975162e+07,-1.672961579999999987e-09,2.881000000000000227e+01,6.307000000000000000e+07,6.970000000000000000e+07
5.989129574105629325e+07,-1.669691710000000018e-09,2.881500000000000128e+01,6.307000000000000000e+07,6.970000000000000000e+07
6.002713202356612682e+07,-1.665913340000000082e-09,2.882000000000000028e+01,6.307000000000000000e+07,6.970000000000000000e+07
6.012177930934938043e+07,-1.663290760000000027e-09,2.882499999999999929e+01,6.307000000000000000e+07,6.970000000000000000e+07
6.020516753114363551e+07,-1.660986990000000105e-09,2.883000000000000185e+01,6.307000000000000000e+07,6.970000000000000000e+07
6.032743487469406426e+07,-1.657620620000000187e-09,2.883500000000000085e+01,6.307000000000000000e+07,6.970000000000000000e+07
6.043412844078613818e+07,-1.654694169999999965e-09,2.883999999999999986e+01,6.307000000000000000e+07,6.970000000000000000e+07
6.051251302857097983e+07,-1.652550769999999962e-09,2.884499999999999886e+01,6.307000000000000000e+07,6.970000000000000000e+07
6.063046565458736569e+07,-1.649335840000000094e-09,2.885000000000000142e+01,6.307000000000000000e+07,6.970000000000000000e+07
6.075286493348342180e+07,-1.646012910000000127e-09,2.885500000000000043e+01,6.307000000000000000e+07,6.970000000000000000e+07
6.083262156631407887e+07,-1.643854850000000166e-09,2.885999999999999943e+01,6.307000000000000000e+07,6.970000000000000000e+07
6.092811034987393767e+07,-1.641278540000000261e-09,2.886500000000000199e+01,6.307000000000000000e+07,6.970000000000000000e+07
6.104035868877398223e+07,-1.638260360000000246e-09,2.887000000000000099e+01,6.307000000000000000e+07,6.970000000000000000e+07
6.110956266269275546e+07,-1.636405100000000028e-09,2.887500000000000000e+01,6.307000000000000000e+07,6.970000000000000000e+07
6.116264886575885862e+07,-1.634984780000000069e-09,2.887999999999999901e+01,6.307000000000000000e+07,6.970000000000000000e+07
6.125308436077980697e+07,-1.632570850000000145e-09,2.888500000000000156e+01,6.307000000000000000e+07,6.970000000000000000e+07
6.131391977669569105e+07,-1.630951020000000034e-09,2.889000000000000057e+01,6.307000000000000000e+07,6.970000000000000000e+07
6.134631280624769628e+07,-1.630089820000000132e-09,2.889499999999999957e+01,6.307000000000000000e+07,6.970000000000000000e+07
6.141147507925104350e+07,-1.628360170000000292e-09,2.890000000000000213e+01,6.307000000000000000e+07,6.970000000000000000e+07
6.148390771845859289e+07,-1.626441840000000152e-09,2.890500000000000114e+01,6.307000000000000000e+07,6.970000000000000000e+07
6.151840691638161242e+07,-1.625529739999999948e-09,2.891000000000000014e+01,6.307000000000000000e+07,6.970000000000000000e+07
6.157228764821673185e+07,-1.624107270000000132e-09,2.891499999999999915e+01,6.307000000000000000e+07,6.970000000000000000e+07
6.165702895370920002e+07,-1.621875100000000079e-09,2.892000000000000171e+01,6.307000000000000000e+07,6.970000000000000000e+07
6.170794954202672839e+07,-1.620536750000000277e-09,2.892500000000000071e+01,6.307000000000000000e+07,6.970000000000000000e+07
6.175366908498563617e+07,-1.619336980000000106e-09,2.892999999999999972e+01,6.307000000000000000e+07,6.970000000000000000e+07
6.183380108130499721e+07,-1.617238439999999969e-09,2.893500000000000227e+01,6.307000000000000000e+07,6.970000000000000000e+07
6.188219983150962740e+07,-1.615973579999999977e-09,2.894000000000000128e+01,6.307000000000000000e+07,6.970000000000000000e+07
6.188763883284962922e+07,-1.615831560000000117e-09,2.894500000000000028e+01,6.307000000000000000e+07,6.970000000000000000e+07
6.191797758944433928e+07,-1.615039830000000109e-09,2.894999999999999929e+01,6.307000000000000000e+07,6.970000000000000000e+07
6.194075012949024141e+07,-1.614446059999999967e-09,2.895500000000000185e+01,6.307000000000000000e+07,6.970000000000000000e+07
6.191958400838322192e+07,-1.614997929999999988e-09,2.896000000000000085e+01,6.307000000000000000e+07,6.970000000000000000e+07
6.189446210626991093e+07,-1.615653430000000079e-09,2.896499999999999986e+01,6.307000000000000000e+07,6.970000000000000000e+07
6.188551167962168157e+07,-1.615887099999999996e-09,2.896999999999999886e+01,6.307000000000000000e+07,6.970000000000000000e+07
6.183841399804022163e+07,-1.617117800000000018e-09,2.897500000000000142e+01,6.307000000000000000e+07,6.970000000000000000e+07
6.179311839453963935e+07,-1.618303180000000192e-09,2.898000000000000043e+01,6.307000000000000000e+07,6.970000000000000000e+07
6.175524334437496960e+07,-1.619295700000000058e-09,2.898499999999999943e+01,6.307000000000000000e+07,6.970000000000000000e+07
6.168136949022839963e+07,-1.621235080000000083e-09,2.899000000000000199e+01,6.307000000000000000e+07,6.970000000000000000e+07
6.160949216460028291e+07,-1.623126510000000126e-09,2.899500000000000099e+01,6.307000000000000000e+07,6.970000000000000000e+07
6.157947763902608305e+07,-1.623917639999999943e-09,2.900000000000000000e+01,6.307000000000000000e+07,6.970000000000000000e+07
6.149914825524640828e+07,-1.626038780000000047e-09,2.900499999999999901e+01,6.307000000000000000e+07,6.970000000000000000e+07
6.138204347132789344e+07,-1.629140940000000280e-09,2.901000000000000156e+01,6.307000000000000000e+07,6.970000000000000000e+07
6.131640747045998275e+07,-1.630884849999999951e-09,2.901500000000000057e+01,6.307000000000000000e+07,6.970000000000000000e+07
6.131201908461670578e+07,-1.631001580000000062e-09,2.901999999999999957e+01,6.307000000000000000e+07,6.970000000000000000e+07
6.128468035712495446e+07,-1.631729160000000094e-09,2.902500000000000213e+01,6.307000000000000000e+07,6.970000000000000000e+07
6.125639712806488574e+07,-1.632482559999999960e-09,2.903000000000000114e+01,6.307000000000000000e+07,6.970000000000000000e+07
6.127845310241716355e+07,-1.631894980000000095e-09,2.903500000000000014e+01,6.307000000000000000e+07,6.970000000000000000e+07
6.127245387281000614e+07,-1.632054760000000074e-09,2.903999999999999915e+01,6.307000000000000000e+07,6.970000000000000000e+07
6.124106212725704163e+07,-1.632891340000000110e-09,2.904500000000000171e+01,6.307000000000000000e+07,6.970000000000000000e+07
6.124305219007971883e+07,-1.632838280000000112e-09,2.905000000000000071e+01,6.307000000000000000e+07,6.970000000000000000e+07
6.122376385700406134e+07,-1.633352700000000189e-09,2.905499999999999972e+01,6.307000000000000000e+07,6.970000000000000000e+07
6.113290023526385427e+07,-1.635780400000000035e-09,2.906000000000000227e+01,6.307000000000000000e+07,6.970000000000000000e+07
6.103250023360189795e+07,-1.638471300000000031e-09,2.906500000000000128e+01,6.307000000000000000e+07,6.970000000000000000e+07
6.098208984682780504e+07,-1.639825730000000120e-09,2.907000000000000028e+01,6.307000000000000000e+07,6.970000000000000000e+07
6.087023261979400367e+07,-1.642839130000000142e-09,2.907499999999999929e+01,6.307000000000000000e+07,6.970000000000000000e+07
6.070579212842198461e+07,-1.647289270000000062e-09,2.908000000000000185e+01,6.307000000000000000e+07,6.970000000000000000e+07
6.062782820103307068e+07,-1.649407590000000219e-09,2.908500000000000085e+01,6.307000000000000000e+07,6.970000000000000000e+07
6.056385163905829191e+07,-1.651149940000000178e-09,2.908999999999999986e+01,6.307000000000000000e+07,6.970000000000000000e+07
6.050493009901728481e+07,-1.652757880000000056e-09,2.909499999999999886e+01,6.307000000000000000e+07,6.970000000000000000e+07
6.051736195911064744e+07,-1.652418360000000105e-09,2.910000000000000142e+01,6.307000000000000000e+07,6.970000000000000000e+07
6.055488952241818607e+07,-1.651394309999999990e-09,2.910500000000000043e+01,6.307000000000000000e+07,6.970000000000000000e+07
6.058472046443228424e+07,-1.650581190000000236e-09,2.910999999999999943e+01,6.307000000000000000e+07,6.970000000000000000e+07
6.064396786398518831e+07,-1.648968619999999998e-09,2.911500000000000199e+01,6.307000000000000000e+07,6.970000000000000000e+07
6.072442539208851010e+07,-1.646783799999999944e-09,2.912000000000000099e+01,6.307000000000000000e+07,6.970000000000000000e+07
6.076552776471150666e+07,-1.645669899999999932e-09,2.912500000000000000e+01,6.307000000000000000e+07,6.970000000000000000e+07
6.080884372689035535e+07,-1.644497640000000093e-09,2.912999999999999901e+01,6.307000000000000000e+07,6.970000000000000000e+07
6.087776285812622309e+07,-1.642635920000000050e-09,2.913500000000000156e+01,6.307000000000000000e+07,6.970000000000000000e+07
6.090517589116361737e+07,-1.641896580000000157e-09,2.914000000000000057e+01,6.307000000000000000e+07,6.970000000000000000e+07
6.087114929642172903e+07,-1.642814390000000155e-09,2.914499999999999957e+01,6.307000000000000000e+07,6.970000000000000000e+07
6.082729907771398127e+07,-1.643998690000000275e-09,2.915000000000000213e+01,6.307000000000000000e+07,6.970000000000000000e+07
6.075203596627452224e+07,-1.646035370000000297e-09,2.915500000000000114e+01,6.307000000000000000e+07,6.970000000000000000e+07
6.066722346235463768e+07,-1.648336520000000128e-09,2.916000000000000014e+01,6.307000000000000000e+07,6.970000000000000000e+07
6.062862437537587434e+07,-1.649385930000000097e-09,2.916499999999999915e+01,6.307000000000000000e+07,6.970000000000000000e+07
6.062645167007201165e+07,-1.649445040000000162e-09,2.917000000000000171e+01,6.307000000000000000e+07,6.970000000000000000e+07
6.059980707324220985e+07,-1.650170270000000065e-09,2.917500000000000071e+01,6.307000000000000000e+07,6.970000000000000000e+07
6.057422499610174447e+07,-1.650867180000000163e-09,2.917999999999999972e+01,6.307000000000000000e+07,6.970000000000000000e+07
6.058621843592823297e+07,-1.650540380000000214e-09,2.918500000000000227e+01,6.307000000000000000e+07,6.970000000000000000e+07
6.057782766698429734e+07,-1.650768999999999968e-09,2.919000000000000128e+01,6.307000000000000000e+07,6.970000000000000000e+07
6.054682012944426388e+07,-1.651614400000000004e-09,2.919500000000000028e+01,6.307000000000000000e+07,6.970000000000000000e+07
6.055435709399712831e+07,-1.651408830000000152e-09,2.919999999999999929e+01,6.307000000000000000e+07,6.970000000000000000e+07
6.055361970343089849e+07,-1.651428939999999986e-09,2.920500000000000185e+01,6.307000000000000000e+07,6.970000000000000000e+07
6.052079487552031130e+07,-1.652324630000000088e-09,2.921000000000000085e+01,6.307000000000000000e+07,6.970000000000000000e+07
6.045067891371628642e+07,-1.654241140000000185e-09,2.921499999999999986e+01,6.307000000000000000e+07,6.970000000000000000e+07
6.033000694790524989e+07,-1.657549950000000118e-09,2.921999999999999886e+01,6.307000000000000000e+07,6.970000000000000000e+07
6.016676699575340748e+07,-1.662047090000000131e-09,2.922500000000000142e+01,6.307000000000000000e+07,6.970000000000000000e+07
5.999887886094959825e+07,-1.666697810000000216e-09,2.923000000000000043e+01,6.307000000000000000e+07,6.970000000000000000e+07
5.991868722566303611e+07,-1.668928420000000143e-09,2.923499999999999943e+01,6.307000000000000000e+07,6.970000000000000000e+07
5.986232204690111428e+07,-1.670499849999999922e-09,2.924000000000000199e+01,6.307000000000000000e+07,6.970000000000000000e+07
5.980204673342173547e+07,-1.672183570000000093e-09,2.924500000000000099e+01,6.307000000000000000e+07,6.970000000000000000e+07
5.970584482606165111e+07,-1.674877900000000065e-09,2.925000000000000000e+01,6.307000000000000000e+07,6.970000000000000000e+07
5.958345113974680752e+07,-1.678318360000000191e-09,2.925499999999999901e+01,6.307000000000000000e+07,6.970000000000000000e+07
5.947997738309547305e+07,-1.681238030000000196e-09,2.926000000000000156e+01,6.307000000000000000e+07,6.970000000000000000e+07
5.939462268407744914e+07,-1.683654100000000141e-09,2.926500000000000057e+01,6.307000000000000000e+07,6.970000000000000000e+07
5.926429259757931530e+07,-1.687356679999999947e-09,2.926999999999999957e+01,6.307000000000000000e+07,6.970000000000000000e+07
5.909880294488152862e+07,-1.692081650000000126e-09,2.927500000000000213e+01,6.307000000000000000e+07,6.970000000000000000e+07
5.896041920433539152e+07,-1.696053070000000183e-09,2.928000000000000114e+01,6.307000000000000000e+07,6.970000000000000000e+07
5.882915313275036216e+07,-1.699837489999999980e-09,2.928500000000000014e+01,6.307000000000000000e+07,6.970000000000000000e+07
5.868373853300676495e+07,-1.704049580000000118e-09,2.928999999999999915e+01,6.307000000000000000e+07,6.970000000000000000e+07
5.854542932408359647e+07,-1.708075269999999981e-09,2.929500000000000171e+01,6.307000000000000000e+07,6.970000000000000000e+07
5.848488164932092279e+07,-1.709843590000000029e-09,2.930000000000000071e+01,6.307000000000000000e+07,6.970000000000000000e+07
5.845894846031113714e+07,-1.710602100000000118e-09,2.930499999999999972e+01,6.307000000000000000e+07,6.970000000000000000e+07
5.843484078743939847e+07,-1.711307820000000171e-09,2.931000000000000227e+01,6.307000000000000000e+07,6.970000000000000000e+07
5.840957354872462898e+07,-1.712048110000000160e-09,2.931500000000000128e+01,6.307000000000000000e+07,6.970000000000000000e+07
5.832604632013129443e+07,-1.714499889999999948e-09,2.932000000000000028e+01,6.307000000000000000e+07,6.970000000000000000e+07
5.816060491542375088e+07,-1.719376890000000117e-09,2.932499999999999929e+01,6.307000000000000000e+07,6.970000000000000000e+07
5.803336149924500287e+07,-1.723146780000000121e-09,2.933000000000000185e+01,6.307000000000000000e+07,6.970000000000000000e+07
5.800762991758595407e+07,-1.723911150000000052e-09,2.933500000000000085e+01,6.307000000000000000e+07,6.970000000000000000e+07
5.799676001100198179e+07,-1.724234250000000270e-09,2.933999999999999986e+01,6.307000000000000000e+07,6.970000000000000000e+07
5.793083702250420302e+07,-1.726196360000000220e-09,2.934499999999999886e+01,6.307000000000000000e+07,6.970000000000000000e+07
5.793028631111331284e+07,-1.726212770000000116e-09,2.935000000000000142e+01,6.307000000000000000e+07,6.970000000000000000e+07
5.796177924925991148e+07,-1.725274850000000077e-09,2.935500000000000043e+01,6.307000000000000000e+07,6.970000000000000000e+07
5.793746550946467370e+07,-1.725998870000000173e-09,2.935999999999999943e+01,6.307000000000000000e+07,6.970000000000000000e+07
5.794478683471728861e+07,-1.725780790000000014e-09,2.936500000000000199e+01,6.307000000000000000e+07,6.970000000000000000e+07
5.800189032800730318e+07,-1.724081740000000002e-09,2.937000000000000099e+01,6.307000000000000000e+07,6.970000000000000000e+07
5.802426327506802231e+07,-1.723416969999999975e-09,2.937500000000000000e+01,6.307000000000000000e+07,6.970000000000000000e+07
5.801986250812705606e+07,-1.723547690000000162e-09,2.937999999999999901e+01,6.307000000000000000e+07,6.970000000000000000e+07
5.804098298185561597e+07,-1.722920510000000082e-09,2.938500000000000156e+01,6.307000000000000000e+07,6.970000000000000000e+07
5.802941866372106224e+07,-1.723263860000000137e-09,2.939000000000000057e+01,6.307000000000000000e+07,6.970000000000000000e+07
5.794363956608650833e+07,-1.725814960000000029e-09,2.939499999999999957e+01,6.307000000000000000e+07,6.970000000000000000e+07
5.791223407874833792e+07,-1.726750860000000169e-09,2.940000000000000213e+01,6.307000000000000000e+07,6.970000000000000000e+07
5.790662132277102023e+07,-1.726918230000000251e-09,2.940500000000000114e+01,6.307000000000000000e+07,6.970000000000000000e+07
5.787662995565533638e+07,-1.727813110000000053e-09,2.941000000000000014e+01,6.307000000000000000e+07,6.970000000000000000e+07
5.793495342675718665e+07,-1.726073710000000207e-09,2.941499999999999915e+01,6.307000000000000000e+07,6.970000000000000000e+07
5.802840879400806129e+07,-1.723293849999999936e-09,2.942000000000000171e+01,6.307000000000000000e+07,6.970000000000000000e+07
5.805544595816214383e+07,-1.722491290000000074e-09,2.942500000000000071e+01,6.307000000000000000e+07,6.970000000000000000e+07
5.799207822412250191e+07,-1.724373450000000182e-09,2.942999999999999972e+01,6.307000000000000000e+07,6.970000000000000000e+07
5.794410692903511226e+07,-1.725801040000000059e-09,2.943500000000000227e+01,6.307000000000000000e+07,6.970000000000000000e+07
5.785761189640443772e+07,-1.728381050000000109e-09,2.944000000000000128e+01,6.307000000000000000e+07,6.970000000000000000e+07
5.770467946461436898e+07,-1.732961710000000153e-09,2.944500000000000028e+01,6.307000000000000000e+07,6.970000000000000000e+07
5.762985178374361247e+07,-1.735211820000000092e-09,2.944999999999999929e+01,6.307000000000000000e+07,6.970000000000000000e+07
5.760860294615580142e+07,-1.735851850000000132e-09,2.945500000000000185e+01,6.307000000000000000e+07,6.970000000000000000e+07
5.753057839414044470e+07,-1.738206060000000169e-09,2.946000000000000085e+01,6.307000000000000000e+07,6.970000000000000000e+07
5.741712694675855339e+07,-1.741640610000000024e-09,2.946499999999999986e+01,6.307000000000000000e+07,6.970000000000000000e+07
5.732586718946022540e+07,-1.744413210000000214e-09,2.946999999999999886e+01,6.307000000000000000e+07,6.970000000000000000e+07
5.726532968537912518e+07,-1.746257300000000097e-09,2.947500000000000142e+01,6.307000000000000000e+07,6.970000000000000000e+07
5.722760239259906858e+07,-1.747408520000000094e-09,2.948000000000000043e+01,6.307000000000000000e+07,6.970000000000000000e+07
5.725123766154960543e+07,-1.746687130000000133e-09,2.948499999999999943e+01,6.307000000000000000e+07,6.970000000000000000e+07
5.728798528702463210e+07,-1.745566710000000235e-09,2.949000000000000199e+01,6.307000000000000000e+07,6.970000000000000000e+07
5.733513000990137458e+07,-1.744131390000000044e-09,2.949500000000000099e+01,6.307000000000000000e+07,6.970000000000000000e+07
5.743919316130345315e+07,-1.740971530000000029e-09,2.950000000000000000e+01,6.307000000000000000e+07,6.970000000000000000e+07
5.754728201223371178e+07,-1.737701530000000102e-09,2.950499999999999901e+01,6.307000000000000000e+07,6.970000000000000000e+07
5.761718717927932739e+07,-1.735593230000000120e-09,2.951000000000000156e+01,6.307000000000000000e+07,6.970000000000000000e+07
5.763677133792525530e+07,-1.735003499999999984e-09,2.951500000000000057e+01,6.307000000000000000e+07,6.970000000000000000e+07
5.762420662920282781e+07,-1.735381810000000058e-09,2.951999999999999957e+01,6.307000000000000000e+07,6.970000000000000000e+07
5.758078533799733967e+07,-1.736690450000000068e-09,2.952500000000000213e+01,6.307000000000000000e+07,6.970000000000000000e+07
5.748981838069532067e+07,-1.739438440000000229e-09,2.953000000000000114e+01,6.307000000000000000e+07,6.970000000000000000e+07
5.740292486615546793e+07,-1.742071510000000071e-09,2.953500000000000014e+01,6.307000000000000000e+07,6.970000000000000000e+07
5.733758606973714381e+07,-1.744056679999999969e-09,2.953999999999999915e+01,6.307000000000000000e+07,6.970000000000000000e+07
5.728465532321268320e+07,-1.745668180000000196e-09,2.954500000000000171e+01,6.307000000000000000e+07,6.970000000000000000e+07
5.731611031599655747e+07,-1.744710159999999954e-09,2.955000000000000071e+01,6.307000000000000000e+07,6.970000000000000000e+07
5.738571381162630767e+07,-1.742593990000000070e-09,2.955499999999999972e+01,6.307000000000000000e+07,6.970000000000000000e+07
5.744269422044123709e+07,-1.740865420000000077e-09,2.956000000000000227e+01,6.307000000000000000e+07,6.970000000000000000e+07
5.747053178368105739e+07,-1.740022180000000152e-09,2.956500000000000128e+01,6.307000000000000000e+07,6.970000000000000000e+07
5.743687717352989316e+07,-1.741041730000000073e-09,2.957000000000000028e+01,6.307000000000000000e+07,6.970000000000000000e+07
5.736717393857935071e+07,-1.743157160000000176e-09,2.957499999999999929e+01,6.307000000000000000e+07,6.970000000000000000e+07
5.737238833214754611e+07,-1.742998730000000214e-09,2.958000000000000185e+01,6.307000000000000000e+07,6.970000000000000000e+07
5.745025903431319445e+07,-1.740636190000000087e-09,2.958500000000000085e+01,6.307000000000000000e+07,6.970000000000000000e+07
5.752566016922196746e+07,-1.738354670000000227e-09,2.958999999999999986e+01,6.307000000000000000e+07,6.970000000000000000e+07
5.752733831429573148e+07,-1.738303960000000150e-09,2.959499999999999886e+01,6.307000000000000000e+07,6.970000000000000000e+07
5.753967143132930249e+07,-1.737931370000000121e-09,2.960000000000000142e+01,6.307000000000000000e+07,6.970000000000000000e+07
5.755720024487826228e+07,-1.737402090000000023e-09,2.960500000000000043e+01,6.307000000000000000e+07,6.970000000000000000e+07
5.751030361788406223e+07,-1.738818850000000046e-09,2.960999999999999943e+01,6.307000000000000000e+07,6.970000000000000000e+07
5.748747153974933177e+07,-1.739509449999999952e-09,2.961500000000000199e+01,6.307000000000000000e+07,6.970000000000000000e+07
5.752566910406761616e+07,-1.738354400000000058e-09,2.962000000000000099e+01,6.307000000000000000e+07,6.970000000000000000e+07
5.756181207554603368e+07,-1.737262890000000111e-09,2.962500000000000000e+01,6.307000000000000000e+07,6.970000000000000000e+07
5.758707329605522752e+07,-1.736500820000000086e-09,2.962999999999999901e+01,6.307000000000000000e+07,6.970000000000000000e+07
5.760154084582575411e+07,-1.736064670000000020e-09,2.963500000000000156e+01,6.307000000000000000e+07,6.970000000000000000e+07
5.760169479853758216e+07,-1.736060030000000030e-09,2.964000000000000057e+01,6.307000000000000000e+07,6.970000000000000000e+07
5.756973607793518901e+07,-1.737023770000000111e-09,2.964499999999999957e+01,6.307000000000000000e+07,6.970000000000000000e+07
5.758270278258391470e+07,-1.736632620000000121e-09,2.965000000000000213e+01,6.307000000000000000e+07,6.970000000000000000e+07
5.762745331306107342e+07,-1.735284040000000035e-09,2.965500000000000114e+01,6.307000000000000000e+07,6.970000000000000000e+07
5.764169961024297029e+07,-1.734855160000000095e-09,2.966000000000000014e+01,6.307000000000000000e+07,6.970000000000000000e+07
5.767667088133171946e+07,-1.733803259999999994e-09,2.966499999999999915e+01,6.307000000000000000e+07,6.970000000000000000e+07
5.769349972877132148e+07,-1.733297520000000121e-09,2.967000000000000171e+01,6.307000000000000000e+07,6.970000000000000000e+07
5.765022657461447269e+07,-1.734598560000000189e-09,2.967500000000000071e+01,6.307000000000000000e+07,6.970000000000000000e+07
5.765125921966864169e+07,-1.734567490000000128e-09,2.967999999999999972e+01,6.307000000000000000e+07,6.970000000000000000e+07
5.763851377824175358e+07,-1.734951050000000222e-09,2.968500000000000227e+01,6.307000000000000000e+07,6.970000000000000000e+07
5.756946397728382796e+07,-1.737031980000000081e-09,2.969000000000000128e+01,6.307000000000000000e+07,6.970000000000000000e+07
5.747291291556529701e+07,-1.739950090000000167e-09,2.969500000000000028e+01,6.307000000000000000e+07,6.970000000000000000e+07
5.738160396272765845e+07,-1.742718800000000192e-09,2.969999999999999929e+01,6.307000000000000000e+07,6.970000000000000000e+07
5.726286440025441349e+07,-1.746332479999999991e-09,2.970500000000000185e+01,6.307000000000000000e+07,6.970000000000000000e+07
5.714767616146922112e+07,-1.749852430000000186e-09,2.971000000000000085e+01,6.307000000000000000e+07,6.970000000000000000e+07
5.712829106087350845e+07,-1.750446200000000121e-09,2.971499999999999986e+01,6.307000000000000000e+07,6.970000000000000000e+07
5.716570513188425452e+07,-1.749300560000000166e-09,2.971999999999999886e+01,6.307000000000000000e+07,6.970000000000000000e+07
5.713412737467502058e+07,-1.750267390000000156e-09,2.972500000000000142e+01,6.307000000000000000e+07,6.970000000000000000e+07
5.707728382379719615e+07,-1.752010490000000148e-09,2.973000000000000043e+01,6.307000000000000000e+07,6.970000000000000000e+07
5.708428377476562560e+07,-1.751795650000000153e-09,2.973499999999999943e+01,6.307000000000000000e+07,6.970000000000000000e+07
5.703552280727931112e+07,-1.753293300000000071e-09,2.974000000000000199e+01,6.307000000000000000e+07,6.970000000000000000e+07
5.699731336323785037e+07,-1.754468660000000071e-09,2.974500000000000099e+01,6.307000000000000000e+07,6.970000000000000000e+07
5.704779693188619614e+07,-1.752916070000000052e-09,2.975000000000000000e+01,6.307000000000000000e+07,6.970000000000000000e+07
5.710122252061481029e+07,-1.751275990000000102e-09,2.975499999999999901e+01,6.307000000000000000e+07,6.970000000000000000e+07
5.706682521809028089e+07,-1.752331580000000304e-09,2.976000000000000156e+01,6.307000000000000000e+07,6.970000000000000000e+07
5.706392371493813396e+07,-1.752420679999999962e-09,2.976500000000000057e+01,6.307000000000000000e+07,6.970000000000000000e+07
5.708071027491371334e+07,-1.751905320000000247e-09,2.976999999999999957e+01,6.307000000000000000e+07,6.970000000000000000e+07
5.702261502085847408e+07,-1.753690180000000151e-09,2.977500000000000213e+01,6.307000000000000000e+07,6.970000000000000000e+07
5.697173488663502038e+07,-1.755256360000000118e-09,2.978000000000000114e+01,6.307000000000000000e+07,6.970000000000000000e+07
5.700118249523098022e+07,-1.754349570000000200e-09,2.978500000000000014e+01,6.307000000000000000e+07,6.970000000000000000e+07
5.704470048970935494e+07,-1.753011220000000191e-09,2.978999999999999915e+01,6.307000000000000000e+07,6.970000000000000000e+07
5.710390640514416993e+07,-1.751193680000000293e-09,2.979500000000000171e+01,6.307000000000000000e+07,6.970000000000000000e+07
5.721612222389020026e+07,-1.747759130000000023e-09,2.980000000000000071e+01,6.307000000000000000e+07,6.970000000000000000e+07
5.733207954190797359e+07,-1.744224190000000054e-09,2.980499999999999972e+01,6.307000000000000000e+07,6.970000000000000000e+07
5.740755847433443367e+07,-1.741930900000000082e-09,2.981000000000000227e+01,6.307000000000000000e+07,6.970000000000000000e+07
5.745932702751312405e+07,-1.740361489999999995e-09,2.981500000000000128e+01,6.307000000000000000e+07,6.970000000000000000e+07
5.753299992192771286e+07,-1.738132900000000174e-09,2.982000000000000028e+01,6.307000000000000000e+07,6.970000000000000000e+07
5.755052467029275745e+07,-1.737603620000000075e-09,2.982499999999999929e+01,6.307000000000000000e+07,6.970000000000000000e+07
5.756747616286243498e+07,-1.737091960000000300e-09,2.983000000000000185e+01,6.307000000000000000e+07,6.970000000000000000e+07
5.764589365759931505e+07,-1.734728940000000309e-09,2.983500000000000085e+01,6.307000000000000000e+07,6.970000000000000000e+07
5.772008204078493267e+07,-1.732499270000000019e-09,2.983999999999999986e+01,6.307000000000000000e+07,6.970000000000000000e+07
5.778626026144573092e+07,-1.730515170000000132e-09,2.984499999999999886e+01,6.307000000000000000e+07,6.970000000000000000e+07
5.786707214818525314e+07,-1.728098490000000158e-09,2.985000000000000142e+01,6.307000000000000000e+07,6.970000000000000000e+07
5.794967960433442146e+07,-1.725635080000000054e-09,2.985500000000000043e+01,6.307000000000000000e+07,6.970000000000000000e+07
5.801060799380956590e+07,-1.723822650000000171e-09,2.985999999999999943e+01,6.307000000000000000e+07,6.970000000000000000e+07
5.810276630466028303e+07,-1.721088450000000229e-09,2.986500000000000199e+01,6.307000000000000000e+07,6.970000000000000000e+07
5.821411935496520996e+07,-1.717796319999999947e-09,2.987000000000000099e+01,6.307000000000000000e+07,6.970000000000000000e+07
5.830571668486125767e+07,-1.715097690000000051e-09,2.987500000000000000e+01,6.307000000000000000e+07,6.970000000000000000e+07
5.841890529713014513e+07,-1.711774630000000126e-09,2.987999999999999901e+01,6.307000000000000000e+07,6.970000000000000000e+07
5.855261884375276417e+07,-1.707865540000000209e-09,2.988500000000000156e+01,6.307000000000000000e+07,6.970000000000000000e+07
5.864996209394299239e+07,-1.705030940000000315e-09,2.989000000000000057e+01,6.307000000000000000e+07,6.970000000000000000e+07
5.873672620471844822e+07,-1.702512320000000147e-09,2.989499999999999957e+01,6.307000000000000000e+07,6.970000000000000000e+07
5.886180828442986310e+07,-1.698894460000000132e-09,2.990000000000000213e+01,6.307000000000000000e+07,6.970000000000000000e+07
5.896455459012759477e+07,-1.695934120000000109e-09,2.990500000000000114e+01,6.307000000000000000e+07,6.970000000000000000e+07
5.903296064624940604e+07,-1.693968909999999997e-09,2.991000000000000014e+01,6.307000000000000000e+07,6.970000000000000000e+07
5.912956700736670196e+07,-1.691201290000000072e-09,2.991499999999999915e+01,6.307000000000000000e+07,6.970000000000000000e+07
5.923270405337804556e+07,-1.688256540000000220e-09,2.992000000000000171e+01,6.307000000000000000e+07,6.970000000000000000e+07
5.928957441392092407e+07,-1.686637170000000089e-09,2.992500000000000071e+01,6.307000000000000000e+07,6.970000000000000000e+07
5.933744192110522836e+07,-1.685276559999999974e-09,2.992999999999999972e+01,6.307000000000000000e+07,6.970000000000000000e+07
5.940179928881671280e+07,-1.683450689999999985e-09,2.993500000000000227e+01,6.307000000000000000e+07,6.970000000000000000e+07
5.939312837897159159e+07,-1.683696460000000037e-09,2.994000000000000128e+01,6.307000000000000000e+07,6.970000000000000000e+07
5.931900852832944691e+07,-1.685800260000000031e-09,2.994500000000000028e+01,6.307000000000000000e+07,6.970000000000000000e+07
5.929229288419438154e+07,-1.686559839999999923e-09,2.994999999999999929e+01,6.307000000000000000e+07,6.970000000000000000e+07
5.926998018889058381e+07,-1.687194759999999948e-09,2.995500000000000185e+01,6.307000000000000000e+07,6.970000000000000000e+07
5.921509479931054264e+07,-1.688758589999999993e-09,2.996000000000000085e+01,6.307000000000000000e+07,6.970000000000000000e+07
5.911546173059497029e+07,-1.691604820000000203e-09,2.996499999999999986e+01,6.307000000000000000e+07,6.970000000000000000e+07
5.898850499261599779e+07,-1.695245540000000102e-09,2.996999999999999886e+01,6.307000000000000000e+07,6.970000000000000000e+07
5.886448766854617745e+07,-1.698817129999999966e-09,2.997500000000000142e+01,6.307000000000000000e+07,6.970000000000000000e+07
5.877038439028500766e+07,-1.701537279999999980e-09,2.998000000000000043e+01,6.307000000000000000e+07,6.970000000000000000e+07
5.871992777073076367e+07,-1.702999370000000101e-09,2.998499999999999943e+01,6.307000000000000000e+07,6.970000000000000000e+07
5.858400526014066488e+07,-1.706950550000000159e-09,2.999000000000000199e+01,6.307000000000000000e+07,6.970000000000000000e+07
5.838798901612157375e+07,-1.712681010000000078e-09,2.999500000000000099e+01,6.307000000000000000e+07,6.970000000000000000e+07
5.823265872331661731e+07,-1.717249430000000190e-09,3.000000000000000000e+01,6.307000000000000000e+07,6.970000000000000000e+07
5.811172774627657235e+07,-1.720823040000000161e-09,3.000499999999999901e+01,6.307000000000000000e+07,6.970000000000000000e+07
5.800893114785381407e+07,-1.723872480000000050e-09,3.001000000000000156e+01,6.307000000000000000e+07,6.970000000000000000e+07
5.796091182182175666e+07,-1.725300670000000118e-09,3.001500000000000057e+01,6.307000000000000000e+07,6.970000000000000000e+07
5.787606453109428287e+07,-1.727829990000000181e-09,3.001999999999999957e+01,6.307000000000000000e+07,6.970000000000000000e+07
5.777387262347030640e+07,-1.730886220000000125e-09,3.002500000000000213e+01,6.307000000000000000e+07,6.970000000000000000e+07
5.766117309834575653e+07,-1.734269260000000063e-09,3.003000000000000114e+01,6.307000000000000000e+07,6.970000000000000000e+07
5.753386584301490337e+07,-1.738106740000000272e-09,3.003500000000000014e+01,6.307000000000000000e+07,6.970000000000000000e+07
5.742666332267378271e+07,-1.741351389999999977e-09,3.003999999999999915e+01,6.307000000000000000e+07,6.970000000000000000e+07
5.736903735914166272e+07,-1.743100540000000036e-09,3.004500000000000171e+01,6.307000000000000000e+07,6.970000000000000000e+07
5.738613665136915445e+07,-1.742581149999999947e-09,3.005000000000000071e+01,6.307000000000000000e+07,6.970000000000000000e+07
5.740886818668968976e+07,-1.741891160000000069e-09,3.005499999999999972e+01,6.307000000000000000e+07,6.970000000000000000e+07
5.741386831759556383e+07,-1.741739460000000102e-09,3.006000000000000227e+01,6.307000000000000000e+07,6.970000000000000000e+07
5.745788625663267076e+07,-1.740405130000000216e-09,3.006500000000000128e+01,6.307000000000000000e+07,6.970000000000000000e+07
5.751478984193567187e+07,-1.738683220000000114e-09,3.007000000000000028e+01,6.307000000000000000e+07,6.970000000000000000e+07
5.755368090810821950e+07,-1.737508330000000140e-09,3.007499999999999929e+01,6.307000000000000000e+07,6.970000000000000000e+07
5.762052935565451533e+07,-1.735492560000000000e-09,3.008000000000000185e+01,6.307000000000000000e+07,6.970000000000000000e+07
5.770953676352856308e+07,-1.732815850000000144e-09,3.008500000000000085e+01,6.307000000000000000e+07,6.970000000000000000e+07
5.777457524320048839e+07,-1.730865170000000032e-09,3.008999999999999986e+01,6.307000000000000000e+07,6.970000000000000000e+07
5.783700698578505218e+07,-1.728996800000000144e-09,3.009499999999999886e+01,6.307000000000000000e+07,6.970000000000000000e+07
5.792665342204630375e+07,-1.726321030000000132e-09,3.010000000000000142e+01,6.307000000000000000e+07,6.970000000000000000e+07
5.799370667373540998e+07,-1.724325029999999967e-09,3.010500000000000043e+01,6.307000000000000000e+07,6.970000000000000000e+07
5.803301730486542732e+07,-1.723157000000000153e-09,3.010999999999999943e+01,6.307000000000000000e+07,6.970000000000000000e+07
5.809814029653953016e+07,-1.721225490000000031e-09,3.011500000000000199e+01,6.307000000000000000e+07,6.970000000000000000e+07
5.816313660534517467e+07,-1.719302050000000083e-09,3.012000000000000099e+01,6.307000000000000000e+07,6.970000000000000000e+07
5.818745123491547257e+07,-1.718583610000000235e-09,3.012500000000000000e+01,6.307000000000000000e+07,6.970000000000000000e+07
5.821843812983071804e+07,-1.717668889999999940e-09,3.012999999999999901e+01,6.307000000000000000e+07,6.970000000000000000e+07
5.827895542548663914e+07,-1.715885250000000095e-09,3.013500000000000156e+01,6.307000000000000000e+07,6.970000000000000000e+07
5.829998185704564303e+07,-1.715266400000000106e-09,3.014000000000000057e+01,6.307000000000000000e+07,6.970000000000000000e+07
5.830478182178643346e+07,-1.715125190000000132e-09,3.014499999999999957e+01,6.307000000000000000e+07,6.970000000000000000e+07
5.833148208653018624e+07,-1.714340120000000014e-09,3.015000000000000213e+01,6.307000000000000000e+07,6.970000000000000000e+07
5.833216634973536432e+07,-1.714320010000000180e-09,3.015500000000000114e+01,6.307000000000000000e+07,6.970000000000000000e+07
5.830303081892378628e+07,-1.715176700000000050e-09,3.016000000000000014e+01,6.307000000000000000e+07,6.970000000000000000e+07
5.829667458687230945e+07,-1.715363710000000148e-09,3.016499999999999915e+01,6.307000000000000000e+07,6.970000000000000000e+07
5.830028130060628057e+07,-1.715257590000000151e-09,3.017000000000000171e+01,6.307000000000000000e+07,6.970000000000000000e+07
5.826717522878722847e+07,-1.716232160000000086e-09,3.017500000000000071e+01,6.307000000000000000e+07,6.970000000000000000e+07
5.824262534644387662e+07,-1.716955570000000153e-09,3.017999999999999972e+01,6.307000000000000000e+07,6.970000000000000000e+07
5.825253362259056419e+07,-1.716663529999999951e-09,3.018500000000000227e+01,6.307000000000000000e+07,6.970000000000000000e+07
5.823328810761478543e+07,-1.717230870000000230e-09,3.019000000000000128e+01,6.307000000000000000e+07,6.970000000000000000e+07
5.816947965253997594e+07,-1.719114569999999959e-09,3.019500000000000028e+01,6.307000000000000000e+07,6.970000000000000000e+07
5.808415738053460419e+07,-1.721639850000000223e-09,3.019999999999999929e+01,6.307000000000000000e+07,6.970000000000000000e+07
5.797296843384622782e+07,-1.724941860000000056e-09,3.020500000000000185e+01,6.307000000000000000e+07,6.970000000000000000e+07
5.786094117995585501e+07,-1.728281600000000254e-09,3.021000000000000085e+01,6.307000000000000000e+07,6.970000000000000000e+07
5.778970056353337318e+07,-1.730412150000000090e-09,3.021499999999999986e+01,6.307000000000000000e+07,6.970000000000000000e+07
5.769159054145911336e+07,-1.733354880000000249e-09,3.021999999999999886e+01,6.307000000000000000e+07,6.970000000000000000e+07
5.756546628335664421e+07,-1.737152610000000194e-09,3.022500000000000142e+01,6.307000000000000000e+07,6.970000000000000000e+07
5.748012786960270256e+07,-1.739731690000000031e-09,3.023000000000000043e+01,6.307000000000000000e+07,6.970000000000000000e+07
5.738807211187726259e+07,-1.742522380000000155e-09,3.023499999999999943e+01,6.307000000000000000e+07,6.970000000000000000e+07
5.723992427936480939e+07,-1.747032360000000085e-09,3.024000000000000199e+01,6.307000000000000000e+07,6.970000000000000000e+07
5.711520130963785946e+07,-1.750847370000000079e-09,3.024500000000000099e+01,6.307000000000000000e+07,6.970000000000000000e+07
5.706659758108274639e+07,-1.752338570000000216e-09,3.025000000000000000e+01,6.307000000000000000e+07,6.970000000000000000e+07
5.703277964142841846e+07,-1.753377629999999987e-09,3.025499999999999901e+01,6.307000000000000000e+07,6.970000000000000000e+07
5.699881624858415127e+07,-1.754422399999999965e-09,3.026000000000000156e+01,6.307000000000000000e+07,6.970000000000000000e+07
5.702167923188786954e+07,-1.753718960000000143e-09,3.026500000000000057e+01,6.307000000000000000e+07,6.970000000000000000e+07
5.706184367182099074e+07,-1.752484560000000183e-09,3.026999999999999957e+01,6.307000000000000000e+07,6.970000000000000000e+07
5.707496598160801828e+07,-1.752081640000000288e-09,3.027500000000000213e+01,6.307000000000000000e+07,6.970000000000000000e+07
5.709530784422557056e+07,-1.751457410000000114e-09,3.028000000000000114e+01,6.307000000000000000e+07,6.970000000000000000e+07
5.708874321249810606e+07,-1.751658810000000001e-09,3.028500000000000014e+01,6.307000000000000000e+07,6.970000000000000000e+07
5.704626087231137604e+07,-1.752963270000000002e-09,3.028999999999999915e+01,6.307000000000000000e+07,6.970000000000000000e+07
5.700752128732103854e+07,-1.754154500000000180e-09,3.029500000000000171e+01,6.307000000000000000e+07,6.970000000000000000e+07
5.702476667161964625e+07,-1.753624010000000068e-09,3.030000000000000071e+01,6.307000000000000000e+07,6.970000000000000000e+07
5.704597872798808664e+07,-1.752971939999999953e-09,3.030499999999999972e+01,6.307000000000000000e+07,6.970000000000000000e+07
5.705568518480438739e+07,-1.752673720000000139e-09,3.031000000000000227e+01,6.307000000000000000e+07,6.970000000000000000e+07
5.709888317211063951e+07,-1.751347740000000020e-09,3.031500000000000128e+01,6.307000000000000000e+07,6.970000000000000000e+07
5.715563354987906665e+07,-1.749608810000000199e-09,3.032000000000000028e+01,6.307000000000000000e+07,6.970000000000000000e+07
5.718068494329468161e+07,-1.748842290000000204e-09,3.032499999999999929e+01,6.307000000000000000e+07,6.970000000000000000e+07
5.721079087053083628e+07,-1.747922000000000119e-09,3.033000000000000185e+01,6.307000000000000000e+07,6.970000000000000000e+07
5.720894229773355275e+07,-1.747978480000000049e-09,3.033500000000000085e+01,6.307000000000000000e+07,6.970000000000000000e+07
5.718043187499616295e+07,-1.748850030000000148e-09,3.033999999999999986e+01,6.307000000000000000e+07,6.970000000000000000e+07
5.717229597480165958e+07,-1.749098899999999948e-09,3.034499999999999886e+01,6.307000000000000000e+07,6.970000000000000000e+07
5.719741890469871461e+07,-1.748330640000000059e-09,3.035000000000000142e+01,6.307000000000000000e+07,6.970000000000000000e+07
5.720128024244556576e+07,-1.748212620000000199e-09,3.035500000000000043e+01,6.307000000000000000e+07,6.970000000000000000e+07
5.713466272628704458e+07,-1.750250990000000098e-09,3.035999999999999943e+01,6.307000000000000000e+07,6.970000000000000000e+07
5.712403624181925505e+07,-1.750576580000000034e-09,3.036500000000000199e+01,6.307000000000000000e+07,6.970000000000000000e+07
5.713905559986086190e+07,-1.750116430000000176e-09,3.037000000000000099e+01,6.307000000000000000e+07,6.970000000000000000e+07
5.711853574394574016e+07,-1.750745159999999923e-09,3.037500000000000000e+01,6.307000000000000000e+07,6.970000000000000000e+07
5.703234215152959526e+07,-1.753391080000000139e-09,3.037999999999999901e+01,6.307000000000000000e+07,6.970000000000000000e+07
5.693970408754648268e+07,-1.756243760000000130e-09,3.038500000000000156e+01,6.307000000000000000e+07,6.970000000000000000e+07
5.679428852553808689e+07,-1.760740430000000118e-09,3.039000000000000057e+01,6.307000000000000000e+07,6.970000000000000000e+07
5.668804764090733975e+07,-1.764040290000000093e-09,3.039499999999999957e+01,6.307000000000000000e+07,6.970000000000000000e+07
5.664594563639881462e+07,-1.765351410000000190e-09,3.040000000000000213e+01,6.307000000000000000e+07,6.970000000000000000e+07
5.663061478671110421e+07,-1.765829319999999961e-09,3.040500000000000114e+01,6.307000000000000000e+07,6.970000000000000000e+07
5.662725081571837515e+07,-1.765934220000000312e-09,3.041000000000000014e+01,6.307000000000000000e+07,6.970000000000000000e+07
5.667005081320106238e+07,-1.764600500000000042e-09,3.041499999999999915e+01,6.307000000000000000e+07,6.970000000000000000e+07
5.667937081862819940e+07,-1.764310340000000150e-09,3.042000000000000171e+01,6.307000000000000000e+07,6.970000000000000000e+07
5.663749501512167603e+07,-1.765614809999999989e-09,3.042500000000000071e+01,6.307000000000000000e+07,6.970000000000000000e+07
5.659621532052756846e+07,-1.766902600000000176e-09,3.042999999999999972e+01,6.307000000000000000e+07,6.970000000000000000e+07
5.659578482291665673e+07,-1.766916040000000077e-09,3.043500000000000227e+01,6.307000000000000000e+07,6.970000000000000000e+07
5.659465607902895659e+07,-1.766951280000000102e-09,3.044000000000000128e+01,6.307000000000000000e+07,6.970000000000000000e+07
5.661080966767025739e+07,-1.766447090000000102e-09,3.044500000000000028e+01,6.307000000000000000e+07,6.970000000000000000e+07
5.666765160711924732e+07,-1.764675210000000118e-09,3.044999999999999929e+01,6.307000000000000000e+07,6.970000000000000000e+07
5.665196623678776622e+07,-1.765163800000000108e-09,3.045500000000000185e+01,6.307000000000000000e+07,6.970000000000000000e+07
5.661402745346667618e+07,-1.766346690000000150e-09,3.046000000000000085e+01,6.307000000000000000e+07,6.970000000000000000e+07
5.661036805191161484e+07,-1.766460870000000069e-09,3.046499999999999986e+01,6.307000000000000000e+07,6.970000000000000000e+07
5.655180642275944352e+07,-1.768290109999999974e-09,3.046999999999999886e+01,6.307000000000000000e+07,6.970000000000000000e+07
5.646650553422291577e+07,-1.770961370000000161e-09,3.047500000000000142e+01,6.307000000000000000e+07,6.970000000000000000e+07
5.635813071735271811e+07,-1.774366870000000062e-09,3.048000000000000043e+01,6.307000000000000000e+07,6.970000000000000000e+07
5.627712015524201095e+07,-1.776921060000000071e-09,3.048499999999999943e+01,6.307000000000000000e+07,6.970000000000000000e+07
5.616563479349642247e+07,-1.780448140000000181e-09,3.049000000000000199e+01,6.307000000000000000e+07,6.970000000000000000e+07
5.600350738766067475e+07,-1.785602450000000074e-09,3.049500000000000099e+01,6.307000000000000000e+07,6.970000000000000000e+07
5.589346165160495788e+07,-1.789118030000000035e-09,3.050000000000000000e+01,6.307000000000000000e+07,6.970000000000000000e+07
5.583344044978883117e+07,-1.791041340000000231e-09,3.050499999999999901e+01,6.307000000000000000e+07,6.970000000000000000e+07
5.577992441362846643e+07,-1.792759690000000191e-09,3.051000000000000156e+01,6.307000000000000000e+07,6.970000000000000000e+07
5.574031736619241536e+07,-1.794033559999999995e-09,3.051500000000000057e+01,6.307000000000000000e+07,6.970000000000000000e+07
5.568368929298765212e+07,-1.795858020000000114e-09,3.051999999999999957e+01,6.307000000000000000e+07,6.970000000000000000e+07
5.554947782546503097e+07,-1.800196940000000067e-09,3.052500000000000213e+01,6.307000000000000000e+07,6.970000000000000000e+07
5.542787928322263062e+07,-1.804146240000000021e-09,3.053000000000000114e+01,6.307000000000000000e+07,6.970000000000000000e+07
5.537465302450069785e+07,-1.805880390000000055e-09,3.053500000000000014e+01,6.307000000000000000e+07,6.970000000000000000e+07
5.535993047678490728e+07,-1.806360650000000161e-09,3.053999999999999915e+01,6.307000000000000000e+07,6.970000000000000000e+07
5.540740139714084566e+07,-1.804813030000000155e-09,3.054500000000000171e+01,6.307000000000000000e+07,6.970000000000000000e+07
5.552658363510087878e+07,-1.800939180000000263e-09,3.055000000000000071e+01,6.307000000000000000e+07,6.970000000000000000e+07
5.565325205687880516e+07,-1.796840189999999989e-09,3.055499999999999972e+01,6.307000000000000000e+07,6.970000000000000000e+07
5.577348082645210624e+07,-1.792966810000000123e-09,3.056000000000000227e+01,6.307000000000000000e+07,6.970000000000000000e+07
5.587770823815613240e+07,-1.789622430000000143e-09,3.056500000000000128e+01,6.307000000000000000e+07,6.970000000000000000e+07
5.588677973299911618e+07,-1.789331940000000229e-09,3.057000000000000028e+01,6.307000000000000000e+07,6.970000000000000000e+07
5.584618219023923576e+07,-1.790632700000000084e-09,3.057499999999999929e+01,6.307000000000000000e+07,6.970000000000000000e+07
5.587607687448536605e+07,-1.789674680000000255e-09,3.058000000000000185e+01,6.307000000000000000e+07,6.970000000000000000e+07
5.594995956468447298e+07,-1.787311390000000095e-09,3.058500000000000085e+01,6.307000000000000000e+07,6.970000000000000000e+07
5.594247108993790299e+07,-1.787550640000000261e-09,3.058999999999999986e+01,6.307000000000000000e+07,6.970000000000000000e+07
5.585543032805313170e+07,-1.790336219999999956e-09,3.059499999999999886e+01,6.307000000000000000e+07,6.970000000000000000e+07
5.578087216216137260e+07,-1.792729230000000160e-09,3.060000000000000142e+01,6.307000000000000000e+07,6.970000000000000000e+07
5.574611777485647053e+07,-1.793846890000000171e-09,3.060500000000000043e+01,6.307000000000000000e+07,6.970000000000000000e+07
5.574508947917462885e+07,-1.793879980000000131e-09,3.060999999999999943e+01,6.307000000000000000e+07,6.970000000000000000e+07
5.583124154142732918e+07,-1.791111880000000135e-09,3.061500000000000199e+01,6.307000000000000000e+07,6.970000000000000000e+07
5.592047549180310965e+07,-1.788253750000000061e-09,3.062000000000000099e+01,6.307000000000000000e+07,6.970000000000000000e+07
5.592736315144696087e+07,-1.788033520000000044e-09,3.062500000000000000e+01,6.307000000000000000e+07,6.970000000000000000e+07
5.595781452278756350e+07,-1.787060499999999983e-09,3.062999999999999901e+01,6.307000000000000000e+07,6.970000000000000000e+07
5.598947711371333897e+07,-1.786049900000000227e-09,3.063500000000000156e+01,6.307000000000000000e+07,6.970000000000000000e+07
5.596372324009228498e+07,-1.786871820000000098e-09,3.064000000000000057e+01,6.307000000000000000e+07,6.970000000000000000e+07
5.594818312023845315e+07,-1.787368140000000195e-09,3.064499999999999957e+01,6.307000000000000000e+07,6.970000000000000000e+07
5.596756513936180621e+07,-1.786749160000000247e-09,3.065000000000000213e+01,6.307000000000000000e+07,6.970000000000000000e+07
5.597388885253695399e+07,-1.786547300000000172e-09,3.065500000000000114e+01,6.307000000000000000e+07,6.970000000000000000e+07
5.599192050025242567e+07,-1.785971960000000032e-09,3.066000000000000014e+01,6.307000000000000000e+07,6.970000000000000000e+07
5.605715749222520739e+07,-1.783893520000000098e-09,3.066499999999999915e+01,6.307000000000000000e+07,6.970000000000000000e+07
5.612848645741981268e+07,-1.781626520000000192e-09,3.067000000000000171e+01,6.307000000000000000e+07,6.970000000000000000e+07
5.615067535112477094e+07,-1.780922480000000179e-09,3.067500000000000071e+01,6.307000000000000000e+07,6.970000000000000000e+07
5.616206908430969715e+07,-1.780561180000000191e-09,3.067999999999999972e+01,6.307000000000000000e+07,6.970000000000000000e+07
5.621014865577617288e+07,-1.779038170000000006e-09,3.068500000000000227e+01,6.307000000000000000e+07,6.970000000000000000e+07
5.616600608984413743e+07,-1.780436370000000276e-09,3.069000000000000128e+01,6.307000000000000000e+07,6.970000000000000000e+07
5.606026393161046505e+07,-1.783794670000000227e-09,3.069500000000000028e+01,6.307000000000000000e+07,6.970000000000000000e+07
5.596205741168735921e+07,-1.786925010000000054e-09,3.069999999999999929e+01,6.307000000000000000e+07,6.970000000000000000e+07
5.583839221256340295e+07,-1.790882510000000141e-09,3.070500000000000185e+01,6.307000000000000000e+07,6.970000000000000000e+07
5.570480792319341004e+07,-1.795177180000000051e-09,3.071000000000000085e+01,6.307000000000000000e+07,6.970000000000000000e+07
5.565466631290334463e+07,-1.796794530000000075e-09,3.071499999999999986e+01,6.307000000000000000e+07,6.970000000000000000e+07
5.560368548789514601e+07,-1.798441940000000211e-09,3.071999999999999886e+01,6.307000000000000000e+07,6.970000000000000000e+07
5.548722581133019179e+07,-1.802216610000000209e-09,3.072500000000000142e+01,6.307000000000000000e+07,6.970000000000000000e+07
5.543954799338191748e+07,-1.803766510000000032e-09,3.073000000000000043e+01,6.307000000000000000e+07,6.970000000000000000e+07
5.544623683091577142e+07,-1.803548910000000150e-09,3.073499999999999943e+01,6.307000000000000000e+07,6.970000000000000000e+07
5.538861979435734451e+07,-1.805425019999999983e-09,3.074000000000000199e+01,6.307000000000000000e+07,6.970000000000000000e+07
5.535029574880725145e+07,-1.806675080000000014e-09,3.074500000000000099e+01,6.307000000000000000e+07,6.970000000000000000e+07
5.537352922922749072e+07,-1.805917040000000157e-09,3.075000000000000000e+01,6.307000000000000000e+07,6.970000000000000000e+07
5.540508519396167248e+07,-1.804888480000000218e-09,3.075499999999999901e+01,6.307000000000000000e+07,6.970000000000000000e+07
5.543476566493901610e+07,-1.803922120000000046e-09,3.076000000000000156e+01,6.307000000000000000e+07,6.970000000000000000e+07
5.549877660716798156e+07,-1.801841520000000003e-09,3.076500000000000057e+01,6.307000000000000000e+07,6.970000000000000000e+07
5.551846798519771546e+07,-1.801202440000000059e-09,3.076999999999999957e+01,6.307000000000000000e+07,6.970000000000000000e+07
5.550037769672033936e+07,-1.801789540000000060e-09,3.077500000000000213e+01,6.307000000000000000e+07,6.970000000000000000e+07
5.552391771877319366e+07,-1.801025649999999993e-09,3.078000000000000114e+01,6.307000000000000000e+07,6.970000000000000000e+07
5.552918166222962737e+07,-1.800854920000000039e-09,3.078500000000000014e+01,6.307000000000000000e+07,6.970000000000000000e+07
5.543557787423949689e+07,-1.803895690000000183e-09,3.078999999999999915e+01,6.307000000000000000e+07,6.970000000000000000e+07
5.536874418112564832e+07,-1.806073110000000153e-09,3.079500000000000171e+01,6.307000000000000000e+07,6.970000000000000000e+07
5.536093633678887784e+07,-1.806327830000000163e-09,3.080000000000000071e+01,6.307000000000000000e+07,6.970000000000000000e+07
5.535183681029770523e+07,-1.806624780000000110e-09,3.080499999999999972e+01,6.307000000000000000e+07,6.970000000000000000e+07
5.534609334563624859e+07,-1.806812260000000233e-09,3.081000000000000227e+01,6.307000000000000000e+07,6.970000000000000000e+07
5.537442611536788940e+07,-1.805887790000000139e-09,3.081500000000000128e+01,6.307000000000000000e+07,6.970000000000000000e+07
5.539972505448853225e+07,-1.805063110000000174e-09,3.082000000000000028e+01,6.307000000000000000e+07,6.970000000000000000e+07
5.541152837180244178e+07,-1.804678610000000236e-09,3.082499999999999929e+01,6.307000000000000000e+07,6.970000000000000000e+07
5.544263799886052310e+07,-1.803665979999999915e-09,3.083000000000000185e+01,6.307000000000000000e+07,6.970000000000000000e+07
5.549409399665112793e+07,-1.801993560000000244e-09,3.083500000000000085e+01,6.307000000000000000e+07,6.970000000000000000e+07
5.552774695139481127e+07,-1.800901450000000106e-09,3.083999999999999986e+01,6.307000000000000000e+07,6.970000000000000000e+07
5.554057348585774004e+07,-1.800485550000000291e-09,3.084499999999999886e+01,6.307000000000000000e+07,6.970000000000000000e+07
5.560060656480921060e+07,-1.798541530000000069e-09,3.085000000000000142e+01,6.307000000000000000e+07,6.970000000000000000e+07
5.564003815304183960e+07,-1.797266920000000071e-09,3.085500000000000043e+01,6.307000000000000000e+07,6.970000000000000000e+07
5.563346063585785031e+07,-1.797479410000000144e-09,3.085999999999999943e+01,6.307000000000000000e+07,6.970000000000000000e+07
5.565674074705015868e+07,-1.796727559999999944e-09,3.086500000000000199e+01,6.307000000000000000e+07,6.970000000000000000e+07
5.569558477595943958e+07,-1.795474460000000227e-09,3.087000000000000099e+01,6.307000000000000000e+07,6.970000000000000000e+07
5.563752972817533463e+07,-1.797347950000000176e-09,3.087500000000000000e+01,6.307000000000000000e+07,6.970000000000000000e+07
5.553120543048098683e+07,-1.800789290000000087e-09,3.087999999999999901e+01,6.307000000000000000e+07,6.970000000000000000e+07
5.540240207862278074e+07,-1.804975889999999999e-09,3.088500000000000156e+01,6.307000000000000000e+07,6.970000000000000000e+07
5.527953653769237548e+07,-1.808987670000000142e-09,3.089000000000000057e+01,6.307000000000000000e+07,6.970000000000000000e+07
5.514751358776830137e+07,-1.813318379999999918e-09,3.089499999999999957e+01,6.307000000000000000e+07,6.970000000000000000e+07
5.505804069993877411e+07,-1.816265140000000245e-09,3.090000000000000213e+01,6.307000000000000000e+07,6.970000000000000000e+07
5.497618324538253248e+07,-1.818969489999999978e-09,3.090500000000000114e+01,6.307000000000000000e+07,6.970000000000000000e+07
5.491870302013874799e+07,-1.820873299999999956e-09,3.091000000000000014e+01,6.307000000000000000e+07,6.970000000000000000e+07
5.487066449389809370e+07,-1.822467450000000029e-09,3.091499999999999915e+01,6.307000000000000000e+07,6.970000000000000000e+07
5.484249104948609322e+07,-1.823403679999999984e-09,3.092000000000000171e+01,6.307000000000000000e+07,6.970000000000000000e+07
5.478504348590219021e+07,-1.825315700000000139e-09,3.092500000000000071e+01,6.307000000000000000e+07,6.970000000000000000e+07
5.474707808000902086e+07,-1.826581500000000182e-09,3.092999999999999972e+01,6.307000000000000000e+07,6.970000000000000000e+07
5.465933886807603389e+07,-1.829513530000000239e-09,3.093500000000000227e+01,6.307000000000000000e+07,6.970000000000000000e+07
5.449190030214232951e+07,-1.835135120000000112e-09,3.094000000000000128e+01,6.307000000000000000e+07,6.970000000000000000e+07
5.433139704021782428e+07,-1.840556389999999946e-09,3.094500000000000028e+01,6.307000000000000000e+07,6.970000000000000000e+07
5.426191443641652167e+07,-1.842913230000000118e-09,3.094999999999999929e+01,6.307000000000000000e+07,6.970000000000000000e+07
5.421702192307028919e+07,-1.844439190000000002e-09,3.095500000000000185e+01,6.307000000000000000e+07,6.970000000000000000e+07
5.412944495981089026e+07,-1.847423340000000006e-09,3.096000000000000085e+01,6.307000000000000000e+07,6.970000000000000000e+07
5.403457094024557620e+07,-1.850667050000000073e-09,3.096499999999999986e+01,6.307000000000000000e+07,6.970000000000000000e+07
5.392834911280423403e+07,-1.854312280000000210e-09,3.096999999999999886e+01,6.307000000000000000e+07,6.970000000000000000e+07
5.378496120635967702e+07,-1.859255780000000070e-09,3.097500000000000142e+01,6.307000000000000000e+07,6.970000000000000000e+07
5.369962837923974544e+07,-1.862210280000000134e-09,3.098000000000000043e+01,6.307000000000000000e+07,6.970000000000000000e+07
5.364061538659596443e+07,-1.864259000000000024e-09,3.098499999999999943e+01,6.307000000000000000e+07,6.970000000000000000e+07
5.358305063942824304e+07,-1.866261790000000038e-09,3.099000000000000199e+01,6.307000000000000000e+07,6.970000000000000000e+07
5.353794393361958116e+07,-1.867834150000000238e-09,3.099500000000000099e+01,6.307000000000000000e+07,6.970000000000000000e+07
5.353102927717982233e+07,-1.868075420000000303e-09,3.100000000000000000e+01,6.307000000000000000e+07,6.970000000000000000e+07
5.353603761776067317e+07,-1.867900660000000181e-09,3.100499999999999901e+01,6.307000000000000000e+07,6.970000000000000000e+07
5.354945493509206176e+07,-1.867432640000000213e-09,3.101000000000000156e+01,6.307000000000000000e+07,6.970000000000000000e+07
5.358012395579504967e+07,-1.866363730000000026e-09,3.101500000000000057e+01,6.307000000000000000e+07,6.970000000000000000e+07
5.357535621906109899e+07,-1.866529820000000196e-09,3.101999999999999957e+01,6.307000000000000000e+07,6.970000000000000000e+07
5.354216519665134698e+07,-1.867686890000000197e-09,3.102500000000000213e+01,6.307000000000000000e+07,6.970000000000000000e+07
5.354444379721110314e+07,-1.867607410000000173e-09,3.103000000000000114e+01,6.307000000000000000e+07,6.970000000000000000e+07
5.350885550690185279e+07,-1.868849540000000240e-09,3.103500000000000014e+01,6.307000000000000000e+07,6.970000000000000000e+07
5.341225956104149669e+07,-1.872229350000000058e-09,3.103999999999999915e+01,6.307000000000000000e+07,6.970000000000000000e+07
5.328197661214277148e+07,-1.876807250000000214e-09,3.104500000000000171e+01,6.307000000000000000e+07,6.970000000000000000e+07
5.315703964151147753e+07,-1.881218380000000066e-09,3.105000000000000071e+01,6.307000000000000000e+07,6.970000000000000000e+07
5.301497993393612653e+07,-1.886259319999999926e-09,3.105499999999999972e+01,6.307000000000000000e+07,6.970000000000000000e+07
5.292755736946292222e+07,-1.889374930000000311e-09,3.106000000000000227e+01,6.307000000000000000e+07,6.970000000000000000e+07
5.290636458063642681e+07,-1.890131760000000361e-09,3.106500000000000128e+01,6.307000000000000000e+07,6.970000000000000000e+07
5.290159929046681523e+07,-1.890302020000000289e-09,3.107000000000000028e+01,6.307000000000000000e+07,6.970000000000000000e+07
5.291443668915174156e+07,-1.889843420000000098e-09,3.107499999999999929e+01,6.307000000000000000e+07,6.970000000000000000e+07
5.297304683171730489e+07,-1.887752469999999857e-09,3.108000000000000185e+01,6.307000000000000000e+07,6.970000000000000000e+07
5.303974406456489116e+07,-1.885378630000000264e-09,3.108500000000000085e+01,6.307000000000000000e+07,6.970000000000000000e+07
5.303408841871859878e+07,-1.885579690000000084e-09,3.108999999999999986e+01,6.307000000000000000e+07,6.970000000000000000e+07
5.306269294026287645e+07,-1.884563230000000072e-09,3.109499999999999886e+01,6.307000000000000000e+07,6.970000000000000000e+07
5.311978612699230760e+07,-1.882537700000000089e-09,3.110000000000000142e+01,6.307000000000000000e+07,6.970000000000000000e+07
5.310101765551488101e+07,-1.883203079999999938e-09,3.110500000000000043e+01,6.307000000000000000e+07,6.970000000000000000e+07
5.304212021193487197e+07,-1.885294170000000389e-09,3.110999999999999943e+01,6.307000000000000000e+07,6.970000000000000000e+07
5.304166246488296986e+07,-1.885310440000000281e-09,3.111500000000000199e+01,6.307000000000000000e+07,6.970000000000000000e+07
5.306375530604387820e+07,-1.884525500000000122e-09,3.112000000000000099e+01,6.307000000000000000e+07,6.970000000000000000e+07
5.309016085941800475e+07,-1.883588190000000112e-09,3.112500000000000000e+01,6.307000000000000000e+07,6.970000000000000000e+07
5.314262556551525742e+07,-1.881728630000000178e-09,3.112999999999999901e+01,6.307000000000000000e+07,6.970000000000000000e+07
5.321780160156631470e+07,-1.879070480000000283e-09,3.113500000000000156e+01,6.307000000000000000e+07,6.970000000000000000e+07
5.324569744680810720e+07,-1.878086020000000132e-09,3.114000000000000057e+01,6.307000000000000000e+07,6.970000000000000000e+07
5.324614908275335282e+07,-1.878070090000000100e-09,3.114499999999999957e+01,6.307000000000000000e+07,6.970000000000000000e+07
5.323835865693058819e+07,-1.878344910000000106e-09,3.115000000000000213e+01,6.307000000000000000e+07,6.970000000000000000e+07
5.323216893216034770e+07,-1.878563320000000080e-09,3.115500000000000114e+01,6.307000000000000000e+07,6.970000000000000000e+07
5.324970119862042367e+07,-1.877944809999999951e-09,3.116000000000000014e+01,6.307000000000000000e+07,6.970000000000000000e+07
5.330051783904904872e+07,-1.876154380000000051e-09,3.116499999999999915e+01,6.307000000000000000e+07,6.970000000000000000e+07
5.329594885447872430e+07,-1.876315220000000203e-09,3.117000000000000171e+01,6.307000000000000000e+07,6.970000000000000000e+07
5.322932040237001330e+07,-1.878663850000000197e-09,3.117500000000000071e+01,6.307000000000000000e+07,6.970000000000000000e+07
5.314550493087182939e+07,-1.881626680000000353e-09,3.117999999999999972e+01,6.307000000000000000e+07,6.970000000000000000e+07
5.303788656411692500e+07,-1.885444660000000136e-09,3.118500000000000227e+01,6.307000000000000000e+07,6.970000000000000000e+07
5.292932058299169689e+07,-1.889311989999999935e-09,3.119000000000000128e+01,6.307000000000000000e+07,6.970000000000000000e+07
5.280520105883932859e+07,-1.893752850000000082e-09,3.119500000000000028e+01,6.307000000000000000e+07,6.970000000000000000e+07
5.273437739982616156e+07,-1.896296210000000029e-09,3.119999999999999929e+01,6.307000000000000000e+07,6.970000000000000000e+07
5.262487398447675258e+07,-1.900242080000000214e-09,3.120500000000000185e+01,6.307000000000000000e+07,6.970000000000000000e+07
5.251322988118519634e+07,-1.904282030000000114e-09,3.121000000000000085e+01,6.307000000000000000e+07,6.970000000000000000e+07
5.249560290268136561e+07,-1.904921450000000125e-09,3.121499999999999986e+01,6.307000000000000000e+07,6.970000000000000000e+07
5.251469671050670743e+07,-1.904228839999999950e-09,3.121999999999999886e+01,6.307000000000000000e+07,6.970000000000000000e+07
5.251293509119753540e+07,-1.904292719999999965e-09,3.122500000000000142e+01,6.307000000000000000e+07,6.970000000000000000e+07
5.255974830566161871e+07,-1.902596630000000110e-09,3.123000000000000043e+01,6.307000000000000000e+07,6.970000000000000000e+07
5.260270393889467418e+07,-1.901042960000000244e-09,3.123499999999999943e+01,6.307000000000000000e+07,6.970000000000000000e+07
5.260567369866347313e+07,-1.900935639999999865e-09,3.124000000000000199e+01,6.307000000000000000e+07,6.970000000000000000e+07
5.265759706607877463e+07,-1.899061210000000071e-09,3.124500000000000099e+01,6.307000000000000000e+07,6.970000000000000000e+07
5.275676130125270039e+07,-1.895491639999999899e-09,3.125000000000000000e+01,6.307000000000000000e+07,6.970000000000000000e+07
5.285166943255308270e+07,-1.892087820000000037e-09,3.125499999999999901e+01,6.307000000000000000e+07,6.970000000000000000e+07
5.295169703834804147e+07,-1.888513600000000037e-09,3.126000000000000156e+01,6.307000000000000000e+07,6.970000000000000000e+07
5.306629073940265924e+07,-1.884435460000000205e-09,3.126500000000000057e+01,6.307000000000000000e+07,6.970000000000000000e+07
5.315058574523294717e+07,-1.881446810000000008e-09,3.126999999999999957e+01,6.307000000000000000e+07,6.970000000000000000e+07
5.321602308059809357e+07,-1.879133280000000036e-09,3.127500000000000213e+01,6.307000000000000000e+07,6.970000000000000000e+07
5.328746206498880684e+07,-1.876614049999999839e-09,3.128000000000000114e+01,6.307000000000000000e+07,6.970000000000000000e+07
5.339355243274346739e+07,-1.872885310000000130e-09,3.128500000000000014e+01,6.307000000000000000e+07,6.970000000000000000e+07
5.349243953372438252e+07,-1.869423059999999923e-09,3.128999999999999915e+01,6.307000000000000000e+07,6.970000000000000000e+07
5.359046352128230780e+07,-1.866003640000000052e-09,3.129500000000000171e+01,6.307000000000000000e+07,6.970000000000000000e+07
5.364911258224965632e+07,-1.863963730000000117e-09,3.130000000000000071e+01,6.307000000000000000e+07,6.970000000000000000e+07
5.363024869590541720e+07,-1.864619360000000167e-09,3.130499999999999972e+01,6.307000000000000000e+07,6.970000000000000000e+07
5.359769115296303481e+07,-1.865752010000000159e-09,3.131000000000000227e+01,6.307000000000000000e+07,6.970000000000000000e+07
5.357524025843280554e+07,-1.866533860000000409e-09,3.131500000000000128e+01,6.307000000000000000e+07,6.970000000000000000e+07
5.354129572141546756e+07,-1.867717220000000270e-09,3.132000000000000028e+01,6.307000000000000000e+07,6.970000000000000000e+07
5.350123046677432209e+07,-1.869115889999999945e-09,3.132499999999999929e+01,6.307000000000000000e+07,6.970000000000000000e+07
5.348446130921232700e+07,-1.869701920000000142e-09,3.133000000000000185e+01,6.307000000000000000e+07,6.970000000000000000e+07
5.344732578977777064e+07,-1.871001000000000165e-09,3.133500000000000085e+01,6.307000000000000000e+07,6.970000000000000000e+07
5.340336551000032574e+07,-1.872541160000000027e-09,3.133999999999999986e+01,6.307000000000000000e+07,6.970000000000000000e+07
5.341464609298304468e+07,-1.872145699999999862e-09,3.134499999999999886e+01,6.307000000000000000e+07,6.970000000000000000e+07
5.349882273968102783e+07,-1.869200009999999959e-09,3.135000000000000142e+01,6.307000000000000000e+07,6.970000000000000000e+07
5.357559560471813381e+07,-1.866521480000000267e-09,3.135500000000000043e+01,6.307000000000000000e+07,6.970000000000000000e+07
5.366452905463610590e+07,-1.863428260000000154e-09,3.135999999999999943e+01,6.307000000000000000e+07,6.970000000000000000e+07
5.375799020463833958e+07,-1.860188590000000093e-09,3.136500000000000199e+01,6.307000000000000000e+07,6.970000000000000000e+07
5.376396664868459105e+07,-1.859981810000000228e-09,3.137000000000000099e+01,6.307000000000000000e+07,6.970000000000000000e+07
5.374076081450721622e+07,-1.860784970000000281e-09,3.137500000000000000e+01,6.307000000000000000e+07,6.970000000000000000e+07
5.379940836790618300e+07,-1.858756500000000022e-09,3.137999999999999901e+01,6.307000000000000000e+07,6.970000000000000000e+07
5.389684482372923195e+07,-1.855396180000000171e-09,3.138500000000000156e+01,6.307000000000000000e+07,6.970000000000000000e+07
5.398057394607733935e+07,-1.852518280000000123e-09,3.139000000000000057e+01,6.307000000000000000e+07,6.970000000000000000e+07
5.409452728696731478e+07,-1.848615840000000051e-09,3.139499999999999957e+01,6.307000000000000000e+07,6.970000000000000000e+07
5.421717213119375706e+07,-1.844434080000000193e-09,3.140000000000000213e+01,6.307000000000000000e+07,6.970000000000000000e+07
5.424473838378354907e+07,-1.843496770000000183e-09,3.140500000000000114e+01,6.307000000000000000e+07,6.970000000000000000e+07
5.421396238531199098e+07,-1.844543280000000055e-09,3.141000000000000014e+01,6.307000000000000000e+07,6.970000000000000000e+07
5.418362173785134405e+07,-1.845576150000000169e-09,3.141499999999999915e+01,6.307000000000000000e+07,6.970000000000000000e+07
5.418369484098510444e+07,-1.845573660000000037e-09,3.142000000000000171e+01,6.307000000000000000e+07,6.970000000000000000e+07
5.421436740372002870e+07,-1.844529500000000087e-09,3.142500000000000071e+01,6.307000000000000000e+07,6.970000000000000000e+07
5.430320125082428008e+07,-1.841512060000000060e-09,3.142999999999999972e+01,6.307000000000000000e+07,6.970000000000000000e+07
5.439652250429557264e+07,-1.838352810000000074e-09,3.143500000000000227e+01,6.307000000000000000e+07,6.970000000000000000e+07
5.445091053847169131e+07,-1.836516580000000257e-09,3.144000000000000128e+01,6.307000000000000000e+07,6.970000000000000000e+07
5.451659286646457016e+07,-1.834303920000000054e-09,3.144500000000000028e+01,6.307000000000000000e+07,6.970000000000000000e+07
5.460884687784184515e+07,-1.831205120000000106e-09,3.144999999999999929e+01,6.307000000000000000e+07,6.970000000000000000e+07
5.463116498287861794e+07,-1.830457030000000113e-09,3.145500000000000185e+01,6.307000000000000000e+07,6.970000000000000000e+07
5.461152615142832696e+07,-1.831115280000000047e-09,3.146000000000000085e+01,6.307000000000000000e+07,6.970000000000000000e+07
5.463341872026766837e+07,-1.830381520000000196e-09,3.146499999999999986e+01,6.307000000000000000e+07,6.970000000000000000e+07
5.460891099362950027e+07,-1.831202970000000248e-09,3.146999999999999886e+01,6.307000000000000000e+07,6.970000000000000000e+07
5.459296541361489147e+07,-1.831737830000000181e-09,3.147500000000000142e+01,6.307000000000000000e+07,6.970000000000000000e+07
5.462600963478262722e+07,-1.830629780000000173e-09,3.148000000000000043e+01,6.307000000000000000e+07,6.970000000000000000e+07
5.467857769493171573e+07,-1.828869810000000098e-09,3.148499999999999943e+01,6.307000000000000000e+07,6.970000000000000000e+07
5.467436038434063643e+07,-1.829010880000000068e-09,3.149000000000000199e+01,6.307000000000000000e+07,6.970000000000000000e+07
5.463045436738905311e+07,-1.830480840000000299e-09,3.149500000000000099e+01,6.307000000000000000e+07,6.970000000000000000e+07
5.462434819359957427e+07,-1.830685460000000055e-09,3.150000000000000000e+01,6.307000000000000000e+07,6.970000000000000000e+07
5.461675304233337939e+07,-1.830940040000000061e-09,3.150499999999999901e+01,6.307000000000000000e+07,6.970000000000000000e+07
5.461555748622764647e+07,-1.830980120000000141e-09,3.151000000000000156e+01,6.307000000000000000e+07,6.970000000000000000e+07
5.465050463975407183e+07,-1.829809269999999966e-09,3.151500000000000057e+01,6.307000000000000000e+07,6.970000000000000000e+07
5.469752460335680097e+07,-1.828236299999999944e-09,3.151999999999999957e+01,6.307000000000000000e+07,6.970000000000000000e+07
5.474546980689893663e+07,-1.826635159999999958e-09,3.152500000000000213e+01,6.307000000000000000e+07,6.970000000000000000e+07
5.480707572282052040e+07,-1.824581930000000037e-09,3.153000000000000114e+01,6.307000000000000000e+07,6.970000000000000000e+07
5.488010464274928719e+07,-1.822153960000000228e-09,3.153500000000000014e+01,6.307000000000000000e+07,6.970000000000000000e+07
5.490523356686359644e+07,-1.821320000000000076e-09,3.153999999999999915e+01,6.307000000000000000e+07,6.970000000000000000e+07
5.491659396762193739e+07,-1.820943230000000038e-09,3.154500000000000171e+01,6.307000000000000000e+07,6.970000000000000000e+07
5.490487091472277790e+07,-1.821332030000000105e-09,3.155000000000000071e+01,6.307000000000000000e+07,6.970000000000000000e+07
5.489226125717044622e+07,-1.821750420000000259e-09,3.155499999999999972e+01,6.307000000000000000e+07,6.970000000000000000e+07
5.482943683462731540e+07,-1.823837809999999944e-09,3.156000000000000227e+01,6.307000000000000000e+07,6.970000000000000000e+07
5.480755844023081660e+07,-1.824565860000000208e-09,3.156500000000000128e+01,6.307000000000000000e+07,6.970000000000000000e+07
5.485013106713069230e+07,-1.823149700000000169e-09,3.157000000000000028e+01,6.307000000000000000e+07,6.970000000000000000e+07
5.492941967809657753e+07,-1.820518050000000036e-09,3.157499999999999929e+01,6.307000000000000000e+07,6.970000000000000000e+07
5.504284036556349695e+07,-1.816766710000000154e-09,3.158000000000000185e+01,6.307000000000000000e+07,6.970000000000000000e+07
5.514636645278882980e+07,-1.813356100000000237e-09,3.158500000000000085e+01,6.307000000000000000e+07,6.970000000000000000e+07
5.514030373087897152e+07,-1.813555480000000018e-09,3.158999999999999986e+01,6.307000000000000000e+07,6.970000000000000000e+07
5.508075819589012861e+07,-1.815516040000000302e-09,3.159499999999999886e+01,6.307000000000000000e+07,6.970000000000000000e+07
5.506130448555596173e+07,-1.816157480000000006e-09,3.160000000000000142e+01,6.307000000000000000e+07,6.970000000000000000e+07
5.505621253063430637e+07,-1.816325450000000073e-09,3.160500000000000043e+01,6.307000000000000000e+07,6.970000000000000000e+07
5.506965821644422412e+07,-1.815881980000000072e-09,3.160999999999999943e+01,6.307000000000000000e+07,6.970000000000000000e+07
5.510649396085727960e+07,-1.814668160000000179e-09,3.161500000000000199e+01,6.307000000000000000e+07,6.970000000000000000e+07
5.513540356408260018e+07,-1.813716660000000237e-09,3.162000000000000099e+01,6.307000000000000000e+07,6.970000000000000000e+07
5.514041227526815236e+07,-1.813551910000000038e-09,3.162500000000000000e+01,6.307000000000000000e+07,6.970000000000000000e+07
5.514967752080889791e+07,-1.813247230000000191e-09,3.162999999999999901e+01,6.307000000000000000e+07,6.970000000000000000e+07
5.510710434947920591e+07,-1.814648059999999976e-09,3.163500000000000156e+01,6.307000000000000000e+07,6.970000000000000000e+07
5.505272506832607090e+07,-1.816440510000000189e-09,3.164000000000000057e+01,6.307000000000000000e+07,6.970000000000000000e+07
5.504220261809778214e+07,-1.816787760000000040e-09,3.164499999999999957e+01,6.307000000000000000e+07,6.970000000000000000e+07
5.503918556095401198e+07,-1.816887350000000105e-09,3.165000000000000213e+01,6.307000000000000000e+07,6.970000000000000000e+07
5.498972442762941867e+07,-1.818521570000000007e-09,3.165500000000000114e+01,6.307000000000000000e+07,6.970000000000000000e+07
5.498740037953293324e+07,-1.818598430000000147e-09,3.166000000000000014e+01,6.307000000000000000e+07,6.970000000000000000e+07
5.504537089925954491e+07,-1.816683190000000124e-09,3.166499999999999915e+01,6.307000000000000000e+07,6.970000000000000000e+07
5.510641834649168700e+07,-1.814670650000000104e-09,3.167000000000000171e+01,6.307000000000000000e+07,6.970000000000000000e+07
5.515013344346888363e+07,-1.813232240000000211e-09,3.167500000000000071e+01,6.307000000000000000e+07,6.970000000000000000e+07
5.523516276648052037e+07,-1.810440940000000264e-09,3.167999999999999972e+01,6.307000000000000000e+07,6.970000000000000000e+07
5.532789693590178341e+07,-1.807406490000000149e-09,3.168500000000000227e+01,6.307000000000000000e+07,6.970000000000000000e+07
5.539698660557368398e+07,-1.805152340000000204e-09,3.169000000000000128e+01,6.307000000000000000e+07,6.970000000000000000e+07
5.547055432712315023e+07,-1.802758260000000197e-09,3.169500000000000028e+01,6.307000000000000000e+07,6.970000000000000000e+07
5.551454480241104960e+07,-1.801329730000000062e-09,3.169999999999999929e+01,6.307000000000000000e+07,6.970000000000000000e+07
5.550608051905201375e+07,-1.801604420000000109e-09,3.170500000000000185e+01,6.307000000000000000e+07,6.970000000000000000e+07
5.552118547413881868e+07,-1.801114280000000038e-09,3.171000000000000085e+01,6.307000000000000000e+07,6.970000000000000000e+07
5.558026901339308172e+07,-1.799199640000000207e-09,3.171499999999999986e+01,6.307000000000000000e+07,6.970000000000000000e+07
5.564480363783468306e+07,-1.797113000000000141e-09,3.171999999999999886e+01,6.307000000000000000e+07,6.970000000000000000e+07
5.570976606850849092e+07,-1.795017410000000116e-09,3.172500000000000142e+01,6.307000000000000000e+07,6.970000000000000000e+07
5.581387675078154355e+07,-1.791669130000000133e-09,3.173000000000000043e+01,6.307000000000000000e+07,6.970000000000000000e+07
5.592489599647091329e+07,-1.788112400000000084e-09,3.173499999999999943e+01,6.307000000000000000e+07,6.970000000000000000e+07
5.600389097113221884e+07,-1.785590220000000188e-09,3.174000000000000199e+01,6.307000000000000000e+07,6.970000000000000000e+07
5.609567777529747784e+07,-1.782668540000000121e-09,3.174500000000000099e+01,6.307000000000000000e+07,6.970000000000000000e+07
5.620310841182819009e+07,-1.779261020000000114e-09,3.175000000000000000e+01,6.307000000000000000e+07,6.970000000000000000e+07
5.628975629389414936e+07,-1.776522170000000136e-09,3.175499999999999901e+01,6.307000000000000000e+07,6.970000000000000000e+07
5.637748796391371638e+07,-1.773757640000000120e-09,3.176000000000000156e+01,6.307000000000000000e+07,6.970000000000000000e+07
5.648613449542935193e+07,-1.770345960000000193e-09,3.176500000000000057e+01,6.307000000000000000e+07,6.970000000000000000e+07
5.657550024552351981e+07,-1.767549550000000231e-09,3.176999999999999957e+01,6.307000000000000000e+07,6.970000000000000000e+07
5.667019982694508135e+07,-1.764595860000000052e-09,3.177500000000000213e+01,6.307000000000000000e+07,6.970000000000000000e+07
5.682790423309297115e+07,-1.759698890000000053e-09,3.178000000000000114e+01,6.307000000000000000e+07,6.970000000000000000e+07
5.697771391361074150e+07,-1.755072170000000174e-09,3.178500000000000014e+01,6.307000000000000000e+07,6.970000000000000000e+07
5.708432320403984934e+07,-1.751794440000000140e-09,3.178999999999999915e+01,6.307000000000000000e+07,6.970000000000000000e+07
5.721220847426202148e+07,-1.747878690000000127e-09,3.179500000000000171e+01,6.307000000000000000e+07,6.970000000000000000e+07
5.734721311755564809e+07,-1.743763900000000193e-09,3.180000000000000071e+01,6.307000000000000000e+07,6.970000000000000000e+07
5.740815465958941728e+07,-1.741912810000000147e-09,3.180499999999999972e+01,6.307000000000000000e+07,6.970000000000000000e+07
5.745191264857229590e+07,-1.740586090000000246e-09,3.181000000000000227e+01,6.307000000000000000e+07,6.970000000000000000e+07
5.752977942737388611e+07,-1.738230200000000171e-09,3.181500000000000128e+01,6.307000000000000000e+07,6.970000000000000000e+07
5.760309135975864530e+07,-1.736017940000000096e-09,3.182000000000000028e+01,6.307000000000000000e+07,6.970000000000000000e+07
5.766628445068891346e+07,-1.734115539999999989e-09,3.182499999999999929e+01,6.307000000000000000e+07,6.970000000000000000e+07
5.774964453794419765e+07,-1.731612390000000079e-09,3.183000000000000185e+01,6.307000000000000000e+07,6.970000000000000000e+07
5.781669085187026113e+07,-1.729604350000000046e-09,3.183500000000000085e+01,6.307000000000000000e+07,6.970000000000000000e+07
5.784469643033899367e+07,-1.728766960000000124e-09,3.183999999999999986e+01,6.307000000000000000e+07,6.970000000000000000e+07
5.788756344571021199e+07,-1.727486770000000085e-09,3.184500000000000242e+01,6.307000000000000000e+07,6.970000000000000000e+07
5.794777390816064924e+07,-1.725691829999999946e-09,3.185000000000000142e+01,6.307000000000000000e+07,6.970000000000000000e+07
5.798086586201477796e+07,-1.724706910000000228e-09,3.185500000000000043e+01,6.307000000000000000e+07,6.970000000000000000e+07
5.801340261595543474e+07,-1.723739610000000005e-09,3.185999999999999943e+01,6.307000000000000000e+07,6.970000000000000000e+07
5.807914405466511101e+07,-1.721788460000000074e-09,3.186500000000000199e+01,6.307000000000000000e+07,6.970000000000000000e+07
5.812546277677042037e+07,-1.720416410000000076e-09,3.187000000000000099e+01,6.307000000000000000e+07,6.970000000000000000e+07
5.809727317078731209e+07,-1.721251180000000114e-09,3.187500000000000000e+01,6.307000000000000000e+07,6.970000000000000000e+07
5.805732267692723125e+07,-1.722435610000000192e-09,3.187999999999999901e+01,6.307000000000000000e+07,6.970000000000000000e+07
5.804428151801584661e+07,-1.722822600000000056e-09,3.188500000000000156e+01,6.307000000000000000e+07,6.970000000000000000e+07
5.803007531677050889e+07,-1.723244360000000125e-09,3.189000000000000057e+01,6.307000000000000000e+07,6.970000000000000000e+07
5.804900341296793520e+07,-1.722682460000000092e-09,3.189499999999999957e+01,6.307000000000000000e+07,6.970000000000000000e+07
5.809412520544625074e+07,-1.721344449999999943e-09,3.190000000000000213e+01,6.307000000000000000e+07,6.970000000000000000e+07
5.811123741394858807e+07,-1.720837560000000116e-09,3.190500000000000114e+01,6.307000000000000000e+07,6.970000000000000000e+07
5.812223912462142855e+07,-1.720511829999999970e-09,3.191000000000000014e+01,6.307000000000000000e+07,6.970000000000000000e+07
5.815865792383071035e+07,-1.719434450000000102e-09,3.191499999999999915e+01,6.307000000000000000e+07,6.970000000000000000e+07
5.813571753026868403e+07,-1.720112940000000036e-09,3.192000000000000171e+01,6.307000000000000000e+07,6.970000000000000000e+07
5.805926727161017060e+07,-1.722377920000000042e-09,3.192500000000000071e+01,6.307000000000000000e+07,6.970000000000000000e+07
5.804604868502046168e+07,-1.722770150000000086e-09,3.192999999999999972e+01,6.307000000000000000e+07,6.970000000000000000e+07
5.807673300071084499e+07,-1.721859940000000237e-09,3.193500000000000227e+01,6.307000000000000000e+07,6.970000000000000000e+07
5.809005431582731009e+07,-1.721465080000000057e-09,3.194000000000000128e+01,6.307000000000000000e+07,6.970000000000000000e+07
5.813255424549193680e+07,-1.720206540000000094e-09,3.194500000000000028e+01,6.307000000000000000e+07,6.970000000000000000e+07
5.816722958681716025e+07,-1.719181070000000271e-09,3.194999999999999929e+01,6.307000000000000000e+07,6.970000000000000000e+07
5.811381715453283489e+07,-1.720761170000000209e-09,3.195500000000000185e+01,6.307000000000000000e+07,6.970000000000000000e+07
5.804780012275600433e+07,-1.722718170000000143e-09,3.196000000000000085e+01,6.307000000000000000e+07,6.970000000000000000e+07
5.805268334421955794e+07,-1.722573260000000231e-09,3.196499999999999986e+01,6.307000000000000000e+07,6.970000000000000000e+07
5.806564432577064633e+07,-1.722188760000000293e-09,3.197000000000000242e+01,6.307000000000000000e+07,6.970000000000000000e+07
5.811020882356800139e+07,-1.720868020000000148e-09,3.197500000000000142e+01,6.307000000000000000e+07,6.970000000000000000e+07
5.816538669273903221e+07,-1.719235539999999933e-09,3.198000000000000043e+01,6.307000000000000000e+07,6.970000000000000000e+07
5.821813952640824020e+07,-1.717677700000000102e-09,3.198499999999999943e+01,6.307000000000000000e+07,6.970000000000000000e+07
5.824568425690213591e+07,-1.716865400000000278e-09,3.199000000000000199e+01,6.307000000000000000e+07,6.970000000000000000e+07
5.826173548659385741e+07,-1.716392400000000046e-09,3.199500000000000099e+01,6.307000000000000000e+07,6.970000000000000000e+07
5.822927059075079113e+07,-1.717349350000000278e-09,3.200000000000000000e+01,6.307000000000000000e+07,6.970000000000000000e+07
5.817087681102227420e+07,-1.719073280000000073e-09,3.200499999999999545e+01,6.307000000000000000e+07,6.970000000000000000e+07
5.814183385239551961e+07,-1.719931990000000257e-09,3.201000000000000512e+01,6.307000000000000000e+07,6.970000000000000000e+07
5.814354340777749568e+07,-1.719881420000000184e-09,3.201500000000000057e+01,6.307000000000000000e+07,6.970000000000000000e+07
5.813035907413451374e+07,-1.720271500000000164e-09,3.201999999999999602e+01,6.307000000000000000e+07,6.970000000000000000e+07
5.810584700544545054e+07,-1.720997200000000092e-09,3.202500000000000568e+01,6.307000000000000000e+07,6.970000000000000000e+07
5.811902495013707876e+07,-1.720606979999999902e-09,3.203000000000000114e+01,6.307000000000000000e+07,6.970000000000000000e+07
5.813435855987590551e+07,-1.720153150000000074e-09,3.203499999999999659e+01,6.307000000000000000e+07,6.970000000000000000e+07
5.811513868910518289e+07,-1.720722040000000226e-09,3.203999999999999915e+01,6.307000000000000000e+07,6.970000000000000000e+07
5.811507080406065285e+07,-1.720724050000000080e-09,3.204500000000000171e+01,6.307000000000000000e+07,6.970000000000000000e+07
5.812126689645529538e+07,-1.720540610000000169e-09,3.204999999999999716e+01,6.307000000000000000e+07,6.970000000000000000e+07
5.810242128651461750e+07,-1.721098670000000054e-09,3.205499999999999972e+01,6.307000000000000000e+07,6.970000000000000000e+07
5.809097319429800659e+07,-1.721437850000000145e-09,3.206000000000000227e+01,6.307000000000000000e+07,6.970000000000000000e+07
5.812692573415077478e+07,-1.720373110000000128e-09,3.206499999999999773e+01,6.307000000000000000e+07,6.970000000000000000e+07
5.816267720430133492e+07,-1.719315630000000193e-09,3.207000000000000028e+01,6.307000000000000000e+07,6.970000000000000000e+07
5.818959349646103382e+07,-1.718520340000000043e-09,3.207500000000000284e+01,6.307000000000000000e+07,6.970000000000000000e+07
5.825155228008371592e+07,-1.716692450000000154e-09,3.207999999999999829e+01,6.307000000000000000e+07,6.970000000000000000e+07
5.830387214380626380e+07,-1.715151950000000225e-09,3.208500000000000085e+01,6.307000000000000000e+07,6.970000000000000000e+07
5.832530504951094836e+07,-1.714521680000000236e-09,3.209000000000000341e+01,6.307000000000000000e+07,6.970000000000000000e+07
5.836581575805352628e+07,-1.713331660000000071e-09,3.209499999999999886e+01,6.307000000000000000e+07,6.970000000000000000e+07
5.841783370747911185e+07,-1.711806030000000002e-09,3.210000000000000142e+01,6.307000000000000000e+07,6.970000000000000000e+07
5.844040716553729028e+07,-1.711144819999999910e-09,3.210500000000000398e+01,6.307000000000000000e+07,6.970000000000000000e+07
5.847060633504228294e+07,-1.710261040000000131e-09,3.210999999999999943e+01,6.307000000000000000e+07,6.970000000000000000e+07
5.852748945169299841e+07,-1.708598830000000034e-09,3.211500000000000199e+01,6.307000000000000000e+07,6.970000000000000000e+07
5.855504180077552050e+07,-1.707794870000000139e-09,3.212000000000000455e+01,6.307000000000000000e+07,6.970000000000000000e+07
5.854083845771537721e+07,-1.708209220000000287e-09,3.212500000000000000e+01,6.307000000000000000e+07,6.970000000000000000e+07
5.855310088205093890e+07,-1.707851480000000028e-09,3.212999999999999545e+01,6.307000000000000000e+07,6.970000000000000000e+07
5.855827215057702363e+07,-1.707700660000000052e-09,3.213500000000000512e+01,6.307000000000000000e+07,6.970000000000000000e+07
5.856237223520452529e+07,-1.707581100000000155e-09,3.214000000000000057e+01,6.307000000000000000e+07,6.970000000000000000e+07
5.863078828279878199e+07,-1.705588530000000173e-09,3.214499999999999602e+01,6.307000000000000000e+07,6.970000000000000000e+07
5.870817027457042038e+07,-1.703340430000000089e-09,3.215000000000000568e+01,6.307000000000000000e+07,6.970000000000000000e+07
5.872904819182363898e+07,-1.702734900000000086e-09,3.215500000000000114e+01,6.307000000000000000e+07,6.970000000000000000e+07
5.874606546757878363e+07,-1.702241660000000267e-09,3.215999999999999659e+01,6.307000000000000000e+07,6.970000000000000000e+07
5.877797095223240554e+07,-1.701317659999999992e-09,3.216499999999999915e+01,6.307000000000000000e+07,6.970000000000000000e+07
5.871559253800209612e+07,-1.703125110000000024e-09,3.217000000000000171e+01,6.307000000000000000e+07,6.970000000000000000e+07
5.859067353189993650e+07,-1.706756280000000187e-09,3.217499999999999716e+01,6.307000000000000000e+07,6.970000000000000000e+07
5.843537791377274692e+07,-1.711292089999999996e-09,3.217999999999999972e+01,6.307000000000000000e+07,6.970000000000000000e+07
5.826394025219371170e+07,-1.716327450000000228e-09,3.218500000000000227e+01,6.307000000000000000e+07,6.970000000000000000e+07
5.808297321163905412e+07,-1.721674950000000038e-09,3.218999999999999773e+01,6.307000000000000000e+07,6.970000000000000000e+07
5.792774330803503096e+07,-1.726288550000000201e-09,3.219500000000000028e+01,6.307000000000000000e+07,6.970000000000000000e+07
5.777036678972024471e+07,-1.730991260000000067e-09,3.220000000000000284e+01,6.307000000000000000e+07,6.970000000000000000e+07
5.755885538299020380e+07,-1.737352130000000185e-09,3.220499999999999829e+01,6.307000000000000000e+07,6.970000000000000000e+07
5.738091119785267860e+07,-1.742739840000000240e-09,3.221000000000000085e+01,6.307000000000000000e+07,6.970000000000000000e+07
5.723735569003078341e+07,-1.747110760000000054e-09,3.221500000000000341e+01,6.307000000000000000e+07,6.970000000000000000e+07
5.714154517297997326e+07,-1.750040180000000065e-09,3.221999999999999886e+01,6.307000000000000000e+07,6.970000000000000000e+07
5.707945035388945788e+07,-1.751943990000000042e-09,3.222500000000000142e+01,6.307000000000000000e+07,6.970000000000000000e+07
5.708649059446121007e+07,-1.751727929999999990e-09,3.223000000000000398e+01,6.307000000000000000e+07,6.970000000000000000e+07
5.708519554993271083e+07,-1.751767670000000209e-09,3.223499999999999943e+01,6.307000000000000000e+07,6.970000000000000000e+07
5.701769158048427850e+07,-1.753841610000000156e-09,3.224000000000000199e+01,6.307000000000000000e+07,6.970000000000000000e+07
5.700668673613675684e+07,-1.754180180000000218e-09,3.224500000000000455e+01,6.307000000000000000e+07,6.970000000000000000e+07
5.702369521573933959e+07,-1.753656960000000232e-09,3.225000000000000000e+01,6.307000000000000000e+07,6.970000000000000000e+07
5.703598441893258691e+07,-1.753279110000000139e-09,3.225499999999999545e+01,6.307000000000000000e+07,6.970000000000000000e+07
5.707491581535529345e+07,-1.752083180000000117e-09,3.226000000000000512e+01,6.307000000000000000e+07,6.970000000000000000e+07
5.713503584617868066e+07,-1.750239560000000053e-09,3.226500000000000057e+01,6.307000000000000000e+07,6.970000000000000000e+07
5.715824544900619239e+07,-1.749528860000000149e-09,3.226999999999999602e+01,6.307000000000000000e+07,6.970000000000000000e+07
5.710083451784732193e+07,-1.751287889999999966e-09,3.227500000000000568e+01,6.307000000000000000e+07,6.970000000000000000e+07
5.703175830000145733e+07,-1.753409030000000070e-09,3.228000000000000114e+01,6.307000000000000000e+07,6.970000000000000000e+07
5.694926770730557293e+07,-1.755948830000000083e-09,3.228499999999999659e+01,6.307000000000000000e+07,6.970000000000000000e+07
5.684730508016964793e+07,-1.759098340000000107e-09,3.228999999999999915e+01,6.307000000000000000e+07,6.970000000000000000e+07
5.681974888102880120e+07,-1.759951459999999997e-09,3.229500000000000171e+01,6.307000000000000000e+07,6.970000000000000000e+07
5.679679814638879150e+07,-1.760662629999999926e-09,3.229999999999999716e+01,6.307000000000000000e+07,6.970000000000000000e+07
5.675627813259721547e+07,-1.761919620000000222e-09,3.230499999999999972e+01,6.307000000000000000e+07,6.970000000000000000e+07
5.673075971745721251e+07,-1.762712160000000116e-09,3.231000000000000227e+01,6.307000000000000000e+07,6.970000000000000000e+07
5.675847029497496039e+07,-1.761851570000000036e-09,3.231499999999999773e+01,6.307000000000000000e+07,6.970000000000000000e+07
5.677785857014706731e+07,-1.761249940000000036e-09,3.232000000000000028e+01,6.307000000000000000e+07,6.970000000000000000e+07
5.678413263265196979e+07,-1.761055340000000041e-09,3.232500000000000284e+01,6.307000000000000000e+07,6.970000000000000000e+07
5.683704590454243124e+07,-1.759415860000000076e-09,3.232999999999999829e+01,6.307000000000000000e+07,6.970000000000000000e+07
5.689426270119041204e+07,-1.757646470000000224e-09,3.233500000000000085e+01,6.307000000000000000e+07,6.970000000000000000e+07
5.693061849583339691e+07,-1.756524040000000057e-09,3.234000000000000341e+01,6.307000000000000000e+07,6.970000000000000000e+07
5.697108671202784032e+07,-1.755276330000000155e-09,3.234499999999999886e+01,6.307000000000000000e+07,6.970000000000000000e+07
5.701156244656591117e+07,-1.754030160000000083e-09,3.235000000000000142e+01,6.307000000000000000e+07,6.970000000000000000e+07
5.698545809749283642e+07,-1.754833660000000203e-09,3.235500000000000398e+01,6.307000000000000000e+07,6.970000000000000000e+07
5.695095358249546587e+07,-1.755896850000000139e-09,3.235999999999999943e+01,6.307000000000000000e+07,6.970000000000000000e+07
5.695266356017603725e+07,-1.755844130000000208e-09,3.236500000000000199e+01,6.307000000000000000e+07,6.970000000000000000e+07
5.696645352079428732e+07,-1.755419090000000003e-09,3.237000000000000455e+01,6.307000000000000000e+07,6.970000000000000000e+07
5.697854761670729518e+07,-1.755046490000000136e-09,3.237500000000000000e+01,6.307000000000000000e+07,6.970000000000000000e+07
5.702926950267711282e+07,-1.753485550000000144e-09,3.237999999999999545e+01,6.307000000000000000e+07,6.970000000000000000e+07
5.708433851955775172e+07,-1.751793970000000114e-09,3.238500000000000512e+01,6.307000000000000000e+07,6.970000000000000000e+07
5.707293985635334998e+07,-1.752143840000000056e-09,3.239000000000000057e+01,6.307000000000000000e+07,6.970000000000000000e+07
5.707765163363087922e+07,-1.751999200000000106e-09,3.239499999999999602e+01,6.307000000000000000e+07,6.970000000000000000e+07
5.711419658627647161e+07,-1.750878170000000178e-09,3.240000000000000568e+01,6.307000000000000000e+07,6.970000000000000000e+07
5.712854366785336286e+07,-1.750438460000000177e-09,3.240500000000000114e+01,6.307000000000000000e+07,6.970000000000000000e+07
5.714422631851973385e+07,-1.749958070000000112e-09,3.240999999999999659e+01,6.307000000000000000e+07,6.970000000000000000e+07
5.715139000867512077e+07,-1.749738720000000087e-09,3.241499999999999915e+01,6.307000000000000000e+07,6.970000000000000000e+07
5.712650492565005273e+07,-1.750500930000000114e-09,3.242000000000000171e+01,6.307000000000000000e+07,6.970000000000000000e+07
5.702739751861589402e+07,-1.753543110000000129e-09,3.242499999999999716e+01,6.307000000000000000e+07,6.970000000000000000e+07
5.697085107483971119e+07,-1.755283590000000030e-09,3.242999999999999972e+01,6.307000000000000000e+07,6.970000000000000000e+07
5.692520540905351192e+07,-1.756691070000000072e-09,3.243500000000000227e+01,6.307000000000000000e+07,6.970000000000000000e+07
5.684480618129512668e+07,-1.759175670000000273e-09,3.243999999999999773e+01,6.307000000000000000e+07,6.970000000000000000e+07
5.674637411807409674e+07,-1.762227130000000268e-09,3.244500000000000028e+01,6.307000000000000000e+07,6.970000000000000000e+07
5.662493507101820409e+07,-1.766006440000000049e-09,3.245000000000000284e+01,6.307000000000000000e+07,6.970000000000000000e+07
5.644978698023710400e+07,-1.771485870000000059e-09,3.245499999999999829e+01,6.307000000000000000e+07,6.970000000000000000e+07
5.626791707632758468e+07,-1.777211689999999988e-09,3.246000000000000085e+01,6.307000000000000000e+07,6.970000000000000000e+07
5.612933361464606971e+07,-1.781599630000000140e-09,3.246500000000000341e+01,6.307000000000000000e+07,6.970000000000000000e+07
5.602653044465696812e+07,-1.784868690000000017e-09,3.246999999999999886e+01,6.307000000000000000e+07,6.970000000000000000e+07
5.596279870717428625e+07,-1.786901340000000078e-09,3.247500000000000142e+01,6.307000000000000000e+07,6.970000000000000000e+07
5.599794429306582361e+07,-1.785779840000000125e-09,3.248000000000000398e+01,6.307000000000000000e+07,6.970000000000000000e+07
5.604247342492529750e+07,-1.784360930000000243e-09,3.248499999999999943e+01,6.307000000000000000e+07,6.970000000000000000e+07
5.604896015671110153e+07,-1.784154419999999927e-09,3.249000000000000199e+01,6.307000000000000000e+07,6.970000000000000000e+07
5.600106298977724463e+07,-1.785680390000000063e-09,3.249500000000000455e+01,6.307000000000000000e+07,6.970000000000000000e+07
5.593303830892946571e+07,-1.787852100000000239e-09,3.250000000000000000e+01,6.307000000000000000e+07,6.970000000000000000e+07
5.587396077086979151e+07,-1.789742460000000065e-09,3.250499999999999545e+01,6.307000000000000000e+07,6.970000000000000000e+07
5.579945372781196237e+07,-1.792132239999999942e-09,3.251000000000000512e+01,6.307000000000000000e+07,6.970000000000000000e+07
5.579609780281494558e+07,-1.792240030000000140e-09,3.251500000000000057e+01,6.307000000000000000e+07,6.970000000000000000e+07
5.579834624972981215e+07,-1.792167810000000197e-09,3.251999999999999602e+01,6.307000000000000000e+07,6.970000000000000000e+07
5.575192964815642685e+07,-1.793659890000000118e-09,3.252500000000000568e+01,6.307000000000000000e+07,6.970000000000000000e+07
5.576748656601679325e+07,-1.793159530000000222e-09,3.253000000000000114e+01,6.307000000000000000e+07,6.970000000000000000e+07
5.579256827480245382e+07,-1.792353410000000217e-09,3.253499999999999659e+01,6.307000000000000000e+07,6.970000000000000000e+07
5.577760402806222439e+07,-1.792834270000000101e-09,3.253999999999999915e+01,6.307000000000000000e+07,6.970000000000000000e+07
5.576551893049765378e+07,-1.793222800000000000e-09,3.254500000000000171e+01,6.307000000000000000e+07,6.970000000000000000e+07
5.574920444352155179e+07,-1.793747570000000274e-09,3.254999999999999716e+01,6.307000000000000000e+07,6.970000000000000000e+07
5.573948563925941288e+07,-1.794060330000000132e-09,3.255499999999999972e+01,6.307000000000000000e+07,6.970000000000000000e+07
5.570285898098783195e+07,-1.795239990000000055e-09,3.256000000000000227e+01,6.307000000000000000e+07,6.970000000000000000e+07
5.564502843332969397e+07,-1.797105740000000060e-09,3.256499999999999773e+01,6.307000000000000000e+07,6.970000000000000000e+07
5.561094652989695221e+07,-1.798207120000000134e-09,3.257000000000000028e+01,6.307000000000000000e+07,6.970000000000000000e+07
5.554691955253512412e+07,-1.800279850000000067e-09,3.257500000000000284e+01,6.307000000000000000e+07,6.970000000000000000e+07
5.552177641523883492e+07,-1.801095110000000256e-09,3.257999999999999829e+01,6.307000000000000000e+07,6.970000000000000000e+07
5.549126953636733443e+07,-1.802085280000000200e-09,3.258500000000000085e+01,6.307000000000000000e+07,6.970000000000000000e+07
5.538525543366879225e+07,-1.805534690000000077e-09,3.259000000000000341e+01,6.307000000000000000e+07,6.970000000000000000e+07
5.526423627450519055e+07,-1.809488500000000270e-09,3.259499999999999886e+01,6.307000000000000000e+07,6.970000000000000000e+07
5.512426726963501424e+07,-1.814083070000000033e-09,3.260000000000000142e+01,6.307000000000000000e+07,6.970000000000000000e+07
5.493795677992483228e+07,-1.820235150000000225e-09,3.260500000000000398e+01,6.307000000000000000e+07,6.970000000000000000e+07
5.483771824685262144e+07,-1.823562380000000115e-09,3.260999999999999943e+01,6.307000000000000000e+07,6.970000000000000000e+07
5.483233773526608944e+07,-1.823741320000000246e-09,3.261500000000000199e+01,6.307000000000000000e+07,6.970000000000000000e+07
5.478960329363097996e+07,-1.825163790000000063e-09,3.262000000000000455e+01,6.307000000000000000e+07,6.970000000000000000e+07
5.475705651997090876e+07,-1.826248640000000120e-09,3.262500000000000000e+01,6.307000000000000000e+07,6.970000000000000000e+07
5.480110568902882189e+07,-1.824780700000000202e-09,3.262999999999999545e+01,6.307000000000000000e+07,6.970000000000000000e+07
5.486098891968766600e+07,-1.822788870000000001e-09,3.263500000000000512e+01,6.307000000000000000e+07,6.970000000000000000e+07
5.486275779392681271e+07,-1.822730100000000209e-09,3.264000000000000057e+01,6.307000000000000000e+07,6.970000000000000000e+07
5.482878989357145131e+07,-1.823859330000000062e-09,3.264499999999999602e+01,6.307000000000000000e+07,6.970000000000000000e+07
5.481040265048199147e+07,-1.824471180000000095e-09,3.265000000000000568e+01,6.307000000000000000e+07,6.970000000000000000e+07
5.478754646853692085e+07,-1.825232310000000274e-09,3.265500000000000114e+01,6.307000000000000000e+07,6.970000000000000000e+07
5.473447637748669088e+07,-1.827002040000000194e-09,3.265999999999999659e+01,6.307000000000000000e+07,6.970000000000000000e+07
5.471887028558561206e+07,-1.827523110000000115e-09,3.266499999999999915e+01,6.307000000000000000e+07,6.970000000000000000e+07
5.473458303041390330e+07,-1.826998480000000258e-09,3.267000000000000171e+01,6.307000000000000000e+07,6.970000000000000000e+07
5.477153871042034030e+07,-1.825765759999999924e-09,3.267499999999999716e+01,6.307000000000000000e+07,6.970000000000000000e+07
5.482206736011537910e+07,-1.824082980000000218e-09,3.267999999999999972e+01,6.307000000000000000e+07,6.970000000000000000e+07
5.480983096094552428e+07,-1.824490210000000081e-09,3.268500000000000227e+01,6.307000000000000000e+07,6.970000000000000000e+07
5.472800847469778359e+07,-1.827217960000000243e-09,3.268999999999999773e+01,6.307000000000000000e+07,6.970000000000000000e+07
5.467341757989407331e+07,-1.829042420000000155e-09,3.269500000000000028e+01,6.307000000000000000e+07,6.970000000000000000e+07
5.469565567776431143e+07,-1.828298770000000088e-09,3.270000000000000284e+01,6.307000000000000000e+07,6.970000000000000000e+07
5.467580753584298491e+07,-1.828962470000000105e-09,3.270499999999999829e+01,6.307000000000000000e+07,6.970000000000000000e+07
5.462922239912621677e+07,-1.830522119999999934e-09,3.271000000000000085e+01,6.307000000000000000e+07,6.970000000000000000e+07
5.463497444776879251e+07,-1.830329400000000249e-09,3.271500000000000341e+01,6.307000000000000000e+07,6.970000000000000000e+07
5.461728849423625320e+07,-1.830922090000000130e-09,3.271999999999999886e+01,6.307000000000000000e+07,6.970000000000000000e+07
5.460992970932045579e+07,-1.831168810000000278e-09,3.272500000000000142e+01,6.307000000000000000e+07,6.970000000000000000e+07
5.462462927083483338e+07,-1.830676040000000071e-09,3.273000000000000398e+01,6.307000000000000000e+07,6.970000000000000000e+07
5.462499419814280421e+07,-1.830663809999999978e-09,3.273499999999999943e+01,6.307000000000000000e+07,6.970000000000000000e+07
5.456041778963373601e+07,-1.832830540000000097e-09,3.274000000000000199e+01,6.307000000000000000e+07,6.970000000000000000e+07
5.449783908983289450e+07,-1.834935140000000140e-09,3.274500000000000455e+01,6.307000000000000000e+07,6.970000000000000000e+07
5.445212083822984993e+07,-1.836475759999999983e-09,3.275000000000000000e+01,6.307000000000000000e+07,6.970000000000000000e+07
5.442777516421648860e+07,-1.837297220000000079e-09,3.275499999999999545e+01,6.307000000000000000e+07,6.970000000000000000e+07
5.446240462659434974e+07,-1.836128989999999995e-09,3.276000000000000512e+01,6.307000000000000000e+07,6.970000000000000000e+07
5.454238410673325509e+07,-1.833436539999999919e-09,3.276500000000000057e+01,6.307000000000000000e+07,6.970000000000000000e+07
5.460605157587440312e+07,-1.831298860000000168e-09,3.276999999999999602e+01,6.307000000000000000e+07,6.970000000000000000e+07
5.467551218037823588e+07,-1.828972350000000069e-09,3.277500000000000568e+01,6.307000000000000000e+07,6.970000000000000000e+07
5.474249328232967854e+07,-1.826734480000000061e-09,3.278000000000000114e+01,6.307000000000000000e+07,6.970000000000000000e+07
5.479115351897689700e+07,-1.825112150000000187e-09,3.278499999999999659e+01,6.307000000000000000e+07,6.970000000000000000e+07
5.482354067574487627e+07,-1.824033960000000019e-09,3.278999999999999915e+01,6.307000000000000000e+07,6.970000000000000000e+07
5.486692534775961190e+07,-1.822591649999999916e-09,3.279500000000000171e+01,6.307000000000000000e+07,6.970000000000000000e+07
5.488865474120625108e+07,-1.821870120000000159e-09,3.279999999999999716e+01,6.307000000000000000e+07,6.970000000000000000e+07
5.484531031051522493e+07,-1.823309950000000174e-09,3.280499999999999972e+01,6.307000000000000000e+07,6.970000000000000000e+07
5.480718686422121525e+07,-1.824578230000000098e-09,3.281000000000000227e+01,6.307000000000000000e+07,6.970000000000000000e+07
5.484373265566954762e+07,-1.823362400000000143e-09,3.281499999999999773e+01,6.307000000000000000e+07,6.970000000000000000e+07
5.484655234517110884e+07,-1.823268660000000288e-09,3.282000000000000028e+01,6.307000000000000000e+07,6.970000000000000000e+07
5.485228556501383334e+07,-1.823078090000000255e-09,3.282500000000000284e+01,6.307000000000000000e+07,6.970000000000000000e+07
5.494354460135362297e+07,-1.820050030000000068e-09,3.282999999999999829e+01,6.307000000000000000e+07,6.970000000000000000e+07
5.506014668562666327e+07,-1.816195670000000144e-09,3.283500000000000085e+01,6.307000000000000000e+07,6.970000000000000000e+07
5.515990124502240866e+07,-1.812911150000000055e-09,3.284000000000000341e+01,6.307000000000000000e+07,6.970000000000000000e+07
5.529601755316781253e+07,-1.808448500000000034e-09,3.284499999999999886e+01,6.307000000000000000e+07,6.970000000000000000e+07
5.545025982494596392e+07,-1.803418060000000212e-09,3.285000000000000142e+01,6.307000000000000000e+07,6.970000000000000000e+07
5.559023737815183401e+07,-1.798877010000000015e-09,3.285500000000000398e+01,6.307000000000000000e+07,6.970000000000000000e+07
5.577245618690130860e+07,-1.792999750000000036e-09,3.285999999999999943e+01,6.307000000000000000e+07,6.970000000000000000e+07
5.601095511549789459e+07,-1.785365020000000158e-09,3.286500000000000199e+01,6.307000000000000000e+07,6.970000000000000000e+07
5.625170287967541814e+07,-1.777723960000000206e-09,3.287000000000000455e+01,6.307000000000000000e+07,6.970000000000000000e+07
5.649167725631402433e+07,-1.770172260000000244e-09,3.287500000000000000e+01,6.307000000000000000e+07,6.970000000000000000e+07
5.677806875780975074e+07,-1.761243420000000149e-09,3.287999999999999545e+01,6.307000000000000000e+07,6.970000000000000000e+07
5.705125922712122649e+07,-1.752809690000000138e-09,3.288500000000000512e+01,6.307000000000000000e+07,6.970000000000000000e+07
5.726845439004565775e+07,-1.746162020000000206e-09,3.289000000000000057e+01,6.307000000000000000e+07,6.970000000000000000e+07
5.748787605126426369e+07,-1.739497210000000021e-09,3.289499999999999602e+01,6.307000000000000000e+07,6.970000000000000000e+07
5.768521285485894978e+07,-1.733546520000000085e-09,3.290000000000000568e+01,6.307000000000000000e+07,6.970000000000000000e+07
5.783109375386654586e+07,-1.729173590000000210e-09,3.290500000000000114e+01,6.307000000000000000e+07,6.970000000000000000e+07
5.798132911911118031e+07,-1.724693130000000054e-09,3.290999999999999659e+01,6.307000000000000000e+07,6.970000000000000000e+07
5.813550832377522439e+07,-1.720119130000000106e-09,3.291499999999999915e+01,6.307000000000000000e+07,6.970000000000000000e+07
5.825411259471390396e+07,-1.716617000000000091e-09,3.292000000000000171e+01,6.307000000000000000e+07,6.970000000000000000e+07
5.837133696512008458e+07,-1.713169600000000275e-09,3.292499999999999716e+01,6.307000000000000000e+07,6.970000000000000000e+07
5.850389578612117469e+07,-1.709287880000000067e-09,3.292999999999999972e+01,6.307000000000000000e+07,6.970000000000000000e+07
5.857399077350697666e+07,-1.707242390000000090e-09,3.293500000000000227e+01,6.307000000000000000e+07,6.970000000000000000e+07
5.862866187953089178e+07,-1.705650390000000081e-09,3.293999999999999773e+01,6.307000000000000000e+07,6.970000000000000000e+07
5.872416191195722669e+07,-1.702876580000000292e-09,3.294500000000000028e+01,6.307000000000000000e+07,6.970000000000000000e+07
5.881543744549168646e+07,-1.700233890000000196e-09,3.295000000000000284e+01,6.307000000000000000e+07,6.970000000000000000e+07
5.883996756811595708e+07,-1.699525069999999982e-09,3.295499999999999829e+01,6.307000000000000000e+07,6.970000000000000000e+07
5.887951309186267853e+07,-1.698383610000000243e-09,3.296000000000000085e+01,6.307000000000000000e+07,6.970000000000000000e+07
5.891022655258991569e+07,-1.697498140000000173e-09,3.296500000000000341e+01,6.307000000000000000e+07,6.970000000000000000e+07
5.889178949928416312e+07,-1.698029570000000130e-09,3.296999999999999886e+01,6.307000000000000000e+07,6.970000000000000000e+07
5.885979778045471013e+07,-1.698952489999999936e-09,3.297500000000000142e+01,6.307000000000000000e+07,6.970000000000000000e+07
5.881804722377493232e+07,-1.700158450000000178e-09,3.298000000000000398e+01,6.307000000000000000e+07,6.970000000000000000e+07
5.872842460096590221e+07,-1.702752980000000183e-09,3.298499999999999943e+01,6.307000000000000000e+07,6.970000000000000000e+07
5.857866542159666121e+07,-1.707106150000000129e-09,3.299000000000000199e+01,6.307000000000000000e+07,6.970000000000000000e+07
5.851405648363042623e+07,-1.708991070000000123e-09,3.299500000000000455e+01,6.307000000000000000e+07,6.970000000000000000e+07
5.845285475939188153e+07,-1.710780430000000220e-09,3.300000000000000000e+01,6.307000000000000000e+07,6.970000000000000000e+07
5.831268524883185327e+07,-1.714892730000000229e-09,3.300500000000000256e+01,6.307000000000000000e+07,6.970000000000000000e+07
5.819358996209920943e+07,-1.718402320000000182e-09,3.300999999999999801e+01,6.307000000000000000e+07,6.970000000000000000e+07
5.811733271105942875e+07,-1.720657080000000156e-09,3.301500000000000057e+01,6.307000000000000000e+07,6.970000000000000000e+07
5.798610197225983441e+07,-1.724551170000000048e-09,3.302000000000000313e+01,6.307000000000000000e+07,6.970000000000000000e+07
5.781217311732678860e+07,-1.729739509999999952e-09,3.302499999999999858e+01,6.307000000000000000e+07,6.970000000000000000e+07
5.767746262261060625e+07,-1.733779460000000059e-09,3.303000000000000114e+01,6.307000000000000000e+07,6.970000000000000000e+07
5.761017408579034358e+07,-1.735804509999999972e-09,3.303500000000000369e+01,6.307000000000000000e+07,6.970000000000000000e+07
5.752791216905299574e+07,-1.738286620000000041e-09,3.303999999999999915e+01,6.307000000000000000e+07,6.970000000000000000e+07
5.744543010143180192e+07,-1.740782510000000077e-09,3.304500000000000171e+01,6.307000000000000000e+07,6.970000000000000000e+07
5.742071203095467389e+07,-1.741531870000000144e-09,3.304999999999999716e+01,6.307000000000000000e+07,6.970000000000000000e+07
5.742633716996394843e+07,-1.741361280000000193e-09,3.305499999999999972e+01,6.307000000000000000e+07,6.970000000000000000e+07
5.747168681774390489e+07,-1.739987210000000089e-09,3.306000000000000227e+01,6.307000000000000000e+07,6.970000000000000000e+07
5.747498735966972262e+07,-1.739887290000000001e-09,3.306499999999999773e+01,6.307000000000000000e+07,6.970000000000000000e+07
5.739019609822536260e+07,-1.742457890000000112e-09,3.307000000000000028e+01,6.307000000000000000e+07,6.970000000000000000e+07
5.726044555784200132e+07,-1.746406250000000015e-09,3.307500000000000284e+01,6.307000000000000000e+07,6.970000000000000000e+07
5.720023715218323469e+07,-1.748244500000000145e-09,3.307999999999999829e+01,6.307000000000000000e+07,6.970000000000000000e+07
5.716880361272537708e+07,-1.749205750000000094e-09,3.308500000000000085e+01,6.307000000000000000e+07,6.970000000000000000e+07
5.708322539608951658e+07,-1.751828130000000085e-09,3.309000000000000341e+01,6.307000000000000000e+07,6.970000000000000000e+07
5.700123285686497390e+07,-1.754348019999999913e-09,3.309499999999999886e+01,6.307000000000000000e+07,6.970000000000000000e+07
5.689415814766730368e+07,-1.757649700000000137e-09,3.310000000000000142e+01,6.307000000000000000e+07,6.970000000000000000e+07
5.673789382991971821e+07,-1.762490520000000229e-09,3.310500000000000398e+01,6.307000000000000000e+07,6.970000000000000000e+07
5.663794603621459007e+07,-1.765600750000000015e-09,3.310999999999999943e+01,6.307000000000000000e+07,6.970000000000000000e+07
5.662920020264419168e+07,-1.765873430000000208e-09,3.311500000000000199e+01,6.307000000000000000e+07,6.970000000000000000e+07
5.664713643343850970e+07,-1.765314300000000106e-09,3.311999999999999744e+01,6.307000000000000000e+07,6.970000000000000000e+07
5.667847196109190583e+07,-1.764338320000000095e-09,3.312500000000000000e+01,6.307000000000000000e+07,6.970000000000000000e+07
5.675628232025516778e+07,-1.761919490000000056e-09,3.313000000000000256e+01,6.307000000000000000e+07,6.970000000000000000e+07
5.681812500005681813e+07,-1.760001760000000108e-09,3.313499999999999801e+01,6.307000000000000000e+07,6.970000000000000000e+07
5.679052128490848839e+07,-1.760857230000000127e-09,3.314000000000000057e+01,6.307000000000000000e+07,6.970000000000000000e+07
5.681466060046686977e+07,-1.760109080000000280e-09,3.314500000000000313e+01,6.307000000000000000e+07,6.970000000000000000e+07
5.688008318461894244e+07,-1.758084629999999938e-09,3.314999999999999858e+01,6.307000000000000000e+07,6.970000000000000000e+07
5.688605334414563328e+07,-1.757900120000000017e-09,3.315500000000000114e+01,6.307000000000000000e+07,6.970000000000000000e+07
5.687434879226097465e+07,-1.758261890000000029e-09,3.316000000000000369e+01,6.307000000000000000e+07,6.970000000000000000e+07
5.684167745474337041e+07,-1.759272500000000037e-09,3.316499999999999915e+01,6.307000000000000000e+07,6.970000000000000000e+07
5.678677582728010416e+07,-1.760973370000000299e-09,3.317000000000000171e+01,6.307000000000000000e+07,6.970000000000000000e+07
5.672193565102867782e+07,-1.762986380000000138e-09,3.317499999999999716e+01,6.307000000000000000e+07,6.970000000000000000e+07
5.670072401324594766e+07,-1.763645909999999983e-09,3.317999999999999972e+01,6.307000000000000000e+07,6.970000000000000000e+07
5.666875950062378496e+07,-1.764640710000000080e-09,3.318500000000000227e+01,6.307000000000000000e+07,6.970000000000000000e+07
5.666520315557636321e+07,-1.764751460000000229e-09,3.318999999999999773e+01,6.307000000000000000e+07,6.970000000000000000e+07
5.666843130272795260e+07,-1.764650930000000112e-09,3.319500000000000028e+01,6.307000000000000000e+07,6.970000000000000000e+07
5.669733884973493963e+07,-1.763751210000000049e-09,3.320000000000000284e+01,6.307000000000000000e+07,6.970000000000000000e+07
5.673913839553041011e+07,-1.762451860000000271e-09,3.320499999999999829e+01,6.307000000000000000e+07,6.970000000000000000e+07
5.680574523309476674e+07,-1.760385319999999995e-09,3.321000000000000085e+01,6.307000000000000000e+07,6.970000000000000000e+07
5.686843089296527207e+07,-1.758444860000000122e-09,3.321500000000000341e+01,6.307000000000000000e+07,6.970000000000000000e+07
5.694061092572229356e+07,-1.756215790000000023e-09,3.321999999999999886e+01,6.307000000000000000e+07,6.970000000000000000e+07
5.704977993789035827e+07,-1.752855140000000150e-09,3.322500000000000142e+01,6.307000000000000000e+07,6.970000000000000000e+07
5.717365217874694616e+07,-1.749057410000000205e-09,3.323000000000000398e+01,6.307000000000000000e+07,6.970000000000000000e+07
5.722729421690207720e+07,-1.747417930000000033e-09,3.323499999999999943e+01,6.307000000000000000e+07,6.970000000000000000e+07
5.727207144503060728e+07,-1.746051740000000083e-09,3.324000000000000199e+01,6.307000000000000000e+07,6.970000000000000000e+07
5.737558003627479076e+07,-1.742901770000000077e-09,3.324499999999999744e+01,6.307000000000000000e+07,6.970000000000000000e+07
5.750455950777109712e+07,-1.738992539999999951e-09,3.325000000000000000e+01,6.307000000000000000e+07,6.970000000000000000e+07
5.762167017332943529e+07,-1.735458200000000173e-09,3.325500000000000256e+01,6.307000000000000000e+07,6.970000000000000000e+07
5.777891651034387946e+07,-1.730735120000000142e-09,3.325999999999999801e+01,6.307000000000000000e+07,6.970000000000000000e+07
5.796601967004999518e+07,-1.725148640000000128e-09,3.326500000000000057e+01,6.307000000000000000e+07,6.970000000000000000e+07
5.814411407075116783e+07,-1.719864540000000262e-09,3.327000000000000313e+01,6.307000000000000000e+07,6.970000000000000000e+07
5.831372578039261699e+07,-1.714862130000000194e-09,3.327499999999999858e+01,6.307000000000000000e+07,6.970000000000000000e+07
5.850273585411597788e+07,-1.709321770000000282e-09,3.328000000000000114e+01,6.307000000000000000e+07,6.970000000000000000e+07
5.865962992003173381e+07,-1.704749930000000031e-09,3.328500000000000369e+01,6.307000000000000000e+07,6.970000000000000000e+07
5.878356108544009924e+07,-1.701155870000000158e-09,3.328999999999999915e+01,6.307000000000000000e+07,6.970000000000000000e+07
5.893814086718998849e+07,-1.696694170000000027e-09,3.329500000000000171e+01,6.307000000000000000e+07,6.970000000000000000e+07
5.908723365011338890e+07,-1.692412960000000107e-09,3.329999999999999716e+01,6.307000000000000000e+07,6.970000000000000000e+07
5.920966068613173813e+07,-1.688913579999999934e-09,3.330499999999999972e+01,6.307000000000000000e+07,6.970000000000000000e+07
5.934350840293397009e+07,-1.685104280000000146e-09,3.331000000000000227e+01,6.307000000000000000e+07,6.970000000000000000e+07
5.944007508708044887e+07,-1.682366650000000227e-09,3.331499999999999773e+01,6.307000000000000000e+07,6.970000000000000000e+07
5.950162710471907258e+07,-1.680626310000000123e-09,3.332000000000000028e+01,6.307000000000000000e+07,6.970000000000000000e+07
5.961394261143394560e+07,-1.677459930000000015e-09,3.332500000000000284e+01,6.307000000000000000e+07,6.970000000000000000e+07
5.978430682989791036e+07,-1.672679760000000231e-09,3.332999999999999829e+01,6.307000000000000000e+07,6.970000000000000000e+07
5.990792164424863458e+07,-1.669228330000000041e-09,3.333500000000000085e+01,6.307000000000000000e+07,6.970000000000000000e+07
5.999776040359965712e+07,-1.666728880000000070e-09,3.334000000000000341e+01,6.307000000000000000e+07,6.970000000000000000e+07
6.016048000555016845e+07,-1.662220780000000036e-09,3.334499999999999886e+01,6.307000000000000000e+07,6.970000000000000000e+07
6.033409461888354272e+07,-1.657437650000000302e-09,3.335000000000000142e+01,6.307000000000000000e+07,6.970000000000000000e+07
6.046659385763167590e+07,-1.653805739999999944e-09,3.335500000000000398e+01,6.307000000000000000e+07,6.970000000000000000e+07
6.061152188785398751e+07,-1.649851329999999974e-09,3.335999999999999943e+01,6.307000000000000000e+07,6.970000000000000000e+07
6.077361087296295911e+07,-1.645451020000000139e-09,3.336500000000000199e+01,6.307000000000000000e+07,6.970000000000000000e+07
6.087121154547191411e+07,-1.642812710000000116e-09,3.336999999999999744e+01,6.307000000000000000e+07,6.970000000000000000e+07
6.095911957084974647e+07,-1.640443640000000057e-09,3.337500000000000000e+01,6.307000000000000000e+07,6.970000000000000000e+07
6.107166804216348380e+07,-1.637420480000000192e-09,3.338000000000000256e+01,6.307000000000000000e+07,6.970000000000000000e+07
6.115560898544440418e+07,-1.635172990000000136e-09,3.338499999999999801e+01,6.307000000000000000e+07,6.970000000000000000e+07
6.122044187531363964e+07,-1.633441330000000028e-09,3.339000000000000057e+01,6.307000000000000000e+07,6.970000000000000000e+07
6.131229200111499429e+07,-1.630994320000000188e-09,3.339500000000000313e+01,6.307000000000000000e+07,6.970000000000000000e+07
6.138196208792217076e+07,-1.629143100000000183e-09,3.339999999999999858e+01,6.307000000000000000e+07,6.970000000000000000e+07
6.141624057409641147e+07,-1.628233820000000133e-09,3.340500000000000114e+01,6.307000000000000000e+07,6.970000000000000000e+07
6.145173253389053792e+07,-1.627293420000000007e-09,3.341000000000000369e+01,6.307000000000000000e+07,6.970000000000000000e+07
6.147887999128967524e+07,-1.626574849999999994e-09,3.341499999999999915e+01,6.307000000000000000e+07,6.970000000000000000e+07
6.145296439267756045e+07,-1.627260800000000072e-09,3.342000000000000171e+01,6.307000000000000000e+07,6.970000000000000000e+07
6.142821962038219720e+07,-1.627916300000000164e-09,3.342499999999999716e+01,6.307000000000000000e+07,6.970000000000000000e+07
6.144011727296368778e+07,-1.627601060000000011e-09,3.342999999999999972e+01,6.307000000000000000e+07,6.970000000000000000e+07
6.142331267165704817e+07,-1.628046350000000054e-09,3.343500000000000227e+01,6.307000000000000000e+07,6.970000000000000000e+07
6.135382729500111192e+07,-1.629890169999999975e-09,3.343999999999999773e+01,6.307000000000000000e+07,6.970000000000000000e+07
6.128965871478699148e+07,-1.631596620000000071e-09,3.344500000000000028e+01,6.307000000000000000e+07,6.970000000000000000e+07
6.123972811495892704e+07,-1.632926909999999951e-09,3.345000000000000284e+01,6.307000000000000000e+07,6.970000000000000000e+07
6.117024676750418544e+07,-1.634781700000000143e-09,3.345499999999999829e+01,6.307000000000000000e+07,6.970000000000000000e+07
6.113155299300236255e+07,-1.635816450000000153e-09,3.346000000000000085e+01,6.307000000000000000e+07,6.970000000000000000e+07
6.111098400026438385e+07,-1.636367040000000262e-09,3.346500000000000341e+01,6.307000000000000000e+07,6.970000000000000000e+07
6.106385148958670348e+07,-1.637630080000000211e-09,3.346999999999999886e+01,6.307000000000000000e+07,6.970000000000000000e+07
6.102963735896538943e+07,-1.638548160000000171e-09,3.347500000000000142e+01,6.307000000000000000e+07,6.970000000000000000e+07
6.104081474544893950e+07,-1.638248120000000108e-09,3.348000000000000398e+01,6.307000000000000000e+07,6.970000000000000000e+07
6.102589323157485574e+07,-1.638648690000000081e-09,3.348499999999999943e+01,6.307000000000000000e+07,6.970000000000000000e+07
6.099547642907887697e+07,-1.639465840000000003e-09,3.349000000000000199e+01,6.307000000000000000e+07,6.970000000000000000e+07
6.099706510181380063e+07,-1.639423140000000040e-09,3.349499999999999744e+01,6.307000000000000000e+07,6.970000000000000000e+07
6.099646720051303506e+07,-1.639439210000000076e-09,3.350000000000000000e+01,6.307000000000000000e+07,6.970000000000000000e+07
6.097015144046677649e+07,-1.640146820000000069e-09,3.350500000000000256e+01,6.307000000000000000e+07,6.970000000000000000e+07
6.093666119733726978e+07,-1.641048230000000009e-09,3.350999999999999801e+01,6.307000000000000000e+07,6.970000000000000000e+07
6.084245752177353948e+07,-1.643589100000000031e-09,3.351500000000000057e+01,6.307000000000000000e+07,6.970000000000000000e+07
6.066964901673731208e+07,-1.648270620000000008e-09,3.352000000000000313e+01,6.307000000000000000e+07,6.970000000000000000e+07
6.049894630497694016e+07,-1.652921350000000136e-09,3.352499999999999858e+01,6.307000000000000000e+07,6.970000000000000000e+07
6.040357245573417097e+07,-1.655531220000000234e-09,3.353000000000000114e+01,6.307000000000000000e+07,6.970000000000000000e+07
6.031181315964801610e+07,-1.658049970000000153e-09,3.353500000000000369e+01,6.307000000000000000e+07,6.970000000000000000e+07
6.019885077022744715e+07,-1.661161279999999995e-09,3.353999999999999915e+01,6.307000000000000000e+07,6.970000000000000000e+07
6.015719459954907745e+07,-1.662311560000000147e-09,3.354500000000000171e+01,6.307000000000000000e+07,6.970000000000000000e+07
6.013545692077776045e+07,-1.662912450000000160e-09,3.354999999999999716e+01,6.307000000000000000e+07,6.970000000000000000e+07
6.011755266012053937e+07,-1.663407700000000247e-09,3.355499999999999972e+01,6.307000000000000000e+07,6.970000000000000000e+07
6.012755965576875955e+07,-1.663130860000000134e-09,3.356000000000000227e+01,6.307000000000000000e+07,6.970000000000000000e+07
6.015505591274090111e+07,-1.662370660000000168e-09,3.356499999999999773e+01,6.307000000000000000e+07,6.970000000000000000e+07
6.015388060443630815e+07,-1.662403139999999892e-09,3.357000000000000028e+01,6.307000000000000000e+07,6.970000000000000000e+07
6.015587843875740469e+07,-1.662347930000000036e-09,3.357500000000000284e+01,6.307000000000000000e+07,6.970000000000000000e+07
6.015263225151711702e+07,-1.662437640000000137e-09,3.357999999999999829e+01,6.307000000000000000e+07,6.970000000000000000e+07
6.015057891413395852e+07,-1.662494390000000029e-09,3.358500000000000085e+01,6.307000000000000000e+07,6.970000000000000000e+07
6.014987339444122463e+07,-1.662513890000000248e-09,3.359000000000000341e+01,6.307000000000000000e+07,6.970000000000000000e+07
6.019450602576500177e+07,-1.661281180000000165e-09,3.359499999999999886e+01,6.307000000000000000e+07,6.970000000000000000e+07
6.023114654137367010e+07,-1.660270570000000157e-09,3.360000000000000142e+01,6.307000000000000000e+07,6.970000000000000000e+07
6.023747770211876929e+07,-1.660096070000000159e-09,3.360500000000000398e+01,6.307000000000000000e+07,6.970000000000000000e+07
6.026137685229988396e+07,-1.659437690000000266e-09,3.360999999999999943e+01,6.307000000000000000e+07,6.970000000000000000e+07
6.030392551297715306e+07,-1.658266840000000092e-09,3.361500000000000199e+01,6.307000000000000000e+07,6.970000000000000000e+07
6.028176153482765704e+07,-1.658876540000000266e-09,3.361999999999999744e+01,6.307000000000000000e+07,6.970000000000000000e+07
6.028204279928587377e+07,-1.658868800000000115e-09,3.362500000000000000e+01,6.307000000000000000e+07,6.970000000000000000e+07
6.032421454207969457e+07,-1.657709110000000230e-09,3.363000000000000256e+01,6.307000000000000000e+07,6.970000000000000000e+07
6.034584165645810962e+07,-1.657115010000000065e-09,3.363499999999999801e+01,6.307000000000000000e+07,6.970000000000000000e+07
6.034830276403132081e+07,-1.657047430000000112e-09,3.364000000000000057e+01,6.307000000000000000e+07,6.970000000000000000e+07
6.034652228302576393e+07,-1.657096320000000146e-09,3.364500000000000313e+01,6.307000000000000000e+07,6.970000000000000000e+07
6.027341055731458962e+07,-1.659106380000000285e-09,3.364999999999999858e+01,6.307000000000000000e+07,6.970000000000000000e+07
6.015570075965340436e+07,-1.662352840000000195e-09,3.365500000000000114e+01,6.307000000000000000e+07,6.970000000000000000e+07
6.003881533426886797e+07,-1.665589160000000016e-09,3.366000000000000369e+01,6.307000000000000000e+07,6.970000000000000000e+07
5.994069096403734386e+07,-1.668315770000000062e-09,3.366499999999999915e+01,6.307000000000000000e+07,6.970000000000000000e+07
5.985436881407342851e+07,-1.670721820000000039e-09,3.367000000000000171e+01,6.307000000000000000e+07,6.970000000000000000e+07
5.980647700557582080e+07,-1.672059700000000022e-09,3.367499999999999716e+01,6.307000000000000000e+07,6.970000000000000000e+07
5.981316174627947062e+07,-1.671872830000000134e-09,3.367999999999999972e+01,6.307000000000000000e+07,6.970000000000000000e+07
5.981117444755618274e+07,-1.671928380000000058e-09,3.368500000000000227e+01,6.307000000000000000e+07,6.970000000000000000e+07
5.980853589098875225e+07,-1.672002140000000037e-09,3.368999999999999773e+01,6.307000000000000000e+07,6.970000000000000000e+07
5.985137216482778639e+07,-1.670805470000000027e-09,3.369500000000000028e+01,6.307000000000000000e+07,6.970000000000000000e+07
5.989054069395744056e+07,-1.669712760000000111e-09,3.370000000000000284e+01,6.307000000000000000e+07,6.970000000000000000e+07
5.989480794669937342e+07,-1.669593799999999992e-09,3.370499999999999829e+01,6.307000000000000000e+07,6.970000000000000000e+07
5.992527857089716196e+07,-1.668744850000000066e-09,3.371000000000000085e+01,6.307000000000000000e+07,6.970000000000000000e+07
5.992198038310159743e+07,-1.668836699999999980e-09,3.371500000000000341e+01,6.307000000000000000e+07,6.970000000000000000e+07
5.987483357640320808e+07,-1.670150780000000028e-09,3.371999999999999886e+01,6.307000000000000000e+07,6.970000000000000000e+07
5.983776796317378432e+07,-1.671185329999999975e-09,3.372500000000000142e+01,6.307000000000000000e+07,6.970000000000000000e+07
5.980074106035133451e+07,-1.672220080000000192e-09,3.373000000000000398e+01,6.307000000000000000e+07,6.970000000000000000e+07
5.970259213430886716e+07,-1.674969149999999995e-09,3.373499999999999943e+01,6.307000000000000000e+07,6.970000000000000000e+07
5.962381640911106020e+07,-1.677182140000000013e-09,3.374000000000000199e+01,6.307000000000000000e+07,6.970000000000000000e+07
5.961209539191885293e+07,-1.677511910000000165e-09,3.374499999999999744e+01,6.307000000000000000e+07,6.970000000000000000e+07
5.961078840578987449e+07,-1.677548690000000226e-09,3.375000000000000000e+01,6.307000000000000000e+07,6.970000000000000000e+07
5.959823672418434918e+07,-1.677901990000000144e-09,3.375500000000000256e+01,6.307000000000000000e+07,6.970000000000000000e+07
5.963153140063763410e+07,-1.676965150000000160e-09,3.375999999999999801e+01,6.307000000000000000e+07,6.970000000000000000e+07
5.969065841553940624e+07,-1.675304020000000118e-09,3.376500000000000057e+01,6.307000000000000000e+07,6.970000000000000000e+07
5.969801686531062424e+07,-1.675097520000000053e-09,3.377000000000000313e+01,6.307000000000000000e+07,6.970000000000000000e+07
5.970586657127580047e+07,-1.674877290000000036e-09,3.377499999999999858e+01,6.307000000000000000e+07,6.970000000000000000e+07
5.975216165693987161e+07,-1.673579620000000090e-09,3.378000000000000114e+01,6.307000000000000000e+07,6.970000000000000000e+07
5.977112464858015627e+07,-1.673048660000000160e-09,3.378500000000000369e+01,6.307000000000000000e+07,6.970000000000000000e+07
5.978091835769598186e+07,-1.672774570000000096e-09,3.378999999999999915e+01,6.307000000000000000e+07,6.970000000000000000e+07
5.982470643119183183e+07,-1.671550200000000149e-09,3.379500000000000171e+01,6.307000000000000000e+07,6.970000000000000000e+07
5.984480172283130139e+07,-1.670988910000000145e-09,3.379999999999999716e+01,6.307000000000000000e+07,6.970000000000000000e+07
5.983642671603347361e+07,-1.671222790000000170e-09,3.380499999999999972e+01,6.307000000000000000e+07,6.970000000000000000e+07
5.986300901127452403e+07,-1.670480680000000139e-09,3.381000000000000227e+01,6.307000000000000000e+07,6.970000000000000000e+07
5.989155615601498634e+07,-1.669684450000000144e-09,3.381499999999999773e+01,6.307000000000000000e+07,6.970000000000000000e+07
5.989954116172776371e+07,-1.669461869999999999e-09,3.382000000000000028e+01,6.307000000000000000e+07,6.970000000000000000e+07
5.995066108553189784e+07,-1.668038320000000127e-09,3.382500000000000284e+01,6.307000000000000000e+07,6.970000000000000000e+07
6.006337959891332686e+07,-1.664907980000000093e-09,3.382999999999999829e+01,6.307000000000000000e+07,6.970000000000000000e+07
6.014140808717905730e+07,-1.662747900000000232e-09,3.383500000000000085e+01,6.307000000000000000e+07,6.970000000000000000e+07
6.018835959171900153e+07,-1.661450830000000064e-09,3.384000000000000341e+01,6.307000000000000000e+07,6.970000000000000000e+07
6.024887714619529247e+07,-1.659781970000000122e-09,3.384499999999999886e+01,6.307000000000000000e+07,6.970000000000000000e+07
6.029241507792233676e+07,-1.658583420000000216e-09,3.385000000000000142e+01,6.307000000000000000e+07,6.970000000000000000e+07
6.030782888915192336e+07,-1.658159510000000082e-09,3.385500000000000398e+01,6.307000000000000000e+07,6.970000000000000000e+07
6.034758749988315254e+07,-1.657067070000000128e-09,3.385999999999999943e+01,6.307000000000000000e+07,6.970000000000000000e+07
6.040500054823578894e+07,-1.655492079999999999e-09,3.386500000000000199e+01,6.307000000000000000e+07,6.970000000000000000e+07
6.045882577727091312e+07,-1.654018230000000017e-09,3.386999999999999744e+01,6.307000000000000000e+07,6.970000000000000000e+07
6.054595241922463477e+07,-1.651638069999999980e-09,3.387500000000000000e+01,6.307000000000000000e+07,6.970000000000000000e+07
6.067135659084443748e+07,-1.648224230000000150e-09,3.388000000000000256e+01,6.307000000000000000e+07,6.970000000000000000e+07
6.078576321564856917e+07,-1.645122060000000079e-09,3.388499999999999801e+01,6.307000000000000000e+07,6.970000000000000000e+07
6.089109366067086160e+07,-1.642276300000000102e-09,3.389000000000000057e+01,6.307000000000000000e+07,6.970000000000000000e+07
6.103336406546314806e+07,-1.638448109999999918e-09,3.389500000000000313e+01,6.307000000000000000e+07,6.970000000000000000e+07
6.114907850601207465e+07,-1.635347620000000093e-09,3.389999999999999858e+01,6.307000000000000000e+07,6.970000000000000000e+07
6.123247850997180492e+07,-1.633120240000000078e-09,3.390500000000000114e+01,6.307000000000000000e+07,6.970000000000000000e+07
6.134163905669269711e+07,-1.630214020000000018e-09,3.391000000000000369e+01,6.307000000000000000e+07,6.970000000000000000e+07
6.140774202774602920e+07,-1.628459160000000166e-09,3.391499999999999915e+01,6.307000000000000000e+07,6.970000000000000000e+07
6.141608328399216384e+07,-1.628237990000000098e-09,3.392000000000000171e+01,6.307000000000000000e+07,6.970000000000000000e+07
6.141961929970271140e+07,-1.628144250000000243e-09,3.392499999999999716e+01,6.307000000000000000e+07,6.970000000000000000e+07
6.144327022122293711e+07,-1.627517539999999981e-09,3.392999999999999972e+01,6.307000000000000000e+07,6.970000000000000000e+07
6.136945911186449975e+07,-1.629475010000000148e-09,3.393500000000000227e+01,6.307000000000000000e+07,6.970000000000000000e+07
6.123483848362209648e+07,-1.633057300000000115e-09,3.393999999999999773e+01,6.307000000000000000e+07,6.970000000000000000e+07
6.116810578500296921e+07,-1.634838920000000061e-09,3.394500000000000028e+01,6.307000000000000000e+07,6.970000000000000000e+07
6.111325917426747084e+07,-1.636306119999999992e-09,3.395000000000000284e+01,6.307000000000000000e+07,6.970000000000000000e+07
6.103966232126328349e+07,-1.638279049999999958e-09,3.395499999999999829e+01,6.307000000000000000e+07,6.970000000000000000e+07
6.099884399260784686e+07,-1.639375330000000061e-09,3.396000000000000085e+01,6.307000000000000000e+07,6.970000000000000000e+07
6.094755232740478218e+07,-1.640754980000000207e-09,3.396500000000000341e+01,6.307000000000000000e+07,6.970000000000000000e+07
6.088832893546066433e+07,-1.642350870000000174e-09,3.396999999999999886e+01,6.307000000000000000e+07,6.970000000000000000e+07
6.084935069270383567e+07,-1.643402910000000071e-09,3.397500000000000142e+01,6.307000000000000000e+07,6.970000000000000000e+07
6.079526320272643864e+07,-1.644864990000000148e-09,3.398000000000000398e+01,6.307000000000000000e+07,6.970000000000000000e+07
6.063626555114048719e+07,-1.649178080000000015e-09,3.398499999999999943e+01,6.307000000000000000e+07,6.970000000000000000e+07
6.042157413209333271e+07,-1.655037980000000002e-09,3.399000000000000199e+01,6.307000000000000000e+07,6.970000000000000000e+07
6.029048631560304761e+07,-1.658636480000000008e-09,3.399499999999999744e+01,6.307000000000000000e+07,6.970000000000000000e+07
6.020049787858562917e+07,-1.661115829999999982e-09,3.400000000000000000e+01,6.307000000000000000e+07,6.970000000000000000e+07
6.012446256772111356e+07,-1.663216530000000022e-09,3.400500000000000256e+01,6.307000000000000000e+07,6.970000000000000000e+07
6.010855954483442754e+07,-1.663656570000000046e-09,3.400999999999999801e+01,6.307000000000000000e+07,6.970000000000000000e+07
6.007705266497419775e+07,-1.664529060000000197e-09,3.401500000000000057e+01,6.307000000000000000e+07,6.970000000000000000e+07
5.997134173481056094e+07,-1.667463109999999946e-09,3.402000000000000313e+01,6.307000000000000000e+07,6.970000000000000000e+07
5.979537663343777508e+07,-1.672370100000000120e-09,3.402499999999999858e+01,6.307000000000000000e+07,6.970000000000000000e+07
5.959301368455230445e+07,-1.678049050000000122e-09,3.403000000000000114e+01,6.307000000000000000e+07,6.970000000000000000e+07
5.938104018373776972e+07,-1.684039209999999901e-09,3.403500000000000369e+01,6.307000000000000000e+07,6.970000000000000000e+07
5.915837206146019697e+07,-1.690377820000000120e-09,3.403999999999999915e+01,6.307000000000000000e+07,6.970000000000000000e+07
5.896543632453434914e+07,-1.695908760000000048e-09,3.404500000000000171e+01,6.307000000000000000e+07,6.970000000000000000e+07
5.883188769265618920e+07,-1.699758480000000189e-09,3.404999999999999716e+01,6.307000000000000000e+07,6.970000000000000000e+07
5.871817277595686913e+07,-1.703050270000000197e-09,3.405499999999999972e+01,6.307000000000000000e+07,6.970000000000000000e+07
5.859681214122197777e+07,-1.706577480000000059e-09,3.406000000000000227e+01,6.307000000000000000e+07,6.970000000000000000e+07
5.842724627024707198e+07,-1.711530260000000107e-09,3.406499999999999773e+01,6.307000000000000000e+07,6.970000000000000000e+07
5.822670127110577375e+07,-1.717425130000000157e-09,3.407000000000000028e+01,6.307000000000000000e+07,6.970000000000000000e+07
5.812067168456135690e+07,-1.720558230000000079e-09,3.407500000000000284e+01,6.307000000000000000e+07,6.970000000000000000e+07
5.810626026621406525e+07,-1.720984960000000161e-09,3.407999999999999829e+01,6.307000000000000000e+07,6.970000000000000000e+07
5.808272828700483590e+07,-1.721682210000000119e-09,3.408500000000000085e+01,6.307000000000000000e+07,6.970000000000000000e+07
5.806753755159423500e+07,-1.722132610000000178e-09,3.409000000000000341e+01,6.307000000000000000e+07,6.970000000000000000e+07
5.809507627555277944e+07,-1.721316270000000142e-09,3.409499999999999886e+01,6.307000000000000000e+07,6.970000000000000000e+07
5.813854044426751882e+07,-1.720029420000000006e-09,3.410000000000000142e+01,6.307000000000000000e+07,6.970000000000000000e+07
5.818407953251652420e+07,-1.718683200000000094e-09,3.410500000000000398e+01,6.307000000000000000e+07,6.970000000000000000e+07
5.824910653297339380e+07,-1.716764530000000094e-09,3.410999999999999943e+01,6.307000000000000000e+07,6.970000000000000000e+07
5.833129222419959307e+07,-1.714345700000000056e-09,3.411500000000000199e+01,6.307000000000000000e+07,6.970000000000000000e+07
5.835990391672106832e+07,-1.713505220000000224e-09,3.411999999999999744e+01,6.307000000000000000e+07,6.970000000000000000e+07
5.831384241745398939e+07,-1.714858700000000010e-09,3.412500000000000000e+01,6.307000000000000000e+07,6.970000000000000000e+07
5.826359331727538258e+07,-1.716337670000000053e-09,3.413000000000000256e+01,6.307000000000000000e+07,6.970000000000000000e+07
5.811211407454482466e+07,-1.720811600000000072e-09,3.413499999999999801e+01,6.307000000000000000e+07,6.970000000000000000e+07
5.790161177474206686e+07,-1.727067640000000150e-09,3.414000000000000057e+01,6.307000000000000000e+07,6.970000000000000000e+07
5.769395840521760285e+07,-1.733283740000000153e-09,3.414500000000000313e+01,6.307000000000000000e+07,6.970000000000000000e+07
5.745936235437944531e+07,-1.740360420000000191e-09,3.414999999999999858e+01,6.307000000000000000e+07,6.970000000000000000e+07
5.717361720232476294e+07,-1.749058480000000008e-09,3.415500000000000114e+01,6.307000000000000000e+07,6.970000000000000000e+07
5.691169646624747664e+07,-1.757108050000000148e-09,3.416000000000000369e+01,6.307000000000000000e+07,6.970000000000000000e+07
5.671735801335474849e+07,-1.763128670000000166e-09,3.416499999999999915e+01,6.307000000000000000e+07,6.970000000000000000e+07
5.657093565108680725e+07,-1.767692170000000075e-09,3.417000000000000171e+01,6.307000000000000000e+07,6.970000000000000000e+07
5.651314696985322237e+07,-1.769499760000000110e-09,3.417499999999999716e+01,6.307000000000000000e+07,6.970000000000000000e+07
5.646706734756538272e+07,-1.770943750000000252e-09,3.417999999999999972e+01,6.307000000000000000e+07,6.970000000000000000e+07
5.644366144793841243e+07,-1.771678120000000132e-09,3.418500000000000227e+01,6.307000000000000000e+07,6.970000000000000000e+07
5.645504149984695762e+07,-1.771320990000000109e-09,3.418999999999999773e+01,6.307000000000000000e+07,6.970000000000000000e+07
5.652834525405903906e+07,-1.769024010000000242e-09,3.419500000000000028e+01,6.307000000000000000e+07,6.970000000000000000e+07
5.653523069788852334e+07,-1.768808560000000219e-09,3.420000000000000284e+01,6.307000000000000000e+07,6.970000000000000000e+07
5.649038959224225581e+07,-1.770212610000000078e-09,3.420499999999999829e+01,6.307000000000000000e+07,6.970000000000000000e+07
5.650676085876578838e+07,-1.769699740000000289e-09,3.421000000000000085e+01,6.307000000000000000e+07,6.970000000000000000e+07
5.652982798352093995e+07,-1.768977610000000134e-09,3.421500000000000341e+01,6.307000000000000000e+07,6.970000000000000000e+07
5.653615058851475269e+07,-1.768779780000000226e-09,3.421999999999999886e+01,6.307000000000000000e+07,6.970000000000000000e+07
5.658934543726614863e+07,-1.767117100000000310e-09,3.422500000000000142e+01,6.307000000000000000e+07,6.970000000000000000e+07
5.669990485018867254e+07,-1.763671390000000165e-09,3.423000000000000398e+01,6.307000000000000000e+07,6.970000000000000000e+07
5.677574517455844581e+07,-1.761315500000000089e-09,3.423499999999999943e+01,6.307000000000000000e+07,6.970000000000000000e+07
5.677003179961977154e+07,-1.761492760000000181e-09,3.424000000000000199e+01,6.307000000000000000e+07,6.970000000000000000e+07
5.673860592337428778e+07,-1.762468400000000126e-09,3.424499999999999744e+01,6.307000000000000000e+07,6.970000000000000000e+07
5.667539620791838318e+07,-1.764434070000000218e-09,3.425000000000000000e+01,6.307000000000000000e+07,6.970000000000000000e+07
5.663678545735900104e+07,-1.765636930000000299e-09,3.425500000000000256e+01,6.307000000000000000e+07,6.970000000000000000e+07
5.662222740982486308e+07,-1.766090890000000293e-09,3.425999999999999801e+01,6.307000000000000000e+07,6.970000000000000000e+07
5.663203810085728765e+07,-1.765784940000000165e-09,3.426500000000000057e+01,6.307000000000000000e+07,6.970000000000000000e+07
5.664569727921935916e+07,-1.765359150000000134e-09,3.427000000000000313e+01,6.307000000000000000e+07,6.970000000000000000e+07
5.670121687275347859e+07,-1.763630580000000142e-09,3.427499999999999858e+01,6.307000000000000000e+07,6.970000000000000000e+07
5.676707596788091213e+07,-1.761584480000000136e-09,3.428000000000000114e+01,6.307000000000000000e+07,6.970000000000000000e+07
5.680950803920438141e+07,-1.760268720000000049e-09,3.428500000000000369e+01,6.307000000000000000e+07,6.970000000000000000e+07
5.688068367077922821e+07,-1.758066069999999977e-09,3.428999999999999915e+01,6.307000000000000000e+07,6.970000000000000000e+07
5.699895172657890618e+07,-1.754418230000000001e-09,3.429500000000000171e+01,6.307000000000000000e+07,6.970000000000000000e+07
5.710110644528453797e+07,-1.751279550000000038e-09,3.429999999999999716e+01,6.307000000000000000e+07,6.970000000000000000e+07
5.712073607699765265e+07,-1.750677720000000180e-09,3.430499999999999972e+01,6.307000000000000000e+07,6.970000000000000000e+07
5.714228310780740529e+07,-1.750017580000000099e-09,3.431000000000000227e+01,6.307000000000000000e+07,6.970000000000000000e+07
5.717833907948958129e+07,-1.748914040000000122e-09,3.431499999999999773e+01,6.307000000000000000e+07,6.970000000000000000e+07
5.715027851473855972e+07,-1.749772750000000098e-09,3.432000000000000028e+01,6.307000000000000000e+07,6.970000000000000000e+07
5.715714936971011013e+07,-1.749562410000000091e-09,3.432500000000000284e+01,6.307000000000000000e+07,6.970000000000000000e+07
5.718054860001832247e+07,-1.748846460000000168e-09,3.432999999999999829e+01,6.307000000000000000e+07,6.970000000000000000e+07
5.721831469450546801e+07,-1.747692160000000099e-09,3.433500000000000085e+01,6.307000000000000000e+07,6.970000000000000000e+07
5.728664564136017114e+07,-1.745607530000000095e-09,3.434000000000000341e+01,6.307000000000000000e+07,6.970000000000000000e+07
5.741163644423395395e+07,-1.741807170000000014e-09,3.434499999999999886e+01,6.307000000000000000e+07,6.970000000000000000e+07
5.753394164545173943e+07,-1.738104450000000204e-09,3.435000000000000142e+01,6.307000000000000000e+07,6.970000000000000000e+07
5.763732080153501779e+07,-1.734986960000000130e-09,3.435500000000000398e+01,6.307000000000000000e+07,6.970000000000000000e+07
5.770015258286049217e+07,-1.733097670000000107e-09,3.435999999999999943e+01,6.307000000000000000e+07,6.970000000000000000e+07
5.768691097085000575e+07,-1.733495490000000031e-09,3.436500000000000199e+01,6.307000000000000000e+07,6.970000000000000000e+07
5.764293729247929901e+07,-1.734817910000000215e-09,3.436999999999999744e+01,6.307000000000000000e+07,6.970000000000000000e+07
5.763745933180120587e+07,-1.734982790000000165e-09,3.437500000000000000e+01,6.307000000000000000e+07,6.970000000000000000e+07
5.760668377631260455e+07,-1.735909680000000079e-09,3.438000000000000256e+01,6.307000000000000000e+07,6.970000000000000000e+07
5.750789954386688769e+07,-1.738891540000000222e-09,3.438499999999999801e+01,6.307000000000000000e+07,6.970000000000000000e+07
5.740931147227321565e+07,-1.741877710000000125e-09,3.439000000000000057e+01,6.307000000000000000e+07,6.970000000000000000e+07
5.741330332837550342e+07,-1.741756600000000148e-09,3.439500000000000313e+01,6.307000000000000000e+07,6.970000000000000000e+07
5.744108106044576317e+07,-1.740914310000000111e-09,3.439999999999999858e+01,6.307000000000000000e+07,6.970000000000000000e+07
5.747674447810857743e+07,-1.739834100000000044e-09,3.440500000000000114e+01,6.307000000000000000e+07,6.970000000000000000e+07
5.759820551638749242e+07,-1.736165200000000137e-09,3.441000000000000369e+01,6.307000000000000000e+07,6.970000000000000000e+07
5.776381218239723146e+07,-1.731187680000000103e-09,3.441499999999999915e+01,6.307000000000000000e+07,6.970000000000000000e+07
5.791971575598309934e+07,-1.726527810000000204e-09,3.442000000000000171e+01,6.307000000000000000e+07,6.970000000000000000e+07
5.808789879433686286e+07,-1.721528960000000278e-09,3.442499999999999716e+01,6.307000000000000000e+07,6.970000000000000000e+07
5.824596278738827258e+07,-1.716857190000000101e-09,3.442999999999999972e+01,6.307000000000000000e+07,6.970000000000000000e+07
5.835432085385722667e+07,-1.713669160000000123e-09,3.443500000000000227e+01,6.307000000000000000e+07,6.970000000000000000e+07
5.843636067905879021e+07,-1.711263310000000210e-09,3.443999999999999773e+01,6.307000000000000000e+07,6.970000000000000000e+07
5.849380738929806650e+07,-1.709582680000000156e-09,3.444500000000000028e+01,6.307000000000000000e+07,6.970000000000000000e+07
5.847036291665512323e+07,-1.710268160000000209e-09,3.445000000000000284e+01,6.307000000000000000e+07,6.970000000000000000e+07
5.840764874326919764e+07,-1.712104530000000030e-09,3.445499999999999829e+01,6.307000000000000000e+07,6.970000000000000000e+07
5.842374568643610179e+07,-1.711632810000000123e-09,3.446000000000000085e+01,6.307000000000000000e+07,6.970000000000000000e+07
5.842872445840895921e+07,-1.711486960000000159e-09,3.446500000000000341e+01,6.307000000000000000e+07,6.970000000000000000e+07
5.834919677808572352e+07,-1.713819650000000077e-09,3.446999999999999886e+01,6.307000000000000000e+07,6.970000000000000000e+07
5.826091608275926113e+07,-1.716416540000000048e-09,3.447500000000000142e+01,6.307000000000000000e+07,6.970000000000000000e+07
5.825139958453354239e+07,-1.716696950000000141e-09,3.448000000000000398e+01,6.307000000000000000e+07,6.970000000000000000e+07
5.826810447254375368e+07,-1.716204789999999964e-09,3.448499999999999943e+01,6.307000000000000000e+07,6.970000000000000000e+07
5.831342143807101995e+07,-1.714871080000000152e-09,3.449000000000000199e+01,6.307000000000000000e+07,6.970000000000000000e+07
5.838259077382136136e+07,-1.712839370000000142e-09,3.449499999999999744e+01,6.307000000000000000e+07,6.970000000000000000e+07
5.838976114985041320e+07,-1.712629030000000135e-09,3.450000000000000000e+01,6.307000000000000000e+07,6.970000000000000000e+07
5.835432085385722667e+07,-1.713669160000000123e-09,3.450500000000000256e+01,6.307000000000000000e+07,6.970000000000000000e+07
5.829117700839292258e+07,-1.715525490000000144e-09,3.450999999999999801e+01,6.307000000000000000e+07,6.970000000000000000e+07
5.822004270964112878e+07,-1.717621550000000194e-09,3.451500000000000057e+01,6.307000000000000000e+07,6.970000000000000000e+07
5.816095062491817772e+07,-1.719366670000000292e-09,3.452000000000000313e+01,6.307000000000000000e+07,6.970000000000000000e+07
5.809194913378310204e+07,-1.721408930000000149e-09,3.452499999999999858e+01,6.307000000000000000e+07,6.970000000000000000e+07
5.802174803652083874e+07,-1.723491680000000051e-09,3.453000000000000114e+01,6.307000000000000000e+07,6.970000000000000000e+07
5.795781455848950893e+07,-1.725392870000000144e-09,3.453500000000000369e+01,6.307000000000000000e+07,6.970000000000000000e+07
5.796728274391378462e+07,-1.725111050000000181e-09,3.453999999999999915e+01,6.307000000000000000e+07,6.970000000000000000e+07
5.806452901561159641e+07,-1.722221840000000208e-09,3.454500000000000171e+01,6.307000000000000000e+07,6.970000000000000000e+07
5.819880732369368523e+07,-1.718248270000000086e-09,3.454999999999999716e+01,6.307000000000000000e+07,6.970000000000000000e+07
5.834384689454372972e+07,-1.713976800000000127e-09,3.455499999999999972e+01,6.307000000000000000e+07,6.970000000000000000e+07
5.849941272732060403e+07,-1.709418870000000009e-09,3.456000000000000227e+01,6.307000000000000000e+07,6.970000000000000000e+07
5.858199961793991178e+07,-1.707008990000000135e-09,3.456499999999999773e+01,6.307000000000000000e+07,6.970000000000000000e+07
5.859259634382081777e+07,-1.706700270000000076e-09,3.457000000000000028e+01,6.307000000000000000e+07,6.970000000000000000e+07
5.857963207984206825e+07,-1.707077980000000165e-09,3.457500000000000284e+01,6.307000000000000000e+07,6.970000000000000000e+07
5.862065642332442105e+07,-1.705883320000000217e-09,3.457999999999999829e+01,6.307000000000000000e+07,6.970000000000000000e+07
5.864779715237732232e+07,-1.705093880000000071e-09,3.458500000000000085e+01,6.307000000000000000e+07,6.970000000000000000e+07
5.868121434998866171e+07,-1.704122879999999910e-09,3.459000000000000341e+01,6.307000000000000000e+07,6.970000000000000000e+07
5.868262001420284063e+07,-1.704082060000000049e-09,3.459499999999999886e+01,6.307000000000000000e+07,6.970000000000000000e+07
5.861484779626078904e+07,-1.706052370000000132e-09,3.460000000000000142e+01,6.307000000000000000e+07,6.970000000000000000e+07
5.852851676728459448e+07,-1.708568840000000235e-09,3.460500000000000398e+01,6.307000000000000000e+07,6.970000000000000000e+07
5.843841612443997711e+07,-1.711203120000000090e-09,3.460999999999999943e+01,6.307000000000000000e+07,6.970000000000000000e+07
5.837108926178766042e+07,-1.713176870000000194e-09,3.461500000000000199e+01,6.307000000000000000e+07,6.970000000000000000e+07
5.826575748467937112e+07,-1.716273919999999998e-09,3.461999999999999744e+01,6.307000000000000000e+07,6.970000000000000000e+07
5.818660886517556757e+07,-1.718608490000000225e-09,3.462500000000000000e+01,6.307000000000000000e+07,6.970000000000000000e+07
5.814161344640164077e+07,-1.719938510000000143e-09,3.463000000000000256e+01,6.307000000000000000e+07,6.970000000000000000e+07
5.811004065959544480e+07,-1.720873000000000205e-09,3.463499999999999801e+01,6.307000000000000000e+07,6.970000000000000000e+07
5.811965188048865646e+07,-1.720588419999999942e-09,3.464000000000000057e+01,6.307000000000000000e+07,6.970000000000000000e+07
5.811587023651380837e+07,-1.720700380000000104e-09,3.464500000000000313e+01,6.307000000000000000e+07,6.970000000000000000e+07
5.808502411481095850e+07,-1.721614159999999934e-09,3.464999999999999858e+01,6.307000000000000000e+07,6.970000000000000000e+07
5.807438588964787871e+07,-1.721929530000000045e-09,3.465500000000000114e+01,6.307000000000000000e+07,6.970000000000000000e+07
5.811146670744386315e+07,-1.720830770000000268e-09,3.466000000000000369e+01,6.307000000000000000e+07,6.970000000000000000e+07
5.808987277074740082e+07,-1.721470460000000035e-09,3.466499999999999915e+01,6.307000000000000000e+07,6.970000000000000000e+07
5.804966489002377540e+07,-1.722662830000000121e-09,3.467000000000000171e+01,6.307000000000000000e+07,6.970000000000000000e+07
5.803912315142780542e+07,-1.722975720000000145e-09,3.467499999999999716e+01,6.307000000000000000e+07,6.970000000000000000e+07
5.798516589854586869e+07,-1.724579010000000196e-09,3.467999999999999972e+01,6.307000000000000000e+07,6.970000000000000000e+07
5.793215024798174948e+07,-1.726157230000000237e-09,3.468500000000000227e+01,6.307000000000000000e+07,6.970000000000000000e+07
5.787060513480439782e+07,-1.727992990000000029e-09,3.468999999999999773e+01,6.307000000000000000e+07,6.970000000000000000e+07
5.787008738296389580e+07,-1.728008450000000035e-09,3.469500000000000028e+01,6.307000000000000000e+07,6.970000000000000000e+07
5.785276143610825390e+07,-1.728525960000000228e-09,3.470000000000000284e+01,6.307000000000000000e+07,6.970000000000000000e+07
5.785299338011916727e+07,-1.728519029999999963e-09,3.470499999999999829e+01,6.307000000000000000e+07,6.970000000000000000e+07
5.792454591094874591e+07,-1.726383840000000137e-09,3.471000000000000085e+01,6.307000000000000000e+07,6.970000000000000000e+07
5.797552683723662049e+07,-1.724865740000000111e-09,3.471500000000000341e+01,6.307000000000000000e+07,6.970000000000000000e+07
5.798696544636171311e+07,-1.724525490000000009e-09,3.471999999999999886e+01,6.307000000000000000e+07,6.970000000000000000e+07
5.804591256385144591e+07,-1.722774190000000092e-09,3.472500000000000142e+01,6.307000000000000000e+07,6.970000000000000000e+07
5.814822905817842484e+07,-1.719742830000000094e-09,3.473000000000000398e+01,6.307000000000000000e+07,6.970000000000000000e+07
5.823493013220581412e+07,-1.717182450000000015e-09,3.473499999999999943e+01,6.307000000000000000e+07,6.970000000000000000e+07
5.832666173534183949e+07,-1.714481800000000013e-09,3.474000000000000199e+01,6.307000000000000000e+07,6.970000000000000000e+07
5.845438720576560497e+07,-1.710735579999999985e-09,3.474499999999999744e+01,6.307000000000000000e+07,6.970000000000000000e+07
5.856254062666451186e+07,-1.707576189999999996e-09,3.475000000000000000e+01,6.307000000000000000e+07,6.970000000000000000e+07
5.864340756527285278e+07,-1.705221510000000141e-09,3.475500000000000256e+01,6.307000000000000000e+07,6.970000000000000000e+07
5.870335707886083424e+07,-1.703480090000000189e-09,3.475999999999999801e+01,6.307000000000000000e+07,6.970000000000000000e+07
5.876234467584481090e+07,-1.701770080000000157e-09,3.476500000000000057e+01,6.307000000000000000e+07,6.970000000000000000e+07
5.876106294532071799e+07,-1.701807200000000079e-09,3.477000000000000313e+01,6.307000000000000000e+07,6.970000000000000000e+07
5.872504785195843130e+07,-1.702850890000000002e-09,3.477499999999999858e+01,6.307000000000000000e+07,6.970000000000000000e+07
5.866491053648074716e+07,-1.704596480000000126e-09,3.478000000000000114e+01,6.307000000000000000e+07,6.970000000000000000e+07
5.859047270986730605e+07,-1.706762130000000191e-09,3.478500000000000369e+01,6.307000000000000000e+07,6.970000000000000000e+07
5.848019938519883901e+07,-1.709980490000000035e-09,3.478999999999999915e+01,6.307000000000000000e+07,6.970000000000000000e+07
5.837398312667328119e+07,-1.713091940000000087e-09,3.479500000000000171e+01,6.307000000000000000e+07,6.970000000000000000e+07
5.822210771098077297e+07,-1.717560630000000130e-09,3.479999999999999716e+01,6.307000000000000000e+07,6.970000000000000000e+07
5.804033281928751618e+07,-1.722939810000000030e-09,3.480499999999999972e+01,6.307000000000000000e+07,6.970000000000000000e+07
5.790392046484248340e+07,-1.726998780000000079e-09,3.481000000000000227e+01,6.307000000000000000e+07,6.970000000000000000e+07
5.783986820792718232e+07,-1.728911270000000052e-09,3.481499999999999773e+01,6.307000000000000000e+07,6.970000000000000000e+07
5.780378896900237352e+07,-1.729990400000000065e-09,3.482000000000000028e+01,6.307000000000000000e+07,6.970000000000000000e+07
5.775787821213075519e+07,-1.731365540000000180e-09,3.482500000000000284e+01,6.307000000000000000e+07,6.970000000000000000e+07
5.776395132137089968e+07,-1.731183509999999932e-09,3.482999999999999829e+01,6.307000000000000000e+07,6.970000000000000000e+07
5.778385342894442379e+07,-1.730587250000000072e-09,3.483500000000000085e+01,6.307000000000000000e+07,6.970000000000000000e+07
5.781484102228224277e+07,-1.729659690000000275e-09,3.484000000000000341e+01,6.307000000000000000e+07,6.970000000000000000e+07
5.787959895086975396e+07,-1.727724480000000214e-09,3.484499999999999886e+01,6.307000000000000000e+07,6.970000000000000000e+07
5.787357820099542290e+07,-1.727904220000000186e-09,3.485000000000000142e+01,6.307000000000000000e+07,6.970000000000000000e+07
5.782168604995100945e+07,-1.729454930000000102e-09,3.485500000000000398e+01,6.307000000000000000e+07,6.970000000000000000e+07
5.777661978024639189e+07,-1.730803920000000153e-09,3.485999999999999943e+01,6.307000000000000000e+07,6.970000000000000000e+07
5.777309825952648371e+07,-1.730909420000000076e-09,3.486500000000000199e+01,6.307000000000000000e+07,6.970000000000000000e+07
5.771195772603712976e+07,-1.732743160000000175e-09,3.486999999999999744e+01,6.307000000000000000e+07,6.970000000000000000e+07
5.762124352348027378e+07,-1.735471049999999926e-09,3.487500000000000000e+01,6.307000000000000000e+07,6.970000000000000000e+07
5.754143250708170980e+07,-1.737878180000000164e-09,3.488000000000000256e+01,6.307000000000000000e+07,6.970000000000000000e+07
5.749106541413335502e+07,-1.739400710000000072e-09,3.488499999999999801e+01,6.307000000000000000e+07,6.970000000000000000e+07
5.750769053220871836e+07,-1.738897860000000044e-09,3.489000000000000057e+01,6.307000000000000000e+07,6.970000000000000000e+07
5.764577502499218285e+07,-1.734732510000000082e-09,3.489500000000000313e+01,6.307000000000000000e+07,6.970000000000000000e+07
5.782412746528613567e+07,-1.729381910000000111e-09,3.489999999999999858e+01,6.307000000000000000e+07,6.970000000000000000e+07
5.802397137366483361e+07,-1.723425640000000133e-09,3.490500000000000114e+01,6.307000000000000000e+07,6.970000000000000000e+07
5.828793494945220649e+07,-1.715620910000000038e-09,3.491000000000000369e+01,6.307000000000000000e+07,6.970000000000000000e+07
5.857663955765171349e+07,-1.707165190000000089e-09,3.491499999999999915e+01,6.307000000000000000e+07,6.970000000000000000e+07
5.883218327985350043e+07,-1.699749940000000196e-09,3.492000000000000171e+01,6.307000000000000000e+07,6.970000000000000000e+07
5.912545773525149375e+07,-1.691318830000000069e-09,3.492499999999999716e+01,6.307000000000000000e+07,6.970000000000000000e+07
5.943641429099367559e+07,-1.682470270000000254e-09,3.492999999999999972e+01,6.307000000000000000e+07,6.970000000000000000e+07
5.971166811853597313e+07,-1.674714560000000151e-09,3.493500000000000227e+01,6.307000000000000000e+07,6.970000000000000000e+07
5.995548077721465379e+07,-1.667904230000000025e-09,3.493999999999999773e+01,6.307000000000000000e+07,6.970000000000000000e+07
6.018555797341672331e+07,-1.661528170000000068e-09,3.494500000000000028e+01,6.307000000000000000e+07,6.970000000000000000e+07
6.035338475964777172e+07,-1.656907900000000178e-09,3.495000000000000284e+01,6.307000000000000000e+07,6.970000000000000000e+07
6.046926885845110565e+07,-1.653732580000000156e-09,3.495499999999999829e+01,6.307000000000000000e+07,6.970000000000000000e+07
6.057954732466361672e+07,-1.650722140000000086e-09,3.496000000000000085e+01,6.307000000000000000e+07,6.970000000000000000e+07
6.057859500537116826e+07,-1.650748090000000086e-09,3.496500000000000341e+01,6.307000000000000000e+07,6.970000000000000000e+07
6.051839878847006708e+07,-1.652390050000000138e-09,3.496999999999999886e+01,6.307000000000000000e+07,6.970000000000000000e+07
6.048440154764341563e+07,-1.653318829999999993e-09,3.497500000000000142e+01,6.307000000000000000e+07,6.970000000000000000e+07
6.044911345874243230e+07,-1.654283980000000151e-09,3.498000000000000398e+01,6.307000000000000000e+07,6.970000000000000000e+07
6.040154098827430606e+07,-1.655586900000000116e-09,3.498499999999999943e+01,6.307000000000000000e+07,6.970000000000000000e+07
6.038464037688904256e+07,-1.656050270000000049e-09,3.499000000000000199e+01,6.307000000000000000e+07,6.970000000000000000e+07
6.041906761971542239e+07,-1.655106640000000217e-09,3.499499999999999744e+01,6.307000000000000000e+07,6.970000000000000000e+07
6.043147371225454658e+07,-1.654766860000000141e-09,3.500000000000000000e+01,6.307000000000000000e+07,6.970000000000000000e+07
6.042915809124037623e+07,-1.654830270000000130e-09,3.500500000000000256e+01,6.307000000000000000e+07,6.970000000000000000e+07
6.047375392817095667e+07,-1.653609930000000143e-09,3.500999999999999801e+01,6.307000000000000000e+07,6.970000000000000000e+07
6.050671993984857202e+07,-1.652708990000000229e-09,3.501500000000000057e+01,6.307000000000000000e+07,6.970000000000000000e+07
6.050377073112544417e+07,-1.652789550000000102e-09,3.502000000000000313e+01,6.307000000000000000e+07,6.970000000000000000e+07
6.052919732969877124e+07,-1.652095260000000094e-09,3.502499999999999858e+01,6.307000000000000000e+07,6.970000000000000000e+07
6.055779457571601123e+07,-1.651315090000000090e-09,3.503000000000000114e+01,6.307000000000000000e+07,6.970000000000000000e+07
6.055823098119249940e+07,-1.651303190000000019e-09,3.503500000000000369e+01,6.307000000000000000e+07,6.970000000000000000e+07
6.058536684784962982e+07,-1.650563580000000165e-09,3.503999999999999915e+01,6.307000000000000000e+07,6.970000000000000000e+07
6.065792901735144109e+07,-1.648589090000000073e-09,3.504500000000000171e+01,6.307000000000000000e+07,6.970000000000000000e+07
6.069997929280906171e+07,-1.647447020000000097e-09,3.504999999999999716e+01,6.307000000000000000e+07,6.970000000000000000e+07
6.071591188156418502e+07,-1.647014710000000180e-09,3.505499999999999972e+01,6.307000000000000000e+07,6.970000000000000000e+07
6.071823220421323925e+07,-1.646951770000000217e-09,3.506000000000000227e+01,6.307000000000000000e+07,6.970000000000000000e+07
6.072051804657211155e+07,-1.646889770000000099e-09,3.506499999999999773e+01,6.307000000000000000e+07,6.970000000000000000e+07
6.068359437959229201e+07,-1.647891840000000114e-09,3.507000000000000028e+01,6.307000000000000000e+07,6.970000000000000000e+07
6.065667694870128483e+07,-1.648623120000000291e-09,3.507500000000000284e+01,6.307000000000000000e+07,6.970000000000000000e+07
6.065475976126601547e+07,-1.648675230000000194e-09,3.507999999999999829e+01,6.307000000000000000e+07,6.970000000000000000e+07
6.063073290484502912e+07,-1.649328570000000176e-09,3.508500000000000085e+01,6.307000000000000000e+07,6.970000000000000000e+07
6.059280987661346793e+07,-1.650360830000000054e-09,3.509000000000000341e+01,6.307000000000000000e+07,6.970000000000000000e+07
6.052076044553375244e+07,-1.652325569999999933e-09,3.509499999999999886e+01,6.307000000000000000e+07,6.970000000000000000e+07
6.038575580212911963e+07,-1.656019680000000059e-09,3.510000000000000142e+01,6.307000000000000000e+07,6.970000000000000000e+07
6.022439235199119896e+07,-1.660456769999999955e-09,3.510500000000000398e+01,6.307000000000000000e+07,6.970000000000000000e+07
6.010887785524983704e+07,-1.663647760000000091e-09,3.510999999999999943e+01,6.307000000000000000e+07,6.970000000000000000e+07
6.003643527205651999e+07,-1.665655190000000095e-09,3.511500000000000199e+01,6.307000000000000000e+07,6.970000000000000000e+07
5.998361535549841076e+07,-1.667121920000000207e-09,3.511999999999999744e+01,6.307000000000000000e+07,6.970000000000000000e+07
5.998895315425454825e+07,-1.666973580000000111e-09,3.512500000000000000e+01,6.307000000000000000e+07,6.970000000000000000e+07
6.001318597719654441e+07,-1.666300469999999948e-09,3.513000000000000256e+01,6.307000000000000000e+07,6.970000000000000000e+07
6.001661812142488360e+07,-1.666205180000000013e-09,3.513499999999999801e+01,6.307000000000000000e+07,6.970000000000000000e+07
6.004786042657868564e+07,-1.665338269999999904e-09,3.514000000000000057e+01,6.307000000000000000e+07,6.970000000000000000e+07
6.012638578316899389e+07,-1.663163330000000021e-09,3.514500000000000313e+01,6.307000000000000000e+07,6.970000000000000000e+07
6.018701960752260685e+07,-1.661487820000000234e-09,3.514999999999999858e+01,6.307000000000000000e+07,6.970000000000000000e+07
6.023236405264812708e+07,-1.660237009999999964e-09,3.515500000000000114e+01,6.307000000000000000e+07,6.970000000000000000e+07
6.030902222369375825e+07,-1.658126700000000128e-09,3.516000000000000369e+01,6.307000000000000000e+07,6.970000000000000000e+07
6.035261801660234481e+07,-1.656928950000000064e-09,3.516499999999999915e+01,6.307000000000000000e+07,6.970000000000000000e+07
6.038258794168413430e+07,-1.656106560000000167e-09,3.517000000000000171e+01,6.307000000000000000e+07,6.970000000000000000e+07
6.045214322101725638e+07,-1.654201070000000150e-09,3.517500000000000426e+01,6.307000000000000000e+07,6.970000000000000000e+07
6.053769813526999950e+07,-1.651863270000000010e-09,3.517999999999999972e+01,6.307000000000000000e+07,6.970000000000000000e+07
6.058486104522843659e+07,-1.650577360000000132e-09,3.518500000000000227e+01,6.307000000000000000e+07,6.970000000000000000e+07
6.064334707612650096e+07,-1.648985500000000127e-09,3.518999999999999773e+01,6.307000000000000000e+07,6.970000000000000000e+07
6.072526356236974150e+07,-1.646761070000000019e-09,3.519500000000000028e+01,6.307000000000000000e+07,6.970000000000000000e+07
6.076883010163579881e+07,-1.645580470000000251e-09,3.520000000000000284e+01,6.307000000000000000e+07,6.970000000000000000e+07
6.079236525706598163e+07,-1.644943400000000162e-09,3.520499999999999829e+01,6.307000000000000000e+07,6.970000000000000000e+07
6.085740389715234935e+07,-1.643185440000000148e-09,3.521000000000000085e+01,6.307000000000000000e+07,6.970000000000000000e+07
6.087699533407660574e+07,-1.642656630000000075e-09,3.521500000000000341e+01,6.307000000000000000e+07,6.970000000000000000e+07
6.087890435894902796e+07,-1.642605120000000158e-09,3.521999999999999886e+01,6.307000000000000000e+07,6.970000000000000000e+07
6.092495808332421631e+07,-1.641363460000000117e-09,3.522500000000000142e+01,6.307000000000000000e+07,6.970000000000000000e+07
6.097641880906907469e+07,-1.639978240000000180e-09,3.523000000000000398e+01,6.307000000000000000e+07,6.970000000000000000e+07
6.099608696073047072e+07,-1.639449430000000107e-09,3.523499999999999943e+01,6.307000000000000000e+07,6.970000000000000000e+07
6.102639897664587200e+07,-1.638635110000000178e-09,3.524000000000000199e+01,6.307000000000000000e+07,6.970000000000000000e+07
6.108568355053986609e+07,-1.637044790000000208e-09,3.524499999999999744e+01,6.307000000000000000e+07,6.970000000000000000e+07
6.111951079943556339e+07,-1.636138750000000116e-09,3.525000000000000000e+01,6.307000000000000000e+07,6.970000000000000000e+07
6.116303642230683565e+07,-1.634974420000000241e-09,3.525500000000000256e+01,6.307000000000000000e+07,6.970000000000000000e+07
6.128606928789718449e+07,-1.631692179999999969e-09,3.525999999999999801e+01,6.307000000000000000e+07,6.970000000000000000e+07
6.141269476429694891e+07,-1.628327829999999950e-09,3.526500000000000057e+01,6.307000000000000000e+07,6.970000000000000000e+07
6.152248651496308297e+07,-1.625421950000000164e-09,3.527000000000000313e+01,6.307000000000000000e+07,6.970000000000000000e+07
6.167264945843920857e+07,-1.621464310000000074e-09,3.527499999999999858e+01,6.307000000000000000e+07,6.970000000000000000e+07
6.183591206297631562e+07,-1.617183230000000112e-09,3.528000000000000114e+01,6.307000000000000000e+07,6.970000000000000000e+07
6.195281070516318083e+07,-1.614131770000000118e-09,3.528500000000000369e+01,6.307000000000000000e+07,6.970000000000000000e+07
6.205622777033443749e+07,-1.611441810000000174e-09,3.528999999999999915e+01,6.307000000000000000e+07,6.970000000000000000e+07
6.215404128311200440e+07,-1.608905840000000059e-09,3.529500000000000171e+01,6.307000000000000000e+07,6.970000000000000000e+07
6.219083884539548308e+07,-1.607953870000000091e-09,3.530000000000000426e+01,6.307000000000000000e+07,6.970000000000000000e+07
6.213663389711081982e+07,-1.609356570000000140e-09,3.530499999999999972e+01,6.307000000000000000e+07,6.970000000000000000e+07
6.205373936981437355e+07,-1.611506429999999969e-09,3.531000000000000227e+01,6.307000000000000000e+07,6.970000000000000000e+07
6.194815000553723425e+07,-1.614253210000000117e-09,3.531499999999999773e+01,6.307000000000000000e+07,6.970000000000000000e+07
6.184625761275634915e+07,-1.616912710000000029e-09,3.532000000000000028e+01,6.307000000000000000e+07,6.970000000000000000e+07
6.180629082722701132e+07,-1.617958280000000263e-09,3.532500000000000284e+01,6.307000000000000000e+07,6.970000000000000000e+07
6.179642567867167294e+07,-1.618216570000000046e-09,3.532999999999999829e+01,6.307000000000000000e+07,6.970000000000000000e+07
6.177767801369197667e+07,-1.618707649999999961e-09,3.533500000000000085e+01,6.307000000000000000e+07,6.970000000000000000e+07
6.179788449403139204e+07,-1.618178370000000276e-09,3.534000000000000341e+01,6.307000000000000000e+07,6.970000000000000000e+07
6.184259543082415313e+07,-1.617008460000000153e-09,3.534499999999999886e+01,6.307000000000000000e+07,6.970000000000000000e+07
6.181983613947685063e+07,-1.617603770000000124e-09,3.535000000000000142e+01,6.307000000000000000e+07,6.970000000000000000e+07
6.183636708424703777e+07,-1.617171330000000041e-09,3.535500000000000398e+01,6.307000000000000000e+07,6.970000000000000000e+07
6.192222922204861790e+07,-1.614928940000000164e-09,3.535999999999999943e+01,6.307000000000000000e+07,6.970000000000000000e+07
6.198127598956253380e+07,-1.613390469999999973e-09,3.536500000000000199e+01,6.307000000000000000e+07,6.970000000000000000e+07
6.200511854733812809e+07,-1.612770080000000154e-09,3.536999999999999744e+01,6.307000000000000000e+07,6.970000000000000000e+07
6.206944251020544022e+07,-1.611098730000000080e-09,3.537500000000000000e+01,6.307000000000000000e+07,6.970000000000000000e+07
6.214156705285434425e+07,-1.609228810000000111e-09,3.538000000000000256e+01,6.307000000000000000e+07,6.970000000000000000e+07
6.213408422291271389e+07,-1.609422610000000057e-09,3.538499999999999801e+01,6.307000000000000000e+07,6.970000000000000000e+07
6.213752424753773212e+07,-1.609333509999999986e-09,3.539000000000000057e+01,6.307000000000000000e+07,6.970000000000000000e+07
6.217604918274712563e+07,-1.608336350000000129e-09,3.539500000000000313e+01,6.307000000000000000e+07,6.970000000000000000e+07
6.216684824877760559e+07,-1.608574390000000075e-09,3.539999999999999858e+01,6.307000000000000000e+07,6.970000000000000000e+07
6.209449114936791360e+07,-1.610448820000000075e-09,3.540500000000000114e+01,6.307000000000000000e+07,6.970000000000000000e+07
6.204620029565759003e+07,-1.611702240000000184e-09,3.541000000000000369e+01,6.307000000000000000e+07,6.970000000000000000e+07
6.197187183498030156e+07,-1.613635300000000180e-09,3.541499999999999915e+01,6.307000000000000000e+07,6.970000000000000000e+07
6.184962988099110126e+07,-1.616824550000000216e-09,3.542000000000000171e+01,6.307000000000000000e+07,6.970000000000000000e+07
6.177366448086320609e+07,-1.618812820000000068e-09,3.542500000000000426e+01,6.307000000000000000e+07,6.970000000000000000e+07
6.171083033094716072e+07,-1.620461100000000150e-09,3.542999999999999972e+01,6.307000000000000000e+07,6.970000000000000000e+07
6.159775838365510851e+07,-1.623435700000000005e-09,3.543500000000000227e+01,6.307000000000000000e+07,6.970000000000000000e+07
6.153397504900688678e+07,-1.625118480000000124e-09,3.543999999999999773e+01,6.307000000000000000e+07,6.970000000000000000e+07
6.145327406451831758e+07,-1.627252600000000147e-09,3.544500000000000028e+01,6.307000000000000000e+07,6.970000000000000000e+07
6.127674084800317883e+07,-1.631940580000000156e-09,3.545000000000000284e+01,6.307000000000000000e+07,6.970000000000000000e+07
6.114061859265423566e+07,-1.635573900000000177e-09,3.545499999999999829e+01,6.307000000000000000e+07,6.970000000000000000e+07
6.111978200480696559e+07,-1.636131490000000035e-09,3.546000000000000085e+01,6.307000000000000000e+07,6.970000000000000000e+07
6.110315252733301371e+07,-1.636576770000000034e-09,3.546500000000000341e+01,6.307000000000000000e+07,6.970000000000000000e+07
6.100517978510156274e+07,-1.639205070000000133e-09,3.546999999999999886e+01,6.307000000000000000e+07,6.970000000000000000e+07
6.085561102578309178e+07,-1.643233850000000112e-09,3.547500000000000142e+01,6.307000000000000000e+07,6.970000000000000000e+07
6.068579327919768542e+07,-1.647832130000000064e-09,3.548000000000000398e+01,6.307000000000000000e+07,6.970000000000000000e+07
6.050901917487856001e+07,-1.652646190000000063e-09,3.548499999999999943e+01,6.307000000000000000e+07,6.970000000000000000e+07
6.039170737792444229e+07,-1.655856480000000147e-09,3.549000000000000199e+01,6.307000000000000000e+07,6.970000000000000000e+07
6.033608733180433512e+07,-1.657382910000000058e-09,3.549499999999999744e+01,6.307000000000000000e+07,6.970000000000000000e+07
6.026859628068871796e+07,-1.659238910000000056e-09,3.550000000000000000e+01,6.307000000000000000e+07,6.970000000000000000e+07
6.016331295202840865e+07,-1.662142510000000026e-09,3.550500000000000256e+01,6.307000000000000000e+07,6.970000000000000000e+07
6.002575561111459881e+07,-1.665951540000000058e-09,3.550999999999999801e+01,6.307000000000000000e+07,6.970000000000000000e+07
5.987486727538170666e+07,-1.670149840000000184e-09,3.551500000000000057e+01,6.307000000000000000e+07,6.970000000000000000e+07
5.974908634087131172e+07,-1.673665760000000004e-09,3.552000000000000313e+01,6.307000000000000000e+07,6.970000000000000000e+07
5.966158659393648803e+07,-1.676120360000000154e-09,3.552499999999999858e+01,6.307000000000000000e+07,6.970000000000000000e+07
5.953089370015984029e+07,-1.679800080000000077e-09,3.553000000000000114e+01,6.307000000000000000e+07,6.970000000000000000e+07
5.940785776209495217e+07,-1.683279009999999935e-09,3.553500000000000369e+01,6.307000000000000000e+07,6.970000000000000000e+07
5.935339215646228194e+07,-1.684823670000000197e-09,3.553999999999999915e+01,6.307000000000000000e+07,6.970000000000000000e+07
5.936419369465471804e+07,-1.684517110000000247e-09,3.554500000000000171e+01,6.307000000000000000e+07,6.970000000000000000e+07
5.936721753290136158e+07,-1.684431309999999987e-09,3.555000000000000426e+01,6.307000000000000000e+07,6.970000000000000000e+07
5.937034143194661289e+07,-1.684342680000000148e-09,3.555499999999999972e+01,6.307000000000000000e+07,6.970000000000000000e+07
5.941573548395004123e+07,-1.683055830000000219e-09,3.556000000000000227e+01,6.307000000000000000e+07,6.970000000000000000e+07
5.946229259663833678e+07,-1.681738050000000232e-09,3.556499999999999773e+01,6.307000000000000000e+07,6.970000000000000000e+07
5.951153491549787670e+07,-1.680346510000000059e-09,3.557000000000000028e+01,6.307000000000000000e+07,6.970000000000000000e+07
5.961048494303827733e+07,-1.677557230000000012e-09,3.557500000000000284e+01,6.307000000000000000e+07,6.970000000000000000e+07
5.966558881377130747e+07,-1.676007929999999966e-09,3.557999999999999829e+01,6.307000000000000000e+07,6.970000000000000000e+07
5.966215362845858186e+07,-1.676104430000000122e-09,3.558500000000000085e+01,6.307000000000000000e+07,6.970000000000000000e+07
5.968861476322200894e+07,-1.675361380000000039e-09,3.559000000000000341e+01,6.307000000000000000e+07,6.970000000000000000e+07
5.971326728062693775e+07,-1.674669710000000123e-09,3.559499999999999886e+01,6.307000000000000000e+07,6.970000000000000000e+07
5.962585064921699464e+07,-1.677124920000000095e-09,3.560000000000000142e+01,6.307000000000000000e+07,6.970000000000000000e+07
5.955041508961783350e+07,-1.679249420000000277e-09,3.560500000000000398e+01,6.307000000000000000e+07,6.970000000000000000e+07
5.954095412890467793e+07,-1.679516250000000052e-09,3.560999999999999943e+01,6.307000000000000000e+07,6.970000000000000000e+07
5.955694232704626024e+07,-1.679065379999999968e-09,3.561500000000000199e+01,6.307000000000000000e+07,6.970000000000000000e+07
5.954751297846976668e+07,-1.679331260000000268e-09,3.561999999999999744e+01,6.307000000000000000e+07,6.970000000000000000e+07
5.949928448540449142e+07,-1.680692480000000205e-09,3.562500000000000000e+01,6.307000000000000000e+07,6.970000000000000000e+07
5.944414764311771840e+07,-1.682251390000000047e-09,3.563000000000000256e+01,6.307000000000000000e+07,6.970000000000000000e+07
5.945635381306052953e+07,-1.681906030000000136e-09,3.563499999999999801e+01,6.307000000000000000e+07,6.970000000000000000e+07
5.958783452386847138e+07,-1.678194900000000086e-09,3.564000000000000057e+01,6.307000000000000000e+07,6.970000000000000000e+07
5.980206354196499288e+07,-1.672183100000000067e-09,3.564500000000000313e+01,6.307000000000000000e+07,6.970000000000000000e+07
6.002497555197751522e+07,-1.665973190000000135e-09,3.564999999999999858e+01,6.307000000000000000e+07,6.970000000000000000e+07
6.027140999448847771e+07,-1.659161450000000138e-09,3.565500000000000114e+01,6.307000000000000000e+07,6.970000000000000000e+07
6.055120341762617975e+07,-1.651494840000000107e-09,3.566000000000000369e+01,6.307000000000000000e+07,6.970000000000000000e+07
6.074499840717502683e+07,-1.646226070000000082e-09,3.566499999999999915e+01,6.307000000000000000e+07,6.970000000000000000e+07
6.087882949297298491e+07,-1.642607140000000057e-09,3.567000000000000171e+01,6.307000000000000000e+07,6.970000000000000000e+07
6.105351254900001734e+07,-1.637907400000000187e-09,3.567500000000000426e+01,6.307000000000000000e+07,6.970000000000000000e+07
6.124253497134005278e+07,-1.632852070000000124e-09,3.567999999999999972e+01,6.307000000000000000e+07,6.970000000000000000e+07
6.142694837941551208e+07,-1.627949990000000109e-09,3.568500000000000227e+01,6.307000000000000000e+07,6.970000000000000000e+07
6.167815135432236642e+07,-1.621319670000000123e-09,3.568999999999999773e+01,6.307000000000000000e+07,6.970000000000000000e+07
6.196703739045800269e+07,-1.613761190000000150e-09,3.569500000000000028e+01,6.307000000000000000e+07,6.970000000000000000e+07
6.222593829994554818e+07,-1.607046880000000110e-09,3.570000000000000284e+01,6.307000000000000000e+07,6.970000000000000000e+07
6.247930607283735275e+07,-1.600529939999999995e-09,3.570499999999999829e+01,6.307000000000000000e+07,6.970000000000000000e+07
6.276343618616122007e+07,-1.593284340000000208e-09,3.571000000000000085e+01,6.307000000000000000e+07,6.970000000000000000e+07
6.302182901586642861e+07,-1.586751790000000246e-09,3.571500000000000341e+01,6.307000000000000000e+07,6.970000000000000000e+07
6.325602133908987045e+07,-1.580877170000000033e-09,3.571999999999999886e+01,6.307000000000000000e+07,6.970000000000000000e+07
6.352441213937287033e+07,-1.574197960000000014e-09,3.572500000000000142e+01,6.307000000000000000e+07,6.970000000000000000e+07
6.378842369855524600e+07,-1.567682570000000187e-09,3.573000000000000398e+01,6.307000000000000000e+07,6.970000000000000000e+07
6.400802384104304016e+07,-1.562304130000000068e-09,3.573499999999999943e+01,6.307000000000000000e+07,6.970000000000000000e+07
6.423992594781080633e+07,-1.556664310000000050e-09,3.574000000000000199e+01,6.307000000000000000e+07,6.970000000000000000e+07
6.442744278678790480e+07,-1.552133620000000094e-09,3.574499999999999744e+01,6.307000000000000000e+07,6.970000000000000000e+07
6.449612150315976888e+07,-1.550480829999999981e-09,3.575000000000000000e+01,6.307000000000000000e+07,6.970000000000000000e+07
6.450885659509584308e+07,-1.550174740000000264e-09,3.575500000000000256e+01,6.307000000000000000e+07,6.970000000000000000e+07
6.451571862904149294e+07,-1.550009860000000107e-09,3.575999999999999801e+01,6.307000000000000000e+07,6.970000000000000000e+07
6.446980518959109485e+07,-1.551113730000000106e-09,3.576500000000000057e+01,6.307000000000000000e+07,6.970000000000000000e+07
6.438981656764274836e+07,-1.553040610000000076e-09,3.577000000000000313e+01,6.307000000000000000e+07,6.970000000000000000e+07
6.434262312983983755e+07,-1.554179720000000100e-09,3.577499999999999858e+01,6.307000000000000000e+07,6.970000000000000000e+07
6.429776717773360759e+07,-1.555263960000000129e-09,3.578000000000000114e+01,6.307000000000000000e+07,6.970000000000000000e+07
6.420934053148292750e+07,-1.557405810000000052e-09,3.578500000000000369e+01,6.307000000000000000e+07,6.970000000000000000e+07
6.415006105449985713e+07,-1.558844970000000184e-09,3.578999999999999915e+01,6.307000000000000000e+07,6.970000000000000000e+07
6.410369372470545024e+07,-1.559972509999999953e-09,3.579500000000000171e+01,6.307000000000000000e+07,6.970000000000000000e+07
6.400365220200340450e+07,-1.562410840000000211e-09,3.580000000000000426e+01,6.307000000000000000e+07,6.970000000000000000e+07
6.390013829523530602e+07,-1.564941840000000106e-09,3.580499999999999972e+01,6.307000000000000000e+07,6.970000000000000000e+07
6.384509565789376199e+07,-1.566291020000000176e-09,3.581000000000000227e+01,6.307000000000000000e+07,6.970000000000000000e+07
6.376977458462393284e+07,-1.568141030000000168e-09,3.581499999999999773e+01,6.307000000000000000e+07,6.970000000000000000e+07
6.367513617930755019e+07,-1.570471710000000231e-09,3.582000000000000028e+01,6.307000000000000000e+07,6.970000000000000000e+07
6.364662781230978668e+07,-1.571175150000000053e-09,3.582500000000000284e+01,6.307000000000000000e+07,6.970000000000000000e+07
6.362706760610081255e+07,-1.571658160000000002e-09,3.582999999999999829e+01,6.307000000000000000e+07,6.970000000000000000e+07
6.356705647468928993e+07,-1.573141899999999994e-09,3.583500000000000085e+01,6.307000000000000000e+07,6.970000000000000000e+07
6.351369000432534516e+07,-1.574463710000000148e-09,3.584000000000000341e+01,6.307000000000000000e+07,6.970000000000000000e+07
6.342746211850323528e+07,-1.576604150000000201e-09,3.584499999999999886e+01,6.307000000000000000e+07,6.970000000000000000e+07
6.330594281436178088e+07,-1.579630530000000141e-09,3.585000000000000142e+01,6.307000000000000000e+07,6.970000000000000000e+07
6.322368836831571907e+07,-1.581685639999999959e-09,3.585500000000000398e+01,6.307000000000000000e+07,6.970000000000000000e+07
6.320630238131450117e+07,-1.582120710000000177e-09,3.585999999999999943e+01,6.307000000000000000e+07,6.970000000000000000e+07
6.317608918452265859e+07,-1.582877340000000163e-09,3.586500000000000199e+01,6.307000000000000000e+07,6.970000000000000000e+07
6.308382463173665851e+07,-1.585192410000000171e-09,3.586999999999999744e+01,6.307000000000000000e+07,6.970000000000000000e+07
6.305102298740047961e+07,-1.586017089999999930e-09,3.587500000000000000e+01,6.307000000000000000e+07,6.970000000000000000e+07
6.302480955872076750e+07,-1.586676750000000148e-09,3.588000000000000256e+01,6.307000000000000000e+07,6.970000000000000000e+07
6.296147693219296634e+07,-1.588272780000000117e-09,3.588499999999999801e+01,6.307000000000000000e+07,6.970000000000000000e+07
6.293398449700588733e+07,-1.588966610000000144e-09,3.589000000000000057e+01,6.307000000000000000e+07,6.970000000000000000e+07
6.291625433188635111e+07,-1.589414390000000112e-09,3.589500000000000313e+01,6.307000000000000000e+07,6.970000000000000000e+07
6.286951320626306534e+07,-1.590596060000000096e-09,3.589999999999999858e+01,6.307000000000000000e+07,6.970000000000000000e+07
6.284976088337099552e+07,-1.591095949999999966e-09,3.590500000000000114e+01,6.307000000000000000e+07,6.970000000000000000e+07
6.290903652136933804e+07,-1.589596749999999968e-09,3.591000000000000369e+01,6.307000000000000000e+07,6.970000000000000000e+07
6.302127059263344109e+07,-1.586765850000000013e-09,3.591499999999999915e+01,6.307000000000000000e+07,6.970000000000000000e+07
6.317298975649971515e+07,-1.582954999999999938e-09,3.592000000000000171e+01,6.307000000000000000e+07,6.970000000000000000e+07
6.338968412128031254e+07,-1.577543750000000072e-09,3.592500000000000426e+01,6.307000000000000000e+07,6.970000000000000000e+07
6.353565338769816607e+07,-1.573919440000000069e-09,3.592999999999999972e+01,6.307000000000000000e+07,6.970000000000000000e+07
6.357311901699072868e+07,-1.572991880000000065e-09,3.593500000000000227e+01,6.307000000000000000e+07,6.970000000000000000e+07
6.358065900259469450e+07,-1.572805339999999993e-09,3.593999999999999773e+01,6.307000000000000000e+07,6.970000000000000000e+07
6.358482385910131782e+07,-1.572702320000000158e-09,3.594500000000000028e+01,6.307000000000000000e+07,6.970000000000000000e+07
6.353777074897542596e+07,-1.573866990000000100e-09,3.595000000000000284e+01,6.307000000000000000e+07,6.970000000000000000e+07
6.348268377438656986e+07,-1.575232710000000231e-09,3.595499999999999829e+01,6.307000000000000000e+07,6.970000000000000000e+07
6.347262595749090612e+07,-1.575482320000000225e-09,3.596000000000000085e+01,6.307000000000000000e+07,6.970000000000000000e+07
6.344146499640007317e+07,-1.576256160000000155e-09,3.596500000000000341e+01,6.307000000000000000e+07,6.970000000000000000e+07
6.337852418581207097e+07,-1.577821530000000029e-09,3.596999999999999886e+01,6.307000000000000000e+07,6.970000000000000000e+07
6.328938956928076595e+07,-1.580043680000000113e-09,3.597500000000000142e+01,6.307000000000000000e+07,6.970000000000000000e+07
6.319899909975553304e+07,-1.582303540000000266e-09,3.598000000000000398e+01,6.307000000000000000e+07,6.970000000000000000e+07
6.300864873724903166e+07,-1.587083710000000049e-09,3.598499999999999943e+01,6.307000000000000000e+07,6.970000000000000000e+07
6.276682963864759356e+07,-1.593198200000000087e-09,3.599000000000000199e+01,6.307000000000000000e+07,6.970000000000000000e+07
6.250428740346407890e+07,-1.599890250000000228e-09,3.599499999999999744e+01,6.307000000000000000e+07,6.970000000000000000e+07
6.226949545194813609e+07,-1.605922760000000066e-09,3.600000000000000000e+01,6.307000000000000000e+07,6.970000000000000000e+07
6.212607905000577122e+07,-1.609629990000000114e-09,3.600500000000000256e+01,6.307000000000000000e+07,6.970000000000000000e+07
6.206900215935575962e+07,-1.611110160000000126e-09,3.600999999999999801e+01,6.307000000000000000e+07,6.970000000000000000e+07
6.195847403044328094e+07,-1.613984230000000070e-09,3.601500000000000057e+01,6.307000000000000000e+07,6.970000000000000000e+07
6.175957259016046673e+07,-1.619182190000000229e-09,3.602000000000000313e+01,6.307000000000000000e+07,6.970000000000000000e+07
6.163205578874523193e+07,-1.622532280000000003e-09,3.602499999999999858e+01,6.307000000000000000e+07,6.970000000000000000e+07
6.149754618026011437e+07,-1.626081139999999943e-09,3.603000000000000114e+01,6.307000000000000000e+07,6.970000000000000000e+07
6.130462344634313136e+07,-1.631198340000000166e-09,3.603500000000000369e+01,6.307000000000000000e+07,6.970000000000000000e+07
6.117512608851119876e+07,-1.634651309999999979e-09,3.603999999999999915e+01,6.307000000000000000e+07,6.970000000000000000e+07
6.101584263540701568e+07,-1.638918609999999973e-09,3.604500000000000171e+01,6.307000000000000000e+07,6.970000000000000000e+07
6.081214855481114984e+07,-1.644408270000000060e-09,3.605000000000000426e+01,6.307000000000000000e+07,6.970000000000000000e+07
6.057869115339750797e+07,-1.650745469999999995e-09,3.605499999999999972e+01,6.307000000000000000e+07,6.970000000000000000e+07
6.042235942219958454e+07,-1.655016470000000135e-09,3.606000000000000227e+01,6.307000000000000000e+07,6.970000000000000000e+07
6.029956086181507260e+07,-1.658386870000000014e-09,3.606499999999999773e+01,6.307000000000000000e+07,6.970000000000000000e+07
6.017697072222480178e+07,-1.661765270000000168e-09,3.607000000000000028e+01,6.307000000000000000e+07,6.970000000000000000e+07
6.005221035251583904e+07,-1.665217640000000204e-09,3.607500000000000284e+01,6.307000000000000000e+07,6.970000000000000000e+07
5.991667603563757986e+07,-1.668984440000000092e-09,3.607999999999999829e+01,6.307000000000000000e+07,6.970000000000000000e+07
5.976104843588154018e+07,-1.673330750000000291e-09,3.608500000000000085e+01,6.307000000000000000e+07,6.970000000000000000e+07
5.958899243290707469e+07,-1.678162289999999989e-09,3.609000000000000341e+01,6.307000000000000000e+07,6.970000000000000000e+07
5.943717453503412753e+07,-1.682448750000000135e-09,3.609499999999999886e+01,6.307000000000000000e+07,6.970000000000000000e+07
5.929515821709278226e+07,-1.686478340000000207e-09,3.610000000000000142e+01,6.307000000000000000e+07,6.970000000000000000e+07
5.912287898149725795e+07,-1.691392600000000093e-09,3.610500000000000398e+01,6.307000000000000000e+07,6.970000000000000000e+07
5.901179090989454091e+07,-1.694576600000000110e-09,3.610999999999999943e+01,6.307000000000000000e+07,6.970000000000000000e+07
5.890871904298214614e+07,-1.697541580000000124e-09,3.611500000000000199e+01,6.307000000000000000e+07,6.970000000000000000e+07
5.884776049639403820e+07,-1.699300010000000163e-09,3.611999999999999744e+01,6.307000000000000000e+07,6.970000000000000000e+07
5.886227879614491016e+07,-1.698880880000000022e-09,3.612500000000000000e+01,6.307000000000000000e+07,6.970000000000000000e+07
5.888022656734349579e+07,-1.698363030000000176e-09,3.613000000000000256e+01,6.307000000000000000e+07,6.970000000000000000e+07
5.880501102197022736e+07,-1.700535350000000175e-09,3.613499999999999801e+01,6.307000000000000000e+07,6.970000000000000000e+07
5.875862290870496631e+07,-1.701877869999999942e-09,3.614000000000000057e+01,6.307000000000000000e+07,6.970000000000000000e+07
5.876273486892190576e+07,-1.701758780000000071e-09,3.614500000000000313e+01,6.307000000000000000e+07,6.970000000000000000e+07
5.876723282254793495e+07,-1.701628530000000117e-09,3.614999999999999858e+01,6.307000000000000000e+07,6.970000000000000000e+07
5.879056277660114318e+07,-1.700953270000000095e-09,3.615500000000000114e+01,6.307000000000000000e+07,6.970000000000000000e+07
5.880139552881597728e+07,-1.700639910000000046e-09,3.616000000000000369e+01,6.307000000000000000e+07,6.970000000000000000e+07
5.877462581149171293e+07,-1.701414489999999964e-09,3.616499999999999915e+01,6.307000000000000000e+07,6.970000000000000000e+07
5.869321597163079679e+07,-1.703774420000000045e-09,3.617000000000000171e+01,6.307000000000000000e+07,6.970000000000000000e+07
5.859063645695953071e+07,-1.706757360000000035e-09,3.617500000000000426e+01,6.307000000000000000e+07,6.970000000000000000e+07
5.850368392139802873e+07,-1.709294070000000138e-09,3.617999999999999972e+01,6.307000000000000000e+07,6.970000000000000000e+07
5.837275508161392063e+07,-1.713127980000000160e-09,3.618500000000000227e+01,6.307000000000000000e+07,6.970000000000000000e+07
5.829950873569166660e+07,-1.715280320000000077e-09,3.618999999999999773e+01,6.307000000000000000e+07,6.970000000000000000e+07
5.829247468051789701e+07,-1.715487300000000005e-09,3.619500000000000028e+01,6.307000000000000000e+07,6.970000000000000000e+07
5.824946245648561418e+07,-1.716754040000000100e-09,3.620000000000000284e+01,6.307000000000000000e+07,6.970000000000000000e+07
5.814425504786763340e+07,-1.719860370000000091e-09,3.620499999999999829e+01,6.307000000000000000e+07,6.970000000000000000e+07
5.801788419846140593e+07,-1.723606460000000160e-09,3.621000000000000085e+01,6.307000000000000000e+07,6.970000000000000000e+07
5.783523211991121620e+07,-1.729049860000000142e-09,3.621500000000000341e+01,6.307000000000000000e+07,6.970000000000000000e+07
5.765163479656430334e+07,-1.734556190000000042e-09,3.621999999999999886e+01,6.307000000000000000e+07,6.970000000000000000e+07
5.758514461743187904e+07,-1.736558980000000262e-09,3.622500000000000142e+01,6.307000000000000000e+07,6.970000000000000000e+07
5.749956803449513763e+07,-1.739143500000000137e-09,3.623000000000000398e+01,6.307000000000000000e+07,6.970000000000000000e+07
5.742181395567708462e+07,-1.741498449999999954e-09,3.623499999999999943e+01,6.307000000000000000e+07,6.970000000000000000e+07
5.740975476470249891e+07,-1.741864260000000180e-09,3.624000000000000199e+01,6.307000000000000000e+07,6.970000000000000000e+07
5.746001079167955369e+07,-1.740340779999999969e-09,3.624499999999999744e+01,6.307000000000000000e+07,6.970000000000000000e+07
5.750544904383505136e+07,-1.738965640000000061e-09,3.625000000000000000e+01,6.307000000000000000e+07,6.970000000000000000e+07
5.756618372629775852e+07,-1.737130960000000117e-09,3.625500000000000256e+01,6.307000000000000000e+07,6.970000000000000000e+07
5.757499167134564370e+07,-1.736865209999999983e-09,3.625999999999999801e+01,6.307000000000000000e+07,6.970000000000000000e+07
5.750009041889218241e+07,-1.739127700000000064e-09,3.626500000000000057e+01,6.307000000000000000e+07,6.970000000000000000e+07
5.744900320923919976e+07,-1.740674240000000015e-09,3.627000000000000313e+01,6.307000000000000000e+07,6.970000000000000000e+07
5.748348059853777289e+07,-1.739630220000000069e-09,3.627499999999999858e+01,6.307000000000000000e+07,6.970000000000000000e+07
5.754088487017211318e+07,-1.737894720000000019e-09,3.628000000000000114e+01,6.307000000000000000e+07,6.970000000000000000e+07
5.759180799379593879e+07,-1.736358060000000032e-09,3.628500000000000369e+01,6.307000000000000000e+07,6.970000000000000000e+07
5.764370385145946592e+07,-1.734794840000000016e-09,3.628999999999999915e+01,6.307000000000000000e+07,6.970000000000000000e+07
5.770141974516387284e+07,-1.733059610000000134e-09,3.629500000000000171e+01,6.307000000000000000e+07,6.970000000000000000e+07
5.770794454769742489e+07,-1.732863660000000123e-09,3.630000000000000426e+01,6.307000000000000000e+07,6.970000000000000000e+07
5.766329706577198952e+07,-1.734205380000000048e-09,3.630499999999999972e+01,6.307000000000000000e+07,6.970000000000000000e+07
5.760126844444456697e+07,-1.736072880000000197e-09,3.631000000000000227e+01,6.307000000000000000e+07,6.970000000000000000e+07
5.752240939330361038e+07,-1.738452910000000068e-09,3.631499999999999773e+01,6.307000000000000000e+07,6.970000000000000000e+07
5.747869728832002729e+07,-1.739774989999999978e-09,3.632000000000000028e+01,6.307000000000000000e+07,6.970000000000000000e+07
5.753740295115898550e+07,-1.737999890000000126e-09,3.632500000000000284e+01,6.307000000000000000e+07,6.970000000000000000e+07
5.764915175902839005e+07,-1.734630900000000117e-09,3.632999999999999829e+01,6.307000000000000000e+07,6.970000000000000000e+07
5.770969129406775534e+07,-1.732811209999999947e-09,3.633500000000000085e+01,6.307000000000000000e+07,6.970000000000000000e+07
5.774683925418317318e+07,-1.731696510000000094e-09,3.634000000000000341e+01,6.307000000000000000e+07,6.970000000000000000e+07
5.772622551319177449e+07,-1.732314890000000057e-09,3.634499999999999886e+01,6.307000000000000000e+07,6.970000000000000000e+07
5.769341252115746588e+07,-1.733300140000000211e-09,3.635000000000000142e+01,6.307000000000000000e+07,6.970000000000000000e+07
5.772061310396562517e+07,-1.732483330000000149e-09,3.635500000000000398e+01,6.307000000000000000e+07,6.970000000000000000e+07
5.780290588271328807e+07,-1.730016830000000135e-09,3.635999999999999943e+01,6.307000000000000000e+07,6.970000000000000000e+07
5.787613219387806952e+07,-1.727827970000000282e-09,3.636500000000000199e+01,6.307000000000000000e+07,6.970000000000000000e+07
5.794912416910662502e+07,-1.725651620000000115e-09,3.636999999999999744e+01,6.307000000000000000e+07,6.970000000000000000e+07
5.805438294248907268e+07,-1.722522829999999954e-09,3.637500000000000000e+01,6.307000000000000000e+07,6.970000000000000000e+07
5.815781199051939696e+07,-1.719459460000000051e-09,3.638000000000000256e+01,6.307000000000000000e+07,6.970000000000000000e+07
5.822960118080313504e+07,-1.717339600000000272e-09,3.638499999999999801e+01,6.307000000000000000e+07,6.970000000000000000e+07
5.831906537959133089e+07,-1.714705120000000147e-09,3.639000000000000057e+01,6.307000000000000000e+07,6.970000000000000000e+07
5.844373486347446591e+07,-1.711047390000000161e-09,3.639500000000000313e+01,6.307000000000000000e+07,6.970000000000000000e+07
5.849881898489316553e+07,-1.709436219999999956e-09,3.639999999999999858e+01,6.307000000000000000e+07,6.970000000000000000e+07
5.852434778199012578e+07,-1.708690550000000196e-09,3.640500000000000114e+01,6.307000000000000000e+07,6.970000000000000000e+07
5.858343279384455085e+07,-1.706967230000000223e-09,3.641000000000000369e+01,6.307000000000000000e+07,6.970000000000000000e+07
5.857443130597171187e+07,-1.707229550000000174e-09,3.641499999999999915e+01,6.307000000000000000e+07,6.970000000000000000e+07
5.854912413203558326e+07,-1.707967479999999990e-09,3.642000000000000171e+01,6.307000000000000000e+07,6.970000000000000000e+07
5.859905882293653488e+07,-1.706512049999999964e-09,3.642500000000000426e+01,6.307000000000000000e+07,6.970000000000000000e+07
5.865748043597054482e+07,-1.704812400000000175e-09,3.642999999999999972e+01,6.307000000000000000e+07,6.970000000000000000e+07
5.864930750387333333e+07,-1.705049970000000094e-09,3.643500000000000227e+01,6.307000000000000000e+07,6.970000000000000000e+07
5.865735794730593264e+07,-1.704815960000000110e-09,3.643999999999999773e+01,6.307000000000000000e+07,6.970000000000000000e+07
5.870560711342886090e+07,-1.703414800000000097e-09,3.644500000000000028e+01,6.307000000000000000e+07,6.970000000000000000e+07
5.872377223097036779e+07,-1.702887880000000172e-09,3.645000000000000284e+01,6.307000000000000000e+07,6.970000000000000000e+07
5.876622266552326828e+07,-1.701657779999999928e-09,3.645499999999999829e+01,6.307000000000000000e+07,6.970000000000000000e+07
5.882660500508990884e+07,-1.699911120000000208e-09,3.646000000000000085e+01,6.307000000000000000e+07,6.970000000000000000e+07
5.884422561819963157e+07,-1.699402090000000154e-09,3.646500000000000341e+01,6.307000000000000000e+07,6.970000000000000000e+07
5.883987651392795891e+07,-1.699527700000000118e-09,3.646999999999999886e+01,6.307000000000000000e+07,6.970000000000000000e+07
5.885887035489768535e+07,-1.698979260000000074e-09,3.647500000000000142e+01,6.307000000000000000e+07,6.970000000000000000e+07
5.880107466490487009e+07,-1.700649190000000233e-09,3.648000000000000398e+01,6.307000000000000000e+07,6.970000000000000000e+07
5.871730324766755104e+07,-1.703075490000000047e-09,3.648499999999999943e+01,6.307000000000000000e+07,6.970000000000000000e+07
5.872250390689626336e+07,-1.702924660000000233e-09,3.649000000000000199e+01,6.307000000000000000e+07,6.970000000000000000e+07
5.872666426991403848e+07,-1.702804020000000282e-09,3.649499999999999744e+01,6.307000000000000000e+07,6.970000000000000000e+07
5.867995716057991236e+07,-1.704159390000000216e-09,3.650000000000000000e+01,6.307000000000000000e+07,6.970000000000000000e+07
5.863362269573381543e+07,-1.705506079999999947e-09,3.650500000000000256e+01,6.307000000000000000e+07,6.970000000000000000e+07
5.863907880962599814e+07,-1.705347390000000067e-09,3.650999999999999801e+01,6.307000000000000000e+07,6.970000000000000000e+07
5.865797555688136816e+07,-1.704798010000000179e-09,3.651500000000000057e+01,6.307000000000000000e+07,6.970000000000000000e+07
5.864150445717948675e+07,-1.705276850000000163e-09,3.652000000000000313e+01,6.307000000000000000e+07,6.970000000000000000e+07
5.861128759621042758e+07,-1.706156000000000203e-09,3.652499999999999858e+01,6.307000000000000000e+07,6.970000000000000000e+07
5.853431960227849334e+07,-1.708399460000000298e-09,3.653000000000000114e+01,6.307000000000000000e+07,6.970000000000000000e+07
5.847212398499336094e+07,-1.710216650000000084e-09,3.653500000000000369e+01,6.307000000000000000e+07,6.970000000000000000e+07
5.848795032417180389e+07,-1.709753880000000135e-09,3.653999999999999915e+01,6.307000000000000000e+07,6.970000000000000000e+07
5.855016386287984997e+07,-1.707937150000000123e-09,3.654500000000000171e+01,6.307000000000000000e+07,6.970000000000000000e+07
5.859157124038115889e+07,-1.706730130000000123e-09,3.655000000000000426e+01,6.307000000000000000e+07,6.970000000000000000e+07
5.863704635815566778e+07,-1.705406500000000133e-09,3.655499999999999972e+01,6.307000000000000000e+07,6.970000000000000000e+07
5.867907258054389060e+07,-1.704185080000000092e-09,3.656000000000000227e+01,6.307000000000000000e+07,6.970000000000000000e+07
5.862841679963982850e+07,-1.705657519999999997e-09,3.656499999999999773e+01,6.307000000000000000e+07,6.970000000000000000e+07
5.860404657073704153e+07,-1.706366810000000030e-09,3.657000000000000028e+01,6.307000000000000000e+07,6.970000000000000000e+07
5.866477184146800637e+07,-1.704600510000000087e-09,3.657500000000000284e+01,6.307000000000000000e+07,6.970000000000000000e+07
5.871825862689536810e+07,-1.703047780000000065e-09,3.657999999999999829e+01,6.307000000000000000e+07,6.970000000000000000e+07
5.873061171097676456e+07,-1.702689570000000194e-09,3.658500000000000085e+01,6.307000000000000000e+07,6.970000000000000000e+07
5.880504836871062219e+07,-1.700534269999999913e-09,3.659000000000000341e+01,6.307000000000000000e+07,6.970000000000000000e+07
5.889126926744920015e+07,-1.698044570000000155e-09,3.659499999999999886e+01,6.307000000000000000e+07,6.970000000000000000e+07
5.887254357476333529e+07,-1.698584670000000063e-09,3.660000000000000142e+01,6.307000000000000000e+07,6.970000000000000000e+07
5.881206693991811574e+07,-1.700331330000000197e-09,3.660500000000000398e+01,6.307000000000000000e+07,6.970000000000000000e+07
5.872760822742079198e+07,-1.702776649999999953e-09,3.660999999999999943e+01,6.307000000000000000e+07,6.970000000000000000e+07
5.863305854149129242e+07,-1.705522490000000049e-09,3.661500000000000199e+01,6.307000000000000000e+07,6.970000000000000000e+07
5.858444148147773743e+07,-1.706937839999999995e-09,3.661999999999999744e+01,6.307000000000000000e+07,6.970000000000000000e+07
5.853448337827884406e+07,-1.708394680000000097e-09,3.662500000000000000e+01,6.307000000000000000e+07,6.970000000000000000e+07
5.843304986857034266e+07,-1.711360269999999934e-09,3.663000000000000256e+01,6.307000000000000000e+07,6.970000000000000000e+07
5.834711117705371231e+07,-1.713880910000000207e-09,3.663499999999999801e+01,6.307000000000000000e+07,6.970000000000000000e+07
5.834191961087899655e+07,-1.714033420000000061e-09,3.664000000000000057e+01,6.307000000000000000e+07,6.970000000000000000e+07
5.830178978157474101e+07,-1.715213209999999942e-09,3.664500000000000313e+01,6.307000000000000000e+07,6.970000000000000000e+07
5.826093644877243042e+07,-1.716415940000000271e-09,3.664999999999999858e+01,6.307000000000000000e+07,6.970000000000000000e+07
5.828329979177999496e+07,-1.715757350000000270e-09,3.665500000000000114e+01,6.307000000000000000e+07,6.970000000000000000e+07
5.830428108745787293e+07,-1.715139919999999989e-09,3.666000000000000369e+01,6.307000000000000000e+07,6.970000000000000000e+07
5.830186286228821427e+07,-1.715211060000000084e-09,3.666499999999999915e+01,6.307000000000000000e+07,6.970000000000000000e+07
5.833176143819197267e+07,-1.714331910000000251e-09,3.667000000000000171e+01,6.307000000000000000e+07,6.970000000000000000e+07
5.841594964788150787e+07,-1.711861240000000065e-09,3.667500000000000426e+01,6.307000000000000000e+07,6.970000000000000000e+07
5.844369831582677364e+07,-1.711048460000000171e-09,3.667999999999999972e+01,6.307000000000000000e+07,6.970000000000000000e+07
5.846745470232485235e+07,-1.710353230000000112e-09,3.668500000000000227e+01,6.307000000000000000e+07,6.970000000000000000e+07
5.855345127333439142e+07,-1.707841259999999997e-09,3.668999999999999773e+01,6.307000000000000000e+07,6.970000000000000000e+07
5.866856261558110267e+07,-1.704490370000000174e-09,3.669500000000000028e+01,6.307000000000000000e+07,6.970000000000000000e+07
5.869851883092507720e+07,-1.703620500000000114e-09,3.670000000000000284e+01,6.307000000000000000e+07,6.970000000000000000e+07
5.868932694446015358e+07,-1.703887320000000052e-09,3.670499999999999829e+01,6.307000000000000000e+07,6.970000000000000000e+07
5.873587268637782335e+07,-1.702537060000000134e-09,3.671000000000000085e+01,6.307000000000000000e+07,6.970000000000000000e+07
5.877870269854434580e+07,-1.701296480000000148e-09,3.671500000000000341e+01,6.307000000000000000e+07,6.970000000000000000e+07
5.880556673253360391e+07,-1.700519280000000139e-09,3.671999999999999886e+01,6.307000000000000000e+07,6.970000000000000000e+07
5.890240735788138956e+07,-1.697723480000000206e-09,3.672500000000000142e+01,6.307000000000000000e+07,6.970000000000000000e+07
5.895155380762102455e+07,-1.696308130000000053e-09,3.673000000000000398e+01,6.307000000000000000e+07,6.970000000000000000e+07
5.891425216177747399e+07,-1.697382150000000050e-09,3.673499999999999943e+01,6.307000000000000000e+07,6.970000000000000000e+07
5.894628227065064013e+07,-1.696459830000000020e-09,3.674000000000000199e+01,6.307000000000000000e+07,6.970000000000000000e+07
5.901919191984768212e+07,-1.694364100000000200e-09,3.674499999999999744e+01,6.307000000000000000e+07,6.970000000000000000e+07
5.900269038697545230e+07,-1.694837970000000171e-09,3.675000000000000000e+01,6.307000000000000000e+07,6.970000000000000000e+07
5.893876440373520553e+07,-1.696676220000000095e-09,3.675500000000000256e+01,6.307000000000000000e+07,6.970000000000000000e+07
5.889102233395498246e+07,-1.698051690000000026e-09,3.675999999999999801e+01,6.307000000000000000e+07,6.970000000000000000e+07
5.887935223291847110e+07,-1.698388250000000233e-09,3.676500000000000057e+01,6.307000000000000000e+07,6.970000000000000000e+07
5.888033369416379184e+07,-1.698359940000000059e-09,3.677000000000000313e+01,6.307000000000000000e+07,6.970000000000000000e+07
5.886055962854278088e+07,-1.698930499999999999e-09,3.677499999999999858e+01,6.307000000000000000e+07,6.970000000000000000e+07
5.877145271893930435e+07,-1.701506350000000129e-09,3.678000000000000114e+01,6.307000000000000000e+07,6.970000000000000000e+07
5.862050144293484837e+07,-1.705887830000000042e-09,3.678500000000000369e+01,6.307000000000000000e+07,6.970000000000000000e+07
5.848375941091415286e+07,-1.709876399999999983e-09,3.678999999999999915e+01,6.307000000000000000e+07,6.970000000000000000e+07
5.840487331664671004e+07,-1.712185890000000157e-09,3.679500000000000171e+01,6.307000000000000000e+07,6.970000000000000000e+07
5.836230652224221081e+07,-1.713434680000000113e-09,3.680000000000000426e+01,6.307000000000000000e+07,6.970000000000000000e+07
5.839459193669372052e+07,-1.712487350000000135e-09,3.680499999999999972e+01,6.307000000000000000e+07,6.970000000000000000e+07
5.847975548117151856e+07,-1.709993469999999954e-09,3.681000000000000227e+01,6.307000000000000000e+07,6.970000000000000000e+07
5.854555614434821904e+07,-1.708071570000000042e-09,3.681499999999999773e+01,6.307000000000000000e+07,6.970000000000000000e+07
5.856626537783946842e+07,-1.707467590000000119e-09,3.682000000000000028e+01,6.307000000000000000e+07,6.970000000000000000e+07
5.860305815722366422e+07,-1.706395590000000229e-09,3.682500000000000284e+01,6.307000000000000000e+07,6.970000000000000000e+07
5.866318670385732502e+07,-1.704646570000000129e-09,3.682999999999999829e+01,6.307000000000000000e+07,6.970000000000000000e+07
5.873394011445177346e+07,-1.702593080000000083e-09,3.683500000000000085e+01,6.307000000000000000e+07,6.970000000000000000e+07
5.886817399607320130e+07,-1.698710750000000053e-09,3.684000000000000341e+01,6.307000000000000000e+07,6.970000000000000000e+07
5.902881078196646273e+07,-1.694088000000000075e-09,3.684499999999999886e+01,6.307000000000000000e+07,6.970000000000000000e+07
5.911024085336556286e+07,-1.691754230000000102e-09,3.685000000000000142e+01,6.307000000000000000e+07,6.970000000000000000e+07
5.913354781938419491e+07,-1.691087440000000176e-09,3.685500000000000398e+01,6.307000000000000000e+07,6.970000000000000000e+07
5.916555049376521260e+07,-1.690172730000000132e-09,3.685999999999999943e+01,6.307000000000000000e+07,6.970000000000000000e+07
5.919018510244717449e+07,-1.689469290000000103e-09,3.686500000000000199e+01,6.307000000000000000e+07,6.970000000000000000e+07
5.922538409438346326e+07,-1.688465200000000188e-09,3.686999999999999744e+01,6.307000000000000000e+07,6.970000000000000000e+07
5.926463961054123193e+07,-1.687346800000000189e-09,3.687500000000000000e+01,6.307000000000000000e+07,6.970000000000000000e+07
5.926163569474812597e+07,-1.687432330000000074e-09,3.688000000000000256e+01,6.307000000000000000e+07,6.970000000000000000e+07
5.917410115280025452e+07,-1.689928500000000116e-09,3.688499999999999801e+01,6.307000000000000000e+07,6.970000000000000000e+07
5.909659321614132077e+07,-1.692144920000000111e-09,3.689000000000000057e+01,6.307000000000000000e+07,6.970000000000000000e+07
5.907913075315234065e+07,-1.692645079999999943e-09,3.689500000000000313e+01,6.307000000000000000e+07,6.970000000000000000e+07
5.902491443409010023e+07,-1.694199830000000279e-09,3.689999999999999858e+01,6.307000000000000000e+07,6.970000000000000000e+07
5.902742611368844658e+07,-1.694127740000000294e-09,3.690500000000000114e+01,6.307000000000000000e+07,6.970000000000000000e+07
5.911334929752384871e+07,-1.691665270000000241e-09,3.691000000000000369e+01,6.307000000000000000e+07,6.970000000000000000e+07
5.923121051695632935e+07,-1.688299110000000018e-09,3.691499999999999915e+01,6.307000000000000000e+07,6.970000000000000000e+07
5.936235029126908630e+07,-1.684569420000000213e-09,3.692000000000000171e+01,6.307000000000000000e+07,6.970000000000000000e+07
5.943688449539892375e+07,-1.682456959999999898e-09,3.692500000000000426e+01,6.307000000000000000e+07,6.970000000000000000e+07
5.938349445629247278e+07,-1.683969610000000048e-09,3.692999999999999972e+01,6.307000000000000000e+07,6.970000000000000000e+07
5.926282591561480612e+07,-1.687398440000000066e-09,3.693500000000000227e+01,6.307000000000000000e+07,6.970000000000000000e+07
5.915819322666728497e+07,-1.690382930000000136e-09,3.693999999999999773e+01,6.307000000000000000e+07,6.970000000000000000e+07
5.908343780220624059e+07,-1.692521690000000149e-09,3.694500000000000028e+01,6.307000000000000000e+07,6.970000000000000000e+07
5.895887644899177551e+07,-1.696097449999999979e-09,3.695000000000000284e+01,6.307000000000000000e+07,6.970000000000000000e+07
5.884586972697828710e+07,-1.699354610000000197e-09,3.695499999999999829e+01,6.307000000000000000e+07,6.970000000000000000e+07
5.879453505972510576e+07,-1.700838349999999982e-09,3.696000000000000085e+01,6.307000000000000000e+07,6.970000000000000000e+07
5.869502769709770381e+07,-1.703721830000000279e-09,3.696500000000000341e+01,6.307000000000000000e+07,6.970000000000000000e+07
5.860872155213242024e+07,-1.706230700000000234e-09,3.696999999999999886e+01,6.307000000000000000e+07,6.970000000000000000e+07
5.860749941093602031e+07,-1.706266280000000120e-09,3.697500000000000142e+01,6.307000000000000000e+07,6.970000000000000000e+07
5.860141625558750331e+07,-1.706443400000000001e-09,3.698000000000000398e+01,6.307000000000000000e+07,6.970000000000000000e+07
5.856950142565488070e+07,-1.707373250000000073e-09,3.698499999999999943e+01,6.307000000000000000e+07,6.970000000000000000e+07
5.860297298625050485e+07,-1.706398070000000110e-09,3.699000000000000199e+01,6.307000000000000000e+07,6.970000000000000000e+07
5.866355906239793450e+07,-1.704635750000000112e-09,3.699499999999999744e+01,6.307000000000000000e+07,6.970000000000000000e+07
5.870407077156133950e+07,-1.703459380000000163e-09,3.700000000000000000e+01,6.307000000000000000e+07,6.970000000000000000e+07
5.874279331663032621e+07,-1.702336480000000177e-09,3.700500000000000256e+01,6.307000000000000000e+07,6.970000000000000000e+07
5.872791173500251025e+07,-1.702767850000000250e-09,3.700999999999999801e+01,6.307000000000000000e+07,6.970000000000000000e+07
5.863429309423238039e+07,-1.705486580000000141e-09,3.701500000000000057e+01,6.307000000000000000e+07,6.970000000000000000e+07
5.857897459777830541e+07,-1.707097140000000111e-09,3.702000000000000313e+01,6.307000000000000000e+07,6.970000000000000000e+07
5.859647256149563938e+07,-1.706587370000000069e-09,3.702499999999999858e+01,6.307000000000000000e+07,6.970000000000000000e+07
5.862225094764627516e+07,-1.705836920000000109e-09,3.703000000000000114e+01,6.307000000000000000e+07,6.970000000000000000e+07
5.864112068670440465e+07,-1.705288010000000246e-09,3.703500000000000369e+01,6.307000000000000000e+07,6.970000000000000000e+07
5.866391559496834874e+07,-1.704625390000000077e-09,3.703999999999999915e+01,6.307000000000000000e+07,6.970000000000000000e+07
5.863903032623003423e+07,-1.705348800000000144e-09,3.704500000000000171e+01,6.307000000000000000e+07,6.970000000000000000e+07
5.860346718740300834e+07,-1.706383680000000113e-09,3.705000000000000426e+01,6.307000000000000000e+07,6.970000000000000000e+07
5.861426785577431321e+07,-1.706069250000000260e-09,3.705499999999999972e+01,6.307000000000000000e+07,6.970000000000000000e+07
5.861111686314100027e+07,-1.706160970000000009e-09,3.706000000000000227e+01,6.307000000000000000e+07,6.970000000000000000e+07
5.853419762744273245e+07,-1.708403020000000026e-09,3.706499999999999773e+01,6.307000000000000000e+07,6.970000000000000000e+07
5.849200361667756736e+07,-1.709635400000000087e-09,3.707000000000000028e+01,6.307000000000000000e+07,6.970000000000000000e+07
5.843894409570485353e+07,-1.711187660000000083e-09,3.707500000000000284e+01,6.307000000000000000e+07,6.970000000000000000e+07
5.832194252334071696e+07,-1.714620530000000106e-09,3.707999999999999829e+01,6.307000000000000000e+07,6.970000000000000000e+07
5.819877548496006429e+07,-1.718249210000000137e-09,3.708500000000000085e+01,6.307000000000000000e+07,6.970000000000000000e+07
5.813744700575491041e+07,-1.720061770000000185e-09,3.709000000000000341e+01,6.307000000000000000e+07,6.970000000000000000e+07
5.808422080746743828e+07,-1.721637970000000120e-09,3.709499999999999886e+01,6.307000000000000000e+07,6.970000000000000000e+07
5.804674210425140709e+07,-1.722749570000000019e-09,3.710000000000000142e+01,6.307000000000000000e+07,6.970000000000000000e+07
5.806150460989476740e+07,-1.722311550000000102e-09,3.710500000000000398e+01,6.307000000000000000e+07,6.970000000000000000e+07
5.808168485024166107e+07,-1.721713140000000177e-09,3.710999999999999943e+01,6.307000000000000000e+07,6.970000000000000000e+07
5.807711414169366658e+07,-1.721848639999999943e-09,3.711500000000000199e+01,6.307000000000000000e+07,6.970000000000000000e+07
5.808404840798942000e+07,-1.721643080000000136e-09,3.711999999999999744e+01,6.307000000000000000e+07,6.970000000000000000e+07
5.810507958498772234e+07,-1.721019930000000017e-09,3.712500000000000000e+01,6.307000000000000000e+07,6.970000000000000000e+07
5.804452611851018667e+07,-1.722815339999999975e-09,3.713000000000000256e+01,6.307000000000000000e+07,6.970000000000000000e+07
5.794221737866488099e+07,-1.725857320000000132e-09,3.713499999999999801e+01,6.307000000000000000e+07,6.970000000000000000e+07
5.791551799682732671e+07,-1.726652950000000143e-09,3.714000000000000057e+01,6.307000000000000000e+07,6.970000000000000000e+07
5.792277707557351887e+07,-1.726436560000000068e-09,3.714500000000000313e+01,6.307000000000000000e+07,6.970000000000000000e+07
5.793011482420747727e+07,-1.726217880000000132e-09,3.714999999999999858e+01,6.307000000000000000e+07,6.970000000000000000e+07
5.795788711531893909e+07,-1.725390710000000241e-09,3.715500000000000114e+01,6.307000000000000000e+07,6.970000000000000000e+07
5.802520061154151708e+07,-1.723389130000000034e-09,3.716000000000000369e+01,6.307000000000000000e+07,6.970000000000000000e+07
5.806727218908413500e+07,-1.722140480000000081e-09,3.716499999999999915e+01,6.307000000000000000e+07,6.970000000000000000e+07
5.809285221073249727e+07,-1.721382170000000056e-09,3.717000000000000171e+01,6.307000000000000000e+07,6.970000000000000000e+07
5.813458803586922586e+07,-1.720146360000000019e-09,3.717500000000000426e+01,6.307000000000000000e+07,6.970000000000000000e+07
5.812412016429480165e+07,-1.720456150000000088e-09,3.717999999999999972e+01,6.307000000000000000e+07,6.970000000000000000e+07
5.805156819490419328e+07,-1.722606349999999984e-09,3.718500000000000227e+01,6.307000000000000000e+07,6.970000000000000000e+07
5.803927945209620148e+07,-1.722971080000000155e-09,3.718999999999999773e+01,6.307000000000000000e+07,6.970000000000000000e+07
5.804028532093509287e+07,-1.722941220000000107e-09,3.719500000000000028e+01,6.307000000000000000e+07,6.970000000000000000e+07
5.795807892151606828e+07,-1.725385000000000034e-09,3.720000000000000284e+01,6.307000000000000000e+07,6.970000000000000000e+07
5.792774330803503096e+07,-1.726288550000000201e-09,3.720499999999999829e+01,6.307000000000000000e+07,6.970000000000000000e+07
5.792706850002131611e+07,-1.726308660000000036e-09,3.721000000000000085e+01,6.307000000000000000e+07,6.970000000000000000e+07
5.783045296714319289e+07,-1.729192750000000155e-09,3.721500000000000341e+01,6.307000000000000000e+07,6.970000000000000000e+07
5.769951902257937938e+07,-1.733116700000000093e-09,3.721999999999999886e+01,6.307000000000000000e+07,6.970000000000000000e+07
5.760900916415889561e+07,-1.735839609999999994e-09,3.722500000000000142e+01,6.307000000000000000e+07,6.970000000000000000e+07
5.752218472478827089e+07,-1.738459700000000124e-09,3.723000000000000398e+01,6.307000000000000000e+07,6.970000000000000000e+07
5.748246320701295882e+07,-1.739661010000000123e-09,3.723499999999999943e+01,6.307000000000000000e+07,6.970000000000000000e+07
5.746819312225377560e+07,-1.740092990000000018e-09,3.724000000000000199e+01,6.307000000000000000e+07,6.970000000000000000e+07
5.742732652226863801e+07,-1.741331280000000143e-09,3.724499999999999744e+01,6.307000000000000000e+07,6.970000000000000000e+07
5.739990276341671497e+07,-1.742163230000000233e-09,3.725000000000000000e+01,6.307000000000000000e+07,6.970000000000000000e+07
5.740786892414920777e+07,-1.741921480000000098e-09,3.725500000000000256e+01,6.307000000000000000e+07,6.970000000000000000e+07
5.745618575134396553e+07,-1.740456640000000134e-09,3.725999999999999801e+01,6.307000000000000000e+07,6.970000000000000000e+07
5.747612704635775089e+07,-1.739852790000000170e-09,3.726500000000000057e+01,6.307000000000000000e+07,6.970000000000000000e+07
5.744414313906311989e+07,-1.740821510000000101e-09,3.727000000000000313e+01,6.307000000000000000e+07,6.970000000000000000e+07
5.742817343492147326e+07,-1.741305600000000104e-09,3.727499999999999858e+01,6.307000000000000000e+07,6.970000000000000000e+07
5.743031589246619493e+07,-1.741240640000000035e-09,3.728000000000000114e+01,6.307000000000000000e+07,6.970000000000000000e+07
5.744298492223320156e+07,-1.740856610000000123e-09,3.728500000000000369e+01,6.307000000000000000e+07,6.970000000000000000e+07
5.752447219038929790e+07,-1.738390570000000090e-09,3.728999999999999915e+01,6.307000000000000000e+07,6.970000000000000000e+07
5.755364513392765075e+07,-1.737509409999999988e-09,3.729500000000000171e+01,6.307000000000000000e+07,6.970000000000000000e+07
5.747522718563532829e+07,-1.739880029999999920e-09,3.730000000000000426e+01,6.307000000000000000e+07,6.970000000000000000e+07
5.745460286318463832e+07,-1.740504590000000116e-09,3.730499999999999972e+01,6.307000000000000000e+07,6.970000000000000000e+07
5.748944953622110933e+07,-1.739449600000000106e-09,3.731000000000000227e+01,6.307000000000000000e+07,6.970000000000000000e+07
5.749626004077312350e+07,-1.739243560000000228e-09,3.731499999999999773e+01,6.307000000000000000e+07,6.970000000000000000e+07
5.744106126358581334e+07,-1.740914910000000302e-09,3.732000000000000028e+01,6.307000000000000000e+07,6.970000000000000000e+07
5.742229733875387162e+07,-1.741483789999999996e-09,3.732500000000000284e+01,6.307000000000000000e+07,6.970000000000000000e+07
5.742297560553704947e+07,-1.741463220000000181e-09,3.732999999999999829e+01,6.307000000000000000e+07,6.970000000000000000e+07
5.740243521909880638e+07,-1.742086370000000093e-09,3.733500000000000085e+01,6.307000000000000000e+07,6.970000000000000000e+07
5.736424839531833678e+07,-1.743246059999999978e-09,3.734000000000000341e+01,6.307000000000000000e+07,6.970000000000000000e+07
5.729991161660533398e+07,-1.745203389999999934e-09,3.734499999999999886e+01,6.307000000000000000e+07,6.970000000000000000e+07
5.726477155089814216e+07,-1.746274320000000021e-09,3.735000000000000142e+01,6.307000000000000000e+07,6.970000000000000000e+07
5.731320344613976032e+07,-1.744798649999999996e-09,3.735500000000000398e+01,6.307000000000000000e+07,6.970000000000000000e+07
5.741520501956334710e+07,-1.741698909999999997e-09,3.735999999999999943e+01,6.307000000000000000e+07,6.970000000000000000e+07
5.750232917496997863e+07,-1.739059990000000152e-09,3.736500000000000199e+01,6.307000000000000000e+07,6.970000000000000000e+07
5.760966529798392206e+07,-1.735819840000000020e-09,3.736999999999999744e+01,6.307000000000000000e+07,6.970000000000000000e+07
5.775509681221204996e+07,-1.731448920000000206e-09,3.737500000000000000e+01,6.307000000000000000e+07,6.970000000000000000e+07
5.788705644838943332e+07,-1.727501900000000069e-09,3.738000000000000256e+01,6.307000000000000000e+07,6.970000000000000000e+07
5.795061453265576065e+07,-1.725607240000000113e-09,3.738499999999999801e+01,6.307000000000000000e+07,6.970000000000000000e+07
5.798103764952294528e+07,-1.724701800000000212e-09,3.739000000000000057e+01,6.307000000000000000e+07,6.970000000000000000e+07
5.802357510621751845e+07,-1.723437410000000246e-09,3.739500000000000313e+01,6.307000000000000000e+07,6.970000000000000000e+07
5.807035823185887188e+07,-1.722048959999999983e-09,3.739999999999999858e+01,6.307000000000000000e+07,6.970000000000000000e+07
5.812647602740318328e+07,-1.720386420000000277e-09,3.740500000000000114e+01,6.307000000000000000e+07,6.970000000000000000e+07
5.822184093385503441e+07,-1.717568500000000240e-09,3.741000000000000369e+01,6.307000000000000000e+07,6.970000000000000000e+07
5.833549772613772005e+07,-1.714222109999999991e-09,3.741499999999999915e+01,6.307000000000000000e+07,6.970000000000000000e+07
5.846982959131880850e+07,-1.710283760000000218e-09,3.742000000000000171e+01,6.307000000000000000e+07,6.970000000000000000e+07
5.862205437659829855e+07,-1.705842640000000154e-09,3.742500000000000426e+01,6.307000000000000000e+07,6.970000000000000000e+07
5.874581491877228022e+07,-1.702248920000000142e-09,3.742999999999999972e+01,6.307000000000000000e+07,6.970000000000000000e+07
5.885015460641817003e+07,-1.699230880000000130e-09,3.743500000000000227e+01,6.307000000000000000e+07,6.970000000000000000e+07
5.897327191550134122e+07,-1.695683430000000267e-09,3.743999999999999773e+01,6.307000000000000000e+07,6.970000000000000000e+07
5.908548944753247499e+07,-1.692462920000000151e-09,3.744500000000000028e+01,6.307000000000000000e+07,6.970000000000000000e+07
5.915610363448948413e+07,-1.690442640000000186e-09,3.745000000000000284e+01,6.307000000000000000e+07,6.970000000000000000e+07
5.923116806611752510e+07,-1.688300320000000031e-09,3.745499999999999829e+01,6.307000000000000000e+07,6.970000000000000000e+07
5.932673740248938650e+07,-1.685580640000000043e-09,3.746000000000000085e+01,6.307000000000000000e+07,6.970000000000000000e+07
5.939054738741189986e+07,-1.683769630000000076e-09,3.746500000000000341e+01,6.307000000000000000e+07,6.970000000000000000e+07
5.946294884172388911e+07,-1.681719490000000271e-09,3.746999999999999886e+01,6.307000000000000000e+07,6.970000000000000000e+07
5.956460205788791180e+07,-1.678849459999999919e-09,3.747500000000000142e+01,6.307000000000000000e+07,6.970000000000000000e+07
5.962663707913433015e+07,-1.677102799999999992e-09,3.748000000000000398e+01,6.307000000000000000e+07,6.970000000000000000e+07
5.966095941576360911e+07,-1.676137980000000063e-09,3.748499999999999943e+01,6.307000000000000000e+07,6.970000000000000000e+07
5.973628937166563421e+07,-1.674024300000000104e-09,3.749000000000000199e+01,6.307000000000000000e+07,6.970000000000000000e+07
5.982752967607006431e+07,-1.671471320000000109e-09,3.749499999999999744e+01,6.307000000000000000e+07,6.970000000000000000e+07
5.989717679269269854e+07,-1.669527770000000120e-09,3.750000000000000000e+01,6.307000000000000000e+07,6.970000000000000000e+07
5.999459208746923506e+07,-1.666816900000000086e-09,3.750500000000000256e+01,6.307000000000000000e+07,6.970000000000000000e+07
6.009460994917348027e+07,-1.664042750000000023e-09,3.750999999999999801e+01,6.307000000000000000e+07,6.970000000000000000e+07
6.015749171172638983e+07,-1.662303349999999970e-09,3.751500000000000057e+01,6.307000000000000000e+07,6.970000000000000000e+07
6.023272975098650903e+07,-1.660226930000000142e-09,3.752000000000000313e+01,6.307000000000000000e+07,6.970000000000000000e+07
6.031804595781509578e+07,-1.657878640000000215e-09,3.752499999999999858e+01,6.307000000000000000e+07,6.970000000000000000e+07
6.036339682411750406e+07,-1.656633080000000171e-09,3.753000000000000114e+01,6.307000000000000000e+07,6.970000000000000000e+07
6.040388915514252335e+07,-1.655522540000000031e-09,3.753500000000000369e+01,6.307000000000000000e+07,6.970000000000000000e+07
6.048355281937640160e+07,-1.653342029999999944e-09,3.753999999999999915e+01,6.307000000000000000e+07,6.970000000000000000e+07
6.054616210441748798e+07,-1.651632350000000142e-09,3.754500000000000171e+01,6.307000000000000000e+07,6.970000000000000000e+07
6.056853344398477674e+07,-1.651022310000000108e-09,3.755000000000000426e+01,6.307000000000000000e+07,6.970000000000000000e+07
6.064414365811684728e+07,-1.648963840000000005e-09,3.755499999999999972e+01,6.307000000000000000e+07,6.970000000000000000e+07
6.076763105666877329e+07,-1.645612939999999931e-09,3.756000000000000227e+01,6.307000000000000000e+07,6.970000000000000000e+07
6.083811154340442270e+07,-1.643706510000000070e-09,3.756499999999999773e+01,6.307000000000000000e+07,6.970000000000000000e+07
6.088016042993764579e+07,-1.642571229999999943e-09,3.757000000000000028e+01,6.307000000000000000e+07,6.970000000000000000e+07
6.086242272100383788e+07,-1.643049940000000175e-09,3.757500000000000284e+01,6.307000000000000000e+07,6.970000000000000000e+07
6.080007770736331493e+07,-1.644734740000000194e-09,3.757999999999999829e+01,6.307000000000000000e+07,6.970000000000000000e+07
6.070723454731189460e+07,-1.647250130000000035e-09,3.758500000000000085e+01,6.307000000000000000e+07,6.970000000000000000e+07
6.060317589488801360e+07,-1.650078540000000065e-09,3.759000000000000341e+01,6.307000000000000000e+07,6.970000000000000000e+07
6.052159300289044529e+07,-1.652302840000000008e-09,3.759499999999999886e+01,6.307000000000000000e+07,6.970000000000000000e+07
6.046287901193498075e+07,-1.653907350000000116e-09,3.760000000000000142e+01,6.307000000000000000e+07,6.970000000000000000e+07
6.047518534117308259e+07,-1.653570790000000116e-09,3.760500000000000398e+01,6.307000000000000000e+07,6.970000000000000000e+07
6.049618999230162054e+07,-1.652996659999999989e-09,3.760999999999999943e+01,6.307000000000000000e+07,6.970000000000000000e+07
6.040137170548721403e+07,-1.655591540000000106e-09,3.761500000000000199e+01,6.307000000000000000e+07,6.970000000000000000e+07
6.030844755502014607e+07,-1.658142500000000202e-09,3.761999999999999744e+01,6.307000000000000000e+07,6.970000000000000000e+07
6.029421926941868663e+07,-1.658533789999999988e-09,3.762500000000000000e+01,6.307000000000000000e+07,6.970000000000000000e+07
6.028127786784638464e+07,-1.658889850000000000e-09,3.763000000000000256e+01,6.307000000000000000e+07,6.970000000000000000e+07
6.024993891861192137e+07,-1.659752720000000104e-09,3.763499999999999801e+01,6.307000000000000000e+07,6.970000000000000000e+07
6.017850509251572937e+07,-1.661722900000000021e-09,3.764000000000000057e+01,6.307000000000000000e+07,6.970000000000000000e+07
6.010645321695057303e+07,-1.663714870000000019e-09,3.764500000000000313e+01,6.307000000000000000e+07,6.970000000000000000e+07
5.993599004084409773e+07,-1.668446620000000208e-09,3.764999999999999858e+01,6.307000000000000000e+07,6.970000000000000000e+07
5.973106351469189674e+07,-1.674170760000000097e-09,3.765500000000000114e+01,6.307000000000000000e+07,6.970000000000000000e+07
5.954704102208160609e+07,-1.679344570000000209e-09,3.766000000000000369e+01,6.307000000000000000e+07,6.970000000000000000e+07
5.933265031959591806e+07,-1.685412659999999932e-09,3.766499999999999915e+01,6.307000000000000000e+07,6.970000000000000000e+07
5.919717606738443673e+07,-1.689269769999999905e-09,3.767000000000000171e+01,6.307000000000000000e+07,6.970000000000000000e+07
5.917446882038063556e+07,-1.689918000000000078e-09,3.767500000000000426e+01,6.307000000000000000e+07,6.970000000000000000e+07
5.917850961302515864e+07,-1.689802610000000146e-09,3.767999999999999972e+01,6.307000000000000000e+07,6.970000000000000000e+07
5.920182068805729598e+07,-1.689137240000000134e-09,3.768500000000000227e+01,6.307000000000000000e+07,6.970000000000000000e+07
5.928724143188790977e+07,-1.686703540000000029e-09,3.768999999999999773e+01,6.307000000000000000e+07,6.970000000000000000e+07
5.937757633737080544e+07,-1.684137449999999950e-09,3.769500000000000028e+01,6.307000000000000000e+07,6.970000000000000000e+07
5.945416710660273582e+07,-1.681967890000000045e-09,3.770000000000000284e+01,6.307000000000000000e+07,6.970000000000000000e+07
5.957640698025780916e+07,-1.678516800000000128e-09,3.770499999999999829e+01,6.307000000000000000e+07,6.970000000000000000e+07
5.972166776459976286e+07,-1.674434150000000058e-09,3.771000000000000085e+01,6.307000000000000000e+07,6.970000000000000000e+07
5.983218030738662928e+07,-1.671341400000000178e-09,3.771500000000000341e+01,6.307000000000000000e+07,6.970000000000000000e+07
5.994603082822946459e+07,-1.668167160000000211e-09,3.771999999999999886e+01,6.307000000000000000e+07,6.970000000000000000e+07
6.008147504635495692e+07,-1.664406540000000142e-09,3.772500000000000142e+01,6.307000000000000000e+07,6.970000000000000000e+07
6.015857197988177836e+07,-1.662273499999999967e-09,3.773000000000000398e+01,6.307000000000000000e+07,6.970000000000000000e+07
6.017874592006908357e+07,-1.661716250000000176e-09,3.773499999999999943e+01,6.307000000000000000e+07,6.970000000000000000e+07
6.024661433456972986e+07,-1.659844310000000101e-09,3.774000000000000199e+01,6.307000000000000000e+07,6.970000000000000000e+07
6.029397206371656060e+07,-1.658540590000000294e-09,3.774499999999999744e+01,6.307000000000000000e+07,6.970000000000000000e+07
6.029805994308526814e+07,-1.658428150000000062e-09,3.775000000000000000e+01,6.307000000000000000e+07,6.970000000000000000e+07
6.034175239364115894e+07,-1.657227310000000088e-09,3.775500000000000256e+01,6.307000000000000000e+07,6.970000000000000000e+07
6.041058768766858429e+07,-1.655338970000000161e-09,3.775999999999999801e+01,6.307000000000000000e+07,6.970000000000000000e+07
6.045099574184999615e+07,-1.654232470000000027e-09,3.776500000000000057e+01,6.307000000000000000e+07,6.970000000000000000e+07
6.051424655741863698e+07,-1.652503430000000216e-09,3.777000000000000313e+01,6.307000000000000000e+07,6.970000000000000000e+07
6.060860690220028162e+07,-1.649930680000000040e-09,3.777499999999999858e+01,6.307000000000000000e+07,6.970000000000000000e+07
6.067843416485158354e+07,-1.648031980000000078e-09,3.778000000000000114e+01,6.307000000000000000e+07,6.970000000000000000e+07
6.074939309230071306e+07,-1.646106980000000211e-09,3.778500000000000369e+01,6.307000000000000000e+07,6.970000000000000000e+07
6.085691094884292036e+07,-1.643198750000000090e-09,3.778999999999999915e+01,6.307000000000000000e+07,6.970000000000000000e+07
6.094380600796715915e+07,-1.640855840000000140e-09,3.779500000000000171e+01,6.307000000000000000e+07,6.970000000000000000e+07
6.099987989733646810e+07,-1.639347490000000120e-09,3.780000000000000426e+01,6.307000000000000000e+07,6.970000000000000000e+07
6.108747768955504149e+07,-1.636996710000000060e-09,3.780499999999999972e+01,6.307000000000000000e+07,6.970000000000000000e+07
6.118691316434662044e+07,-1.634336410000000100e-09,3.781000000000000227e+01,6.307000000000000000e+07,6.970000000000000000e+07
6.124243182869130373e+07,-1.632854819999999967e-09,3.781499999999999773e+01,6.307000000000000000e+07,6.970000000000000000e+07
6.130111832059260458e+07,-1.631291609999999995e-09,3.782000000000000028e+01,6.307000000000000000e+07,6.970000000000000000e+07
6.137901321537415683e+07,-1.629221370000000194e-09,3.782500000000000284e+01,6.307000000000000000e+07,6.970000000000000000e+07
6.140710060252217203e+07,-1.628476170000000046e-09,3.782999999999999829e+01,6.307000000000000000e+07,6.970000000000000000e+07
6.134613818637233973e+07,-1.630094460000000122e-09,3.783500000000000085e+01,6.307000000000000000e+07,6.970000000000000000e+07
6.132217727579171211e+07,-1.630731400000000046e-09,3.784000000000000341e+01,6.307000000000000000e+07,6.970000000000000000e+07
6.126745578741271049e+07,-1.632187900000000081e-09,3.784499999999999886e+01,6.307000000000000000e+07,6.970000000000000000e+07
6.117246872851163894e+07,-1.634722320000000115e-09,3.785000000000000142e+01,6.307000000000000000e+07,6.970000000000000000e+07
6.113397582941107452e+07,-1.635751620000000043e-09,3.785500000000000398e+01,6.307000000000000000e+07,6.970000000000000000e+07
6.113131195314602554e+07,-1.635822900000000141e-09,3.785999999999999943e+01,6.307000000000000000e+07,6.970000000000000000e+07
6.110815371411416680e+07,-1.636442830000000185e-09,3.786500000000000199e+01,6.307000000000000000e+07,6.970000000000000000e+07
6.110466616434150189e+07,-1.636536229999999973e-09,3.786999999999999744e+01,6.307000000000000000e+07,6.970000000000000000e+07
6.111629835693415999e+07,-1.636224750000000027e-09,3.787500000000000000e+01,6.307000000000000000e+07,6.970000000000000000e+07
6.105037711062142998e+07,-1.637991519999999995e-09,3.788000000000000256e+01,6.307000000000000000e+07,6.970000000000000000e+07
6.088991203155252337e+07,-1.642308170000000004e-09,3.788499999999999801e+01,6.307000000000000000e+07,6.970000000000000000e+07
6.075205331308588386e+07,-1.646034900000000271e-09,3.789000000000000057e+01,6.307000000000000000e+07,6.970000000000000000e+07
6.066044508473296463e+07,-1.648520710000000072e-09,3.789500000000000313e+01,6.307000000000000000e+07,6.970000000000000000e+07
6.058930160523659736e+07,-1.650456390000000158e-09,3.789999999999999858e+01,6.307000000000000000e+07,6.970000000000000000e+07
6.058385643908824027e+07,-1.650604730000000047e-09,3.790500000000000114e+01,6.307000000000000000e+07,6.970000000000000000e+07
6.060226690415241569e+07,-1.650103289999999890e-09,3.791000000000000369e+01,6.307000000000000000e+07,6.970000000000000000e+07
6.059537231687327474e+07,-1.650291039999999975e-09,3.791499999999999915e+01,6.307000000000000000e+07,6.970000000000000000e+07
6.061023756976609677e+07,-1.649886289999999993e-09,3.792000000000000171e+01,6.307000000000000000e+07,6.970000000000000000e+07
6.064368836076968908e+07,-1.648976220000000146e-09,3.792500000000000426e+01,6.307000000000000000e+07,6.970000000000000000e+07
6.059324164675052464e+07,-1.650349070000000193e-09,3.792999999999999972e+01,6.307000000000000000e+07,6.970000000000000000e+07
6.053959107031829655e+07,-1.651811620000000089e-09,3.793500000000000227e+01,6.307000000000000000e+07,6.970000000000000000e+07
6.050553084990358353e+07,-1.652741470000000161e-09,3.793999999999999773e+01,6.307000000000000000e+07,6.970000000000000000e+07
6.046730682678796351e+07,-1.653786240000000139e-09,3.794500000000000028e+01,6.307000000000000000e+07,6.970000000000000000e+07
6.042795488560076058e+07,-1.654863220000000087e-09,3.795000000000000284e+01,6.307000000000000000e+07,6.970000000000000000e+07
6.043868208618616313e+07,-1.654569500000000053e-09,3.795499999999999829e+01,6.307000000000000000e+07,6.970000000000000000e+07
6.046167446309881657e+07,-1.653940300000000073e-09,3.796000000000000085e+01,6.307000000000000000e+07,6.970000000000000000e+07
6.045006938519414514e+07,-1.654257820000000042e-09,3.796500000000000341e+01,6.307000000000000000e+07,6.970000000000000000e+07
6.044234975437135994e+07,-1.654469100000000101e-09,3.796999999999999886e+01,6.307000000000000000e+07,6.970000000000000000e+07
6.043856446515085548e+07,-1.654572720000000128e-09,3.797500000000000142e+01,6.307000000000000000e+07,6.970000000000000000e+07
6.041898183393952996e+07,-1.655108990000000138e-09,3.798000000000000398e+01,6.307000000000000000e+07,6.970000000000000000e+07
6.039744453821952641e+07,-1.655699190000000094e-09,3.798499999999999943e+01,6.307000000000000000e+07,6.970000000000000000e+07
6.041845142772184312e+07,-1.655123520000000138e-09,3.799000000000000199e+01,6.307000000000000000e+07,6.970000000000000000e+07
6.043374531863590330e+07,-1.654704659999999959e-09,3.799499999999999744e+01,6.307000000000000000e+07,6.970000000000000000e+07
6.039849915044678748e+07,-1.655670280000000142e-09,3.800000000000000000e+01,6.307000000000000000e+07,6.970000000000000000e+07
6.031247082949653268e+07,-1.658031890000000056e-09,3.800500000000000256e+01,6.307000000000000000e+07,6.970000000000000000e+07
6.019200165070544928e+07,-1.661350300000000154e-09,3.800999999999999801e+01,6.307000000000000000e+07,6.970000000000000000e+07
6.009349767022017390e+07,-1.664073549999999915e-09,3.801500000000000057e+01,6.307000000000000000e+07,6.970000000000000000e+07
6.004512775639711320e+07,-1.665414060000000034e-09,3.802000000000000313e+01,6.307000000000000000e+07,6.970000000000000000e+07
5.997965993764058501e+07,-1.667231860000000056e-09,3.802499999999999858e+01,6.307000000000000000e+07,6.970000000000000000e+07
5.988194346703805774e+07,-1.669952480000000095e-09,3.803000000000000114e+01,6.307000000000000000e+07,6.970000000000000000e+07
5.972074650598695874e+07,-1.674459980000000144e-09,3.803500000000000369e+01,6.307000000000000000e+07,6.970000000000000000e+07
5.953844889432694763e+07,-1.679586920000000122e-09,3.803999999999999915e+01,6.307000000000000000e+07,6.970000000000000000e+07
5.929439210894101858e+07,-1.686500130000000080e-09,3.804500000000000171e+01,6.307000000000000000e+07,6.970000000000000000e+07
5.901737197000017017e+07,-1.694416350000000105e-09,3.805000000000000426e+01,6.307000000000000000e+07,6.970000000000000000e+07
5.877725546153409034e+07,-1.701338370000000018e-09,3.805499999999999972e+01,6.307000000000000000e+07,6.970000000000000000e+07
5.859208619073998928e+07,-1.706715130000000098e-09,3.806000000000000227e+01,6.307000000000000000e+07,6.970000000000000000e+07
5.844059773884911835e+07,-1.711139240000000075e-09,3.806499999999999773e+01,6.307000000000000000e+07,6.970000000000000000e+07
5.829907674725408852e+07,-1.715293030000000034e-09,3.807000000000000028e+01,6.307000000000000000e+07,6.970000000000000000e+07
5.817488627391482890e+07,-1.718954800000000025e-09,3.807500000000000284e+01,6.307000000000000000e+07,6.970000000000000000e+07
5.799646804989363998e+07,-1.724242930000000059e-09,3.807999999999999829e+01,6.307000000000000000e+07,6.970000000000000000e+07
5.779281528851597756e+07,-1.730318890000000098e-09,3.808500000000000085e+01,6.307000000000000000e+07,6.970000000000000000e+07
5.761924117579759657e+07,-1.735531360000000168e-09,3.809000000000000341e+01,6.307000000000000000e+07,6.970000000000000000e+07
5.742914273204249144e+07,-1.741276210000000290e-09,3.809499999999999886e+01,6.307000000000000000e+07,6.970000000000000000e+07
5.721576768604032695e+07,-1.747769960000000084e-09,3.810000000000000142e+01,6.307000000000000000e+07,6.970000000000000000e+07
5.708239286285598576e+07,-1.751853680000000164e-09,3.810500000000000398e+01,6.307000000000000000e+07,6.970000000000000000e+07
5.704037286789788306e+07,-1.753144220000000194e-09,3.810999999999999943e+01,6.307000000000000000e+07,6.970000000000000000e+07
5.703214113611651957e+07,-1.753397260000000165e-09,3.811500000000000199e+01,6.307000000000000000e+07,6.970000000000000000e+07
5.707904733426122367e+07,-1.751956360000000139e-09,3.811999999999999744e+01,6.307000000000000000e+07,6.970000000000000000e+07
5.717045642571289092e+07,-1.749155180000000228e-09,3.812500000000000000e+01,6.307000000000000000e+07,6.970000000000000000e+07
5.723109309888364375e+07,-1.747301940000000116e-09,3.813000000000000256e+01,6.307000000000000000e+07,6.970000000000000000e+07
5.728800530670250207e+07,-1.745566100000000206e-09,3.813499999999999801e+01,6.307000000000000000e+07,6.970000000000000000e+07
5.739211635145070404e+07,-1.742399590000000139e-09,3.814000000000000057e+01,6.307000000000000000e+07,6.970000000000000000e+07
5.746943921769472212e+07,-1.740055260000000274e-09,3.814500000000000313e+01,6.307000000000000000e+07,6.970000000000000000e+07
5.750668749581890553e+07,-1.738928190000000117e-09,3.814999999999999858e+01,6.307000000000000000e+07,6.970000000000000000e+07
5.757924696536495537e+07,-1.736736850000000176e-09,3.815500000000000114e+01,6.307000000000000000e+07,6.970000000000000000e+07
5.767171201487579197e+07,-1.733952340000000285e-09,3.816000000000000369e+01,6.307000000000000000e+07,6.970000000000000000e+07
5.772430316346844286e+07,-1.732372580000000208e-09,3.816499999999999915e+01,6.307000000000000000e+07,6.970000000000000000e+07
5.771449747372389585e+07,-1.732666910000000271e-09,3.817000000000000171e+01,6.307000000000000000e+07,6.970000000000000000e+07
5.770437079102155566e+07,-1.732970980000000088e-09,3.817500000000000426e+01,6.307000000000000000e+07,6.970000000000000000e+07
5.767684087100912631e+07,-1.733798149999999978e-09,3.817999999999999972e+01,6.307000000000000000e+07,6.970000000000000000e+07
5.766702003863205761e+07,-1.734093420000000093e-09,3.818500000000000227e+01,6.307000000000000000e+07,6.970000000000000000e+07
5.768023654988017678e+07,-1.733696080000000239e-09,3.818999999999999773e+01,6.307000000000000000e+07,6.970000000000000000e+07
5.770629647538886219e+07,-1.732913149999999934e-09,3.819500000000000028e+01,6.307000000000000000e+07,6.970000000000000000e+07
5.771938774205628037e+07,-1.732520110000000211e-09,3.820000000000000284e+01,6.307000000000000000e+07,6.970000000000000000e+07
5.769340786121606082e+07,-1.733300280000000008e-09,3.820499999999999829e+01,6.307000000000000000e+07,6.970000000000000000e+07
5.763750617312100530e+07,-1.734981380000000088e-09,3.821000000000000085e+01,6.307000000000000000e+07,6.970000000000000000e+07
5.758705770958568901e+07,-1.736501290000000112e-09,3.821500000000000341e+01,6.307000000000000000e+07,6.970000000000000000e+07
5.753687095025295019e+07,-1.738015960000000161e-09,3.821999999999999886e+01,6.307000000000000000e+07,6.970000000000000000e+07
5.747389891849295050e+07,-1.739920240000000164e-09,3.822500000000000142e+01,6.307000000000000000e+07,6.970000000000000000e+07
5.742906060930969566e+07,-1.741278700000000215e-09,3.823000000000000398e+01,6.307000000000000000e+07,6.970000000000000000e+07
5.742347021951648593e+07,-1.741448220000000155e-09,3.823499999999999943e+01,6.307000000000000000e+07,6.970000000000000000e+07
5.748539619438054413e+07,-1.739572250000000119e-09,3.824000000000000199e+01,6.307000000000000000e+07,6.970000000000000000e+07
5.755363387169481814e+07,-1.737509750000000262e-09,3.824499999999999744e+01,6.307000000000000000e+07,6.970000000000000000e+07
5.756185879399110377e+07,-1.737261480000000033e-09,3.825000000000000000e+01,6.307000000000000000e+07,6.970000000000000000e+07
5.752303907008530200e+07,-1.738433880000000289e-09,3.825500000000000256e+01,6.307000000000000000e+07,6.970000000000000000e+07
5.744078608864577860e+07,-1.740923250000000231e-09,3.825999999999999801e+01,6.307000000000000000e+07,6.970000000000000000e+07
5.734139993798413128e+07,-1.743940680000000008e-09,3.826500000000000057e+01,6.307000000000000000e+07,6.970000000000000000e+07
5.725571011053793132e+07,-1.746550690000000108e-09,3.827000000000000313e+01,6.307000000000000000e+07,6.970000000000000000e+07
5.719413478952040523e+07,-1.748431030000000173e-09,3.827499999999999858e+01,6.307000000000000000e+07,6.970000000000000000e+07
5.714504530827777833e+07,-1.749932990000000058e-09,3.828000000000000114e+01,6.307000000000000000e+07,6.970000000000000000e+07
5.711536148146647215e+07,-1.750842460000000127e-09,3.828500000000000369e+01,6.307000000000000000e+07,6.970000000000000000e+07
5.708072982416532189e+07,-1.751904720000000056e-09,3.828999999999999915e+01,6.307000000000000000e+07,6.970000000000000000e+07
5.704715158152674139e+07,-1.752935900000000086e-09,3.829500000000000171e+01,6.307000000000000000e+07,6.970000000000000000e+07
5.702753280729806423e+07,-1.753538950000000209e-09,3.830000000000000426e+01,6.307000000000000000e+07,6.970000000000000000e+07
5.707075851221349090e+07,-1.752210810000000187e-09,3.830499999999999972e+01,6.307000000000000000e+07,6.970000000000000000e+07
5.709866636415032297e+07,-1.751354390000000072e-09,3.831000000000000227e+01,6.307000000000000000e+07,6.970000000000000000e+07
5.713037627762588859e+07,-1.750382310000000062e-09,3.831499999999999773e+01,6.307000000000000000e+07,6.970000000000000000e+07
5.720873545353483409e+07,-1.747984800000000079e-09,3.832000000000000028e+01,6.307000000000000000e+07,6.970000000000000000e+07
5.733416421239654720e+07,-1.744160770000000021e-09,3.832500000000000284e+01,6.307000000000000000e+07,6.970000000000000000e+07
5.744434277944658697e+07,-1.740815460000000240e-09,3.832999999999999829e+01,6.307000000000000000e+07,6.970000000000000000e+07
5.755021300686264038e+07,-1.737613030000000014e-09,3.833500000000000085e+01,6.307000000000000000e+07,6.970000000000000000e+07
5.770248985147362202e+07,-1.733027470000000063e-09,3.834000000000000341e+01,6.307000000000000000e+07,6.970000000000000000e+07
5.787562539677357674e+07,-1.727843100000000266e-09,3.834499999999999886e+01,6.307000000000000000e+07,6.970000000000000000e+07
5.806894566567146778e+07,-1.722090850000000266e-09,3.835000000000000142e+01,6.307000000000000000e+07,6.970000000000000000e+07
5.831486224650391191e+07,-1.714828710000000004e-09,3.835500000000000398e+01,6.307000000000000000e+07,6.970000000000000000e+07
5.855679185794510692e+07,-1.707743830000000247e-09,3.835999999999999943e+01,6.307000000000000000e+07,6.970000000000000000e+07
5.874191857320954651e+07,-1.702361830000000193e-09,3.836500000000000199e+01,6.307000000000000000e+07,6.970000000000000000e+07
5.891544513052003831e+07,-1.697347780000000178e-09,3.836999999999999744e+01,6.307000000000000000e+07,6.970000000000000000e+07
5.907883267930505425e+07,-1.692653620000000143e-09,3.837500000000000000e+01,6.307000000000000000e+07,6.970000000000000000e+07
5.918080567624412477e+07,-1.689737050000000092e-09,3.838000000000000256e+01,6.307000000000000000e+07,6.970000000000000000e+07
5.927801745856170356e+07,-1.686965999999999983e-09,3.838499999999999801e+01,6.307000000000000000e+07,6.970000000000000000e+07
5.943784683023787290e+07,-1.682429720000000149e-09,3.839000000000000057e+01,6.307000000000000000e+07,6.970000000000000000e+07
5.959025088002137840e+07,-1.678126850000000107e-09,3.839500000000000313e+01,6.307000000000000000e+07,6.970000000000000000e+07
5.973566062192755193e+07,-1.674041920000000220e-09,3.839999999999999858e+01,6.307000000000000000e+07,6.970000000000000000e+07
5.992564557733184099e+07,-1.668734630000000241e-09,3.840500000000000114e+01,6.307000000000000000e+07,6.970000000000000000e+07
6.011557435585981607e+07,-1.663462440000000077e-09,3.841000000000000369e+01,6.307000000000000000e+07,6.970000000000000000e+07
6.027086038063531369e+07,-1.659176580000000122e-09,3.841499999999999915e+01,6.307000000000000000e+07,6.970000000000000000e+07
6.043478439809078723e+07,-1.654676210000000196e-09,3.842000000000000171e+01,6.307000000000000000e+07,6.970000000000000000e+07
6.057126186547105759e+07,-1.650947940000000099e-09,3.842500000000000426e+01,6.307000000000000000e+07,6.970000000000000000e+07
6.058487829670267552e+07,-1.650576890000000106e-09,3.842999999999999972e+01,6.307000000000000000e+07,6.970000000000000000e+07
6.054823777290551364e+07,-1.651575730000000209e-09,3.843500000000000227e+01,6.307000000000000000e+07,6.970000000000000000e+07
6.059335546473325044e+07,-1.650345970000000239e-09,3.843999999999999773e+01,6.307000000000000000e+07,6.970000000000000000e+07
6.065514054014421254e+07,-1.648664880000000203e-09,3.844500000000000028e+01,6.307000000000000000e+07,6.970000000000000000e+07
6.067197795228858292e+07,-1.648207350000000229e-09,3.845000000000000284e+01,6.307000000000000000e+07,6.970000000000000000e+07
6.071756528683529794e+07,-1.646969860000000152e-09,3.845499999999999829e+01,6.307000000000000000e+07,6.970000000000000000e+07
6.076261050052890182e+07,-1.645748910000000137e-09,3.846000000000000085e+01,6.307000000000000000e+07,6.970000000000000000e+07
6.076980133689551800e+07,-1.645554170000000139e-09,3.846500000000000341e+01,6.307000000000000000e+07,6.970000000000000000e+07
6.079196538369316608e+07,-1.644954220000000178e-09,3.846999999999999886e+01,6.307000000000000000e+07,6.970000000000000000e+07
6.084154615112363547e+07,-1.643613720000000104e-09,3.847500000000000142e+01,6.307000000000000000e+07,6.970000000000000000e+07
6.086801996361492574e+07,-1.642898850000000030e-09,3.848000000000000398e+01,6.307000000000000000e+07,6.970000000000000000e+07
6.089875626835466176e+07,-1.642069660000000033e-09,3.848499999999999943e+01,6.307000000000000000e+07,6.970000000000000000e+07
6.096760441223528981e+07,-1.640215340000000074e-09,3.849000000000000199e+01,6.307000000000000000e+07,6.970000000000000000e+07
6.100341317756933719e+07,-1.639252540000000045e-09,3.849499999999999744e+01,6.307000000000000000e+07,6.970000000000000000e+07
6.102875575494300574e+07,-1.638571830000000148e-09,3.850000000000000000e+01,6.307000000000000000e+07,6.970000000000000000e+07
6.110900251103002578e+07,-1.636420100000000053e-09,3.850500000000000256e+01,6.307000000000000000e+07,6.970000000000000000e+07
6.121801255538584292e+07,-1.633506150000000300e-09,3.850999999999999801e+01,6.307000000000000000e+07,6.970000000000000000e+07
6.131595518166666478e+07,-1.630896880000000187e-09,3.851500000000000057e+01,6.307000000000000000e+07,6.970000000000000000e+07
6.145440665920933336e+07,-1.627222610000000141e-09,3.852000000000000313e+01,6.307000000000000000e+07,6.970000000000000000e+07
6.161890397481921315e+07,-1.622878590000000010e-09,3.852499999999999858e+01,6.307000000000000000e+07,6.970000000000000000e+07
6.171853419246602803e+07,-1.620258830000000110e-09,3.853000000000000114e+01,6.307000000000000000e+07,6.970000000000000000e+07
6.180258677817089111e+07,-1.618055250000000237e-09,3.853500000000000369e+01,6.307000000000000000e+07,6.970000000000000000e+07
6.193661986050238460e+07,-1.614553720000000000e-09,3.853999999999999915e+01,6.307000000000000000e+07,6.970000000000000000e+07
6.206304936776092649e+07,-1.611264690000000085e-09,3.854500000000000171e+01,6.307000000000000000e+07,6.970000000000000000e+07
6.216357887012461573e+07,-1.608658989999999953e-09,3.855000000000000426e+01,6.307000000000000000e+07,6.970000000000000000e+07
6.230012601010386646e+07,-1.605133190000000167e-09,3.855499999999999972e+01,6.307000000000000000e+07,6.970000000000000000e+07
6.243365175827647746e+07,-1.601700320000000144e-09,3.856000000000000227e+01,6.307000000000000000e+07,6.970000000000000000e+07
6.251369127981142700e+07,-1.599649579999999941e-09,3.856499999999999773e+01,6.307000000000000000e+07,6.970000000000000000e+07
6.263043884923032671e+07,-1.596667720000000006e-09,3.857000000000000028e+01,6.307000000000000000e+07,6.970000000000000000e+07
6.278298055105689168e+07,-1.592788350000000133e-09,3.857500000000000284e+01,6.307000000000000000e+07,6.970000000000000000e+07
6.291032195885983109e+07,-1.589564270000000037e-09,3.857999999999999829e+01,6.307000000000000000e+07,6.970000000000000000e+07
6.304875349524950981e+07,-1.586074180000000096e-09,3.858500000000000085e+01,6.307000000000000000e+07,6.970000000000000000e+07
6.322061624295682460e+07,-1.581762500000000099e-09,3.859000000000000341e+01,6.307000000000000000e+07,6.970000000000000000e+07
6.335187564599511027e+07,-1.578485230000000253e-09,3.859499999999999886e+01,6.307000000000000000e+07,6.970000000000000000e+07
6.346617614251476526e+07,-1.575642430000000226e-09,3.860000000000000142e+01,6.307000000000000000e+07,6.970000000000000000e+07
6.362758742538679391e+07,-1.571645320000000086e-09,3.860500000000000398e+01,6.307000000000000000e+07,6.970000000000000000e+07
6.379537180271232873e+07,-1.567511829999999981e-09,3.860999999999999943e+01,6.307000000000000000e+07,6.970000000000000000e+07
6.390727534929527342e+07,-1.564767070000000147e-09,3.861500000000000199e+01,6.307000000000000000e+07,6.970000000000000000e+07
6.401106561851790547e+07,-1.562229890000000018e-09,3.861999999999999744e+01,6.307000000000000000e+07,6.970000000000000000e+07
6.412204117257027328e+07,-1.559526150000000107e-09,3.862500000000000000e+01,6.307000000000000000e+07,6.970000000000000000e+07
6.421180237328106165e+07,-1.557346100000000002e-09,3.863000000000000256e+01,6.307000000000000000e+07,6.970000000000000000e+07
6.432182607503014058e+07,-1.554682230000000061e-09,3.863499999999999801e+01,6.307000000000000000e+07,6.970000000000000000e+07
6.448415737100669742e+07,-1.550768500000000154e-09,3.864000000000000057e+01,6.307000000000000000e+07,6.970000000000000000e+07
6.461717486900822818e+07,-1.547576170000000046e-09,3.864500000000000313e+01,6.307000000000000000e+07,6.970000000000000000e+07
6.472222966527862847e+07,-1.545064200000000137e-09,3.864999999999999858e+01,6.307000000000000000e+07,6.970000000000000000e+07
6.485180322092577070e+07,-1.541977170000000095e-09,3.865500000000000114e+01,6.307000000000000000e+07,6.970000000000000000e+07
6.494788075454785675e+07,-1.539696120000000053e-09,3.866000000000000369e+01,6.307000000000000000e+07,6.970000000000000000e+07
6.500493299684786052e+07,-1.538344790000000125e-09,3.866499999999999915e+01,6.307000000000000000e+07,6.970000000000000000e+07
6.510227759862463176e+07,-1.536044570000000094e-09,3.867000000000000171e+01,6.307000000000000000e+07,6.970000000000000000e+07
6.522120561059421301e+07,-1.533243659999999938e-09,3.867500000000000426e+01,6.307000000000000000e+07,6.970000000000000000e+07
6.529244482773720473e+07,-1.531570770000000241e-09,3.867999999999999972e+01,6.307000000000000000e+07,6.970000000000000000e+07
6.536719002536946535e+07,-1.529819470000000117e-09,3.868500000000000227e+01,6.307000000000000000e+07,6.970000000000000000e+07
6.547549499392370880e+07,-1.527288950000000085e-09,3.868999999999999773e+01,6.307000000000000000e+07,6.970000000000000000e+07
6.553299349976270646e+07,-1.525948910000000199e-09,3.869500000000000028e+01,6.307000000000000000e+07,6.970000000000000000e+07
6.555980646797578782e+07,-1.525324820000000029e-09,3.870000000000000284e+01,6.307000000000000000e+07,6.970000000000000000e+07
6.562083805986558646e+07,-1.523906170000000065e-09,3.870499999999999829e+01,6.307000000000000000e+07,6.970000000000000000e+07
6.566927902998805046e+07,-1.522782060000000066e-09,3.871000000000000085e+01,6.307000000000000000e+07,6.970000000000000000e+07
6.564613491673735529e+07,-1.523318930000000267e-09,3.871500000000000341e+01,6.307000000000000000e+07,6.970000000000000000e+07
6.563731774518799782e+07,-1.523523560000000274e-09,3.871999999999999886e+01,6.307000000000000000e+07,6.970000000000000000e+07
6.565166134483358264e+07,-1.523190700000000006e-09,3.872500000000000142e+01,6.307000000000000000e+07,6.970000000000000000e+07
6.564668264795767516e+07,-1.523306220000000104e-09,3.873000000000000398e+01,6.307000000000000000e+07,6.970000000000000000e+07
6.564575525946898013e+07,-1.523327740000000222e-09,3.873499999999999943e+01,6.307000000000000000e+07,6.970000000000000000e+07
6.566487760299925506e+07,-1.522884130000000012e-09,3.874000000000000199e+01,6.307000000000000000e+07,6.970000000000000000e+07
6.567294783974058926e+07,-1.522696990000000162e-09,3.874499999999999744e+01,6.307000000000000000e+07,6.970000000000000000e+07
6.567010573786703497e+07,-1.522762890000000283e-09,3.875000000000000000e+01,6.307000000000000000e+07,6.970000000000000000e+07
6.566932560452651978e+07,-1.522780980000000218e-09,3.875500000000000256e+01,6.307000000000000000e+07,6.970000000000000000e+07
6.569569610348249227e+07,-1.522169730000000170e-09,3.875999999999999801e+01,6.307000000000000000e+07,6.970000000000000000e+07
6.571962150913307071e+07,-1.521615580000000126e-09,3.876500000000000057e+01,6.307000000000000000e+07,6.970000000000000000e+07
6.581098738257928938e+07,-1.519503110000000180e-09,3.877000000000000313e+01,6.307000000000000000e+07,6.970000000000000000e+07
6.594171314381482452e+07,-1.516490780000000168e-09,3.877499999999999858e+01,6.307000000000000000e+07,6.970000000000000000e+07
6.603945692452598363e+07,-1.514246250000000064e-09,3.878000000000000114e+01,6.307000000000000000e+07,6.970000000000000000e+07
6.612842099680527300e+07,-1.512209100000000016e-09,3.878500000000000369e+01,6.307000000000000000e+07,6.970000000000000000e+07
6.623195806690479815e+07,-1.509845139999999973e-09,3.878999999999999915e+01,6.307000000000000000e+07,6.970000000000000000e+07
6.622180973981371522e+07,-1.510076520000000029e-09,3.879500000000000171e+01,6.307000000000000000e+07,6.970000000000000000e+07
6.612577764327793568e+07,-1.512269550000000260e-09,3.880000000000000426e+01,6.307000000000000000e+07,6.970000000000000000e+07
6.604631127718969434e+07,-1.514089100000000220e-09,3.880499999999999972e+01,6.307000000000000000e+07,6.970000000000000000e+07
6.600014179470463842e+07,-1.515148259999999988e-09,3.881000000000000227e+01,6.307000000000000000e+07,6.970000000000000000e+07
6.596462147161754221e+07,-1.515964129999999998e-09,3.881499999999999773e+01,6.307000000000000000e+07,6.970000000000000000e+07
6.599738542118020356e+07,-1.515211540000000018e-09,3.882000000000000028e+01,6.307000000000000000e+07,6.970000000000000000e+07
6.605104887414335459e+07,-1.513980500000000136e-09,3.882500000000000284e+01,6.307000000000000000e+07,6.970000000000000000e+07
6.605107505060007423e+07,-1.513979900000000152e-09,3.882999999999999829e+01,6.307000000000000000e+07,6.970000000000000000e+07
6.605658783836784959e+07,-1.513853550000000200e-09,3.883500000000000085e+01,6.307000000000000000e+07,6.970000000000000000e+07
6.609936359070039541e+07,-1.512873870000000043e-09,3.884000000000000341e+01,6.307000000000000000e+07,6.970000000000000000e+07
6.608935849637192488e+07,-1.513102900000000176e-09,3.884499999999999886e+01,6.307000000000000000e+07,6.970000000000000000e+07
6.607167624582638592e+07,-1.513507839999999971e-09,3.885000000000000142e+01,6.307000000000000000e+07,6.970000000000000000e+07
6.612265224332372099e+07,-1.512341030000000009e-09,3.885500000000000398e+01,6.307000000000000000e+07,6.970000000000000000e+07
6.617383701549376547e+07,-1.511171250000000258e-09,3.885999999999999943e+01,6.307000000000000000e+07,6.970000000000000000e+07
6.617623371624577790e+07,-1.511116520000000265e-09,3.886500000000000199e+01,6.307000000000000000e+07,6.970000000000000000e+07
6.613180278594370931e+07,-1.512131770000000263e-09,3.886999999999999744e+01,6.307000000000000000e+07,6.970000000000000000e+07
6.597314900752171129e+07,-1.515768180000000194e-09,3.887500000000000000e+01,6.307000000000000000e+07,6.970000000000000000e+07
6.569896083099567145e+07,-1.522094090000000087e-09,3.888000000000000256e+01,6.307000000000000000e+07,6.970000000000000000e+07
6.547005862064655870e+07,-1.527415770000000063e-09,3.888499999999999801e+01,6.307000000000000000e+07,6.970000000000000000e+07
6.530805492765307426e+07,-1.531204690000000054e-09,3.889000000000000057e+01,6.307000000000000000e+07,6.970000000000000000e+07
6.509921090447197109e+07,-1.536116930000000041e-09,3.889500000000000313e+01,6.307000000000000000e+07,6.970000000000000000e+07
6.486531618721619248e+07,-1.541655940000000142e-09,3.889999999999999858e+01,6.307000000000000000e+07,6.970000000000000000e+07
6.464393509663585573e+07,-1.546935530000000184e-09,3.890500000000000114e+01,6.307000000000000000e+07,6.970000000000000000e+07
6.442656903515936434e+07,-1.552154669999999980e-09,3.891000000000000369e+01,6.307000000000000000e+07,6.970000000000000000e+07
6.420096896082815528e+07,-1.557608890000000185e-09,3.891499999999999915e+01,6.307000000000000000e+07,6.970000000000000000e+07
6.394048767243701965e+07,-1.563954290000000253e-09,3.892000000000000171e+01,6.307000000000000000e+07,6.970000000000000000e+07
6.362823275803102553e+07,-1.571629380000000216e-09,3.892500000000000426e+01,6.307000000000000000e+07,6.970000000000000000e+07
6.323120206391196698e+07,-1.581497690000000017e-09,3.892999999999999972e+01,6.307000000000000000e+07,6.970000000000000000e+07
6.288880729974535108e+07,-1.590108070000000297e-09,3.893500000000000227e+01,6.307000000000000000e+07,6.970000000000000000e+07
6.266276221679321676e+07,-1.595844110000000051e-09,3.893999999999999773e+01,6.307000000000000000e+07,6.970000000000000000e+07
6.242427233492709696e+07,-1.601940979999999973e-09,3.894500000000000028e+01,6.307000000000000000e+07,6.970000000000000000e+07
6.221486654472511262e+07,-1.607332870000000037e-09,3.895000000000000284e+01,6.307000000000000000e+07,6.970000000000000000e+07
6.203156168339712918e+07,-1.612082580000000202e-09,3.895499999999999829e+01,6.307000000000000000e+07,6.970000000000000000e+07
6.185734012373521179e+07,-1.616623020000000163e-09,3.896000000000000085e+01,6.307000000000000000e+07,6.970000000000000000e+07
6.170363781016035378e+07,-1.620649990000000144e-09,3.896500000000000341e+01,6.307000000000000000e+07,6.970000000000000000e+07
6.164041706423965842e+07,-1.622312189999999990e-09,3.896999999999999886e+01,6.307000000000000000e+07,6.970000000000000000e+07
6.160237181944797933e+07,-1.623314120000000209e-09,3.897500000000000142e+01,6.307000000000000000e+07,6.970000000000000000e+07
6.146951052652459592e+07,-1.626822779999999948e-09,3.898000000000000398e+01,6.307000000000000000e+07,6.970000000000000000e+07
6.132359611109547317e+07,-1.630693670000000095e-09,3.898499999999999943e+01,6.307000000000000000e+07,6.970000000000000000e+07
6.123587754463163018e+07,-1.633029590000000133e-09,3.899000000000000199e+01,6.307000000000000000e+07,6.970000000000000000e+07
6.114994601499316841e+07,-1.635324419999999935e-09,3.899499999999999744e+01,6.307000000000000000e+07,6.970000000000000000e+07
6.105829310955452919e+07,-1.637779160000000088e-09,3.900000000000000000e+01,6.307000000000000000e+07,6.970000000000000000e+07
6.094943606138112396e+07,-1.640704270000000131e-09,3.900500000000000256e+01,6.307000000000000000e+07,6.970000000000000000e+07
6.076988553669979423e+07,-1.645551889999999909e-09,3.900999999999999801e+01,6.307000000000000000e+07,6.970000000000000000e+07
6.051881228490252793e+07,-1.652378760000000096e-09,3.901500000000000057e+01,6.307000000000000000e+07,6.970000000000000000e+07
6.035404843610348552e+07,-1.656889680000000077e-09,3.902000000000000313e+01,6.307000000000000000e+07,6.970000000000000000e+07
6.018193878751772642e+07,-1.661628090000000156e-09,3.902499999999999858e+01,6.307000000000000000e+07,6.970000000000000000e+07
5.992590162264359742e+07,-1.668727500000000119e-09,3.903000000000000114e+01,6.307000000000000000e+07,6.970000000000000000e+07
5.966761629269132763e+07,-1.675950980000000217e-09,3.903500000000000369e+01,6.307000000000000000e+07,6.970000000000000000e+07
5.952219675571647286e+07,-1.680045520000000106e-09,3.903999999999999915e+01,6.307000000000000000e+07,6.970000000000000000e+07
5.942752631911428273e+07,-1.682721900000000147e-09,3.904500000000000171e+01,6.307000000000000000e+07,6.970000000000000000e+07
5.931679391305296868e+07,-1.685863200000000201e-09,3.905000000000000426e+01,6.307000000000000000e+07,6.970000000000000000e+07
5.918302170730257779e+07,-1.689673780000000107e-09,3.905499999999999972e+01,6.307000000000000000e+07,6.970000000000000000e+07
5.909029079159361869e+07,-1.692325400000000278e-09,3.906000000000000227e+01,6.307000000000000000e+07,6.970000000000000000e+07
5.902861635305884480e+07,-1.694093580000000117e-09,3.906499999999999773e+01,6.307000000000000000e+07,6.970000000000000000e+07
5.902949477771077305e+07,-1.694068370000000104e-09,3.907000000000000028e+01,6.307000000000000000e+07,6.970000000000000000e+07
5.907467147762914002e+07,-1.692772850000000224e-09,3.907500000000000284e+01,6.307000000000000000e+07,6.970000000000000000e+07
5.906461065355823934e+07,-1.693061190000000280e-09,3.907999999999999829e+01,6.307000000000000000e+07,6.970000000000000000e+07
5.898235431983695924e+07,-1.695422320000000123e-09,3.908500000000000085e+01,6.307000000000000000e+07,6.970000000000000000e+07
5.896844784106635302e+07,-1.695822150000000109e-09,3.909000000000000341e+01,6.307000000000000000e+07,6.970000000000000000e+07
5.896354945897611976e+07,-1.695963030000000060e-09,3.909499999999999886e+01,6.307000000000000000e+07,6.970000000000000000e+07
5.898701469886211306e+07,-1.695288370000000230e-09,3.910000000000000142e+01,6.307000000000000000e+07,6.970000000000000000e+07
5.906275511049643904e+07,-1.693114380000000030e-09,3.910500000000000398e+01,6.307000000000000000e+07,6.970000000000000000e+07
5.913940550017998368e+07,-1.690919939999999928e-09,3.910999999999999943e+01,6.307000000000000000e+07,6.970000000000000000e+07
5.920042789122072607e+07,-1.689176980000000146e-09,3.911500000000000199e+01,6.307000000000000000e+07,6.970000000000000000e+07
5.928864534694411606e+07,-1.686663599999999953e-09,3.911999999999999744e+01,6.307000000000000000e+07,6.970000000000000000e+07
5.937986178185200691e+07,-1.684072630000000090e-09,3.912500000000000000e+01,6.307000000000000000e+07,6.970000000000000000e+07
5.937908184797796607e+07,-1.684094750000000193e-09,3.913000000000000256e+01,6.307000000000000000e+07,6.970000000000000000e+07
5.940400367064466327e+07,-1.683388220000000254e-09,3.913499999999999801e+01,6.307000000000000000e+07,6.970000000000000000e+07
5.947250351543454826e+07,-1.681449310000000255e-09,3.914000000000000057e+01,6.307000000000000000e+07,6.970000000000000000e+07
5.952053624860475957e+07,-1.680092390000000034e-09,3.914500000000000313e+01,6.307000000000000000e+07,6.970000000000000000e+07
5.956074959704919159e+07,-1.678958050000000165e-09,3.914999999999999858e+01,6.307000000000000000e+07,6.970000000000000000e+07
5.964749677439758927e+07,-1.676516289999999931e-09,3.915500000000000114e+01,6.307000000000000000e+07,6.970000000000000000e+07
5.975582324531043321e+07,-1.673477070000000074e-09,3.916000000000000369e+01,6.307000000000000000e+07,6.970000000000000000e+07
5.985078433375555277e+07,-1.670821880000000130e-09,3.916499999999999915e+01,6.307000000000000000e+07,6.970000000000000000e+07
5.993808910862645507e+07,-1.668388190000000069e-09,3.917000000000000171e+01,6.307000000000000000e+07,6.970000000000000000e+07
5.996805501709239185e+07,-1.667554500000000086e-09,3.917500000000000426e+01,6.307000000000000000e+07,6.970000000000000000e+07
5.990202161775305867e+07,-1.669392739999999965e-09,3.917999999999999972e+01,6.307000000000000000e+07,6.970000000000000000e+07
5.984513873449673504e+07,-1.670979500000000206e-09,3.918500000000000227e+01,6.307000000000000000e+07,6.970000000000000000e+07
5.982511551317472756e+07,-1.671538770000000104e-09,3.918999999999999773e+01,6.307000000000000000e+07,6.970000000000000000e+07
5.975438747785143554e+07,-1.673517280000000112e-09,3.919500000000000028e+01,6.307000000000000000e+07,6.970000000000000000e+07
5.969754750953204185e+07,-1.675110689999999991e-09,3.920000000000000284e+01,6.307000000000000000e+07,6.970000000000000000e+07
5.969069689569099993e+07,-1.675302940000000063e-09,3.920499999999999829e+01,6.307000000000000000e+07,6.970000000000000000e+07
5.966571092142055929e+07,-1.676004499999999990e-09,3.921000000000000085e+01,6.307000000000000000e+07,6.970000000000000000e+07
5.961364622413990647e+07,-1.677468270000000150e-09,3.921500000000000341e+01,6.307000000000000000e+07,6.970000000000000000e+07
5.959739137211783230e+07,-1.677925790000000080e-09,3.921999999999999886e+01,6.307000000000000000e+07,6.970000000000000000e+07
5.958970651700083911e+07,-1.678142180000000155e-09,3.922500000000000142e+01,6.307000000000000000e+07,6.970000000000000000e+07
5.950111303674563020e+07,-1.680640830000000077e-09,3.923000000000000398e+01,6.307000000000000000e+07,6.970000000000000000e+07
5.933164879311624169e+07,-1.685441110000000109e-09,3.923499999999999943e+01,6.307000000000000000e+07,6.970000000000000000e+07
5.912802028218812495e+07,-1.691245530000000071e-09,3.924000000000000199e+01,6.307000000000000000e+07,6.970000000000000000e+07
5.892220990270110220e+07,-1.697152910000000221e-09,3.924499999999999744e+01,6.307000000000000000e+07,6.970000000000000000e+07
5.873119844017454982e+07,-1.702672559999999900e-09,3.925000000000000000e+01,6.307000000000000000e+07,6.970000000000000000e+07
5.862968828124976158e+07,-1.705620530000000034e-09,3.925500000000000256e+01,6.307000000000000000e+07,6.970000000000000000e+07
5.848259104265663773e+07,-1.709910560000000160e-09,3.925999999999999801e+01,6.307000000000000000e+07,6.970000000000000000e+07
5.828996365737345815e+07,-1.715561200000000195e-09,3.926500000000000057e+01,6.307000000000000000e+07,6.970000000000000000e+07
5.814880420880114287e+07,-1.719725820000000214e-09,3.927000000000000313e+01,6.307000000000000000e+07,6.970000000000000000e+07
5.800244677521476150e+07,-1.724065200000000148e-09,3.927499999999999858e+01,6.307000000000000000e+07,6.970000000000000000e+07
5.785911797732207179e+07,-1.728336060000000078e-09,3.928000000000000114e+01,6.307000000000000000e+07,6.970000000000000000e+07
5.771863949063023925e+07,-1.732542569999999967e-09,3.928500000000000369e+01,6.307000000000000000e+07,6.970000000000000000e+07
5.761821399324011803e+07,-1.735562300000000063e-09,3.928999999999999915e+01,6.307000000000000000e+07,6.970000000000000000e+07
5.751267216964785010e+07,-1.738747239999999925e-09,3.929500000000000171e+01,6.307000000000000000e+07,6.970000000000000000e+07
5.736338790142246336e+07,-1.743272210000000042e-09,3.930000000000000426e+01,6.307000000000000000e+07,6.970000000000000000e+07
5.728383888975304365e+07,-1.745693060000000186e-09,3.930499999999999972e+01,6.307000000000000000e+07,6.970000000000000000e+07
5.716147969966924191e+07,-1.749429870000000068e-09,3.931000000000000227e+01,6.307000000000000000e+07,6.970000000000000000e+07
5.700898343570351601e+07,-1.754109509999999942e-09,3.931499999999999773e+01,6.307000000000000000e+07,6.970000000000000000e+07
5.694432190342728049e+07,-1.756101340000000143e-09,3.932000000000000028e+01,6.307000000000000000e+07,6.970000000000000000e+07
5.693453951888161898e+07,-1.756403070000000083e-09,3.932500000000000284e+01,6.307000000000000000e+07,6.970000000000000000e+07
5.684502138882040232e+07,-1.759169009999999970e-09,3.932999999999999829e+01,6.307000000000000000e+07,6.970000000000000000e+07
5.676710625940567255e+07,-1.761583540000000085e-09,3.933500000000000085e+01,6.307000000000000000e+07,6.970000000000000000e+07
5.676549215287176520e+07,-1.761633630000000088e-09,3.934000000000000341e+01,6.307000000000000000e+07,6.970000000000000000e+07
5.674279933167196810e+07,-1.762338149999999965e-09,3.934499999999999886e+01,6.307000000000000000e+07,6.970000000000000000e+07
5.672853944461569190e+07,-1.762781149999999939e-09,3.935000000000000142e+01,6.307000000000000000e+07,6.970000000000000000e+07
5.671462188534568995e+07,-1.763213730000000025e-09,3.935500000000000398e+01,6.307000000000000000e+07,6.970000000000000000e+07
5.666624159429971874e+07,-1.764719120000000094e-09,3.935999999999999943e+01,6.307000000000000000e+07,6.970000000000000000e+07
5.658128850112675130e+07,-1.767368730000000204e-09,3.936500000000000199e+01,6.307000000000000000e+07,6.970000000000000000e+07
5.647692736508584023e+07,-1.770634570000000005e-09,3.936999999999999744e+01,6.307000000000000000e+07,6.970000000000000000e+07
5.635299647732347250e+07,-1.774528530000000144e-09,3.937500000000000000e+01,6.307000000000000000e+07,6.970000000000000000e+07
5.619832546411597729e+07,-1.779412450000000119e-09,3.938000000000000256e+01,6.307000000000000000e+07,6.970000000000000000e+07
5.604430046389660239e+07,-1.784302760000000229e-09,3.938499999999999801e+01,6.307000000000000000e+07,6.970000000000000000e+07
5.597989811121136695e+07,-1.786355520000000125e-09,3.939000000000000057e+01,6.307000000000000000e+07,6.970000000000000000e+07
5.595579523511671275e+07,-1.787124990000000027e-09,3.939500000000000313e+01,6.307000000000000000e+07,6.970000000000000000e+07
5.593573333279038221e+07,-1.787765960000000119e-09,3.939999999999999858e+01,6.307000000000000000e+07,6.970000000000000000e+07
5.590704188551105559e+07,-1.788683440000000094e-09,3.940500000000000114e+01,6.307000000000000000e+07,6.970000000000000000e+07
5.581548143068607897e+07,-1.791617620000000216e-09,3.941000000000000369e+01,6.307000000000000000e+07,6.970000000000000000e+07
5.570387734135442227e+07,-1.795207170000000264e-09,3.941499999999999915e+01,6.307000000000000000e+07,6.970000000000000000e+07
5.561635164341535419e+07,-1.798032360000000219e-09,3.942000000000000171e+01,6.307000000000000000e+07,6.970000000000000000e+07
5.556960200734295696e+07,-1.799545009999999955e-09,3.942500000000000426e+01,6.307000000000000000e+07,6.970000000000000000e+07
5.554094057416502386e+07,-1.800473650000000220e-09,3.942999999999999972e+01,6.307000000000000000e+07,6.970000000000000000e+07
5.557159753210758418e+07,-1.799480390000000160e-09,3.943500000000000227e+01,6.307000000000000000e+07,6.970000000000000000e+07
5.566611805295127630e+07,-1.796424889999999952e-09,3.943999999999999773e+01,6.307000000000000000e+07,6.970000000000000000e+07
5.576038762212625891e+07,-1.793387820000000161e-09,3.944500000000000028e+01,6.307000000000000000e+07,6.970000000000000000e+07
5.586890624850026518e+07,-1.789904380000000271e-09,3.945000000000000284e+01,6.307000000000000000e+07,6.970000000000000000e+07
5.599457887364742905e+07,-1.785887170000000134e-09,3.945499999999999829e+01,6.307000000000000000e+07,6.970000000000000000e+07
5.604155037110938877e+07,-1.784390320000000058e-09,3.946000000000000085e+01,6.307000000000000000e+07,6.970000000000000000e+07
5.599475821869362891e+07,-1.785881450000000090e-09,3.946500000000000341e+01,6.307000000000000000e+07,6.970000000000000000e+07
5.592829683621399105e+07,-1.788003670000000041e-09,3.946999999999999886e+01,6.307000000000000000e+07,6.970000000000000000e+07
5.588203173454523832e+07,-1.789483970000000219e-09,3.947500000000000142e+01,6.307000000000000000e+07,6.970000000000000000e+07
5.586059349847266823e+07,-1.790170740000000021e-09,3.948000000000000398e+01,6.307000000000000000e+07,6.970000000000000000e+07
5.584759566439030319e+07,-1.790587380000000237e-09,3.948499999999999943e+01,6.307000000000000000e+07,6.970000000000000000e+07
5.581508547022643685e+07,-1.791630330000000173e-09,3.949000000000000199e+01,6.307000000000000000e+07,6.970000000000000000e+07
5.578310880213667452e+07,-1.792657350000000076e-09,3.949499999999999744e+01,6.307000000000000000e+07,6.970000000000000000e+07
5.579989741635259986e+07,-1.792117989999999949e-09,3.950000000000000000e+01,6.307000000000000000e+07,6.970000000000000000e+07
5.588634496854621172e+07,-1.789345860000000199e-09,3.950500000000000256e+01,6.307000000000000000e+07,6.970000000000000000e+07
5.597802262527555227e+07,-1.786415370000000178e-09,3.950999999999999801e+01,6.307000000000000000e+07,6.970000000000000000e+07
5.601171245235811919e+07,-1.785340879999999949e-09,3.951500000000000057e+01,6.307000000000000000e+07,6.970000000000000000e+07
5.603309982790385932e+07,-1.784659430000000064e-09,3.952000000000000313e+01,6.307000000000000000e+07,6.970000000000000000e+07
5.604054098265496641e+07,-1.784422460000000129e-09,3.952499999999999858e+01,6.307000000000000000e+07,6.970000000000000000e+07
5.608207337758291513e+07,-1.783100979999999997e-09,3.953000000000000114e+01,6.307000000000000000e+07,6.970000000000000000e+07
5.619292316215649992e+07,-1.779583520000000140e-09,3.953500000000000369e+01,6.307000000000000000e+07,6.970000000000000000e+07
5.633383344069528580e+07,-1.775132170000000206e-09,3.953999999999999915e+01,6.307000000000000000e+07,6.970000000000000000e+07
5.644154259409269691e+07,-1.771744630000000075e-09,3.954500000000000171e+01,6.307000000000000000e+07,6.970000000000000000e+07
5.652403108159247786e+07,-1.769159030000000145e-09,3.955000000000000426e+01,6.307000000000000000e+07,6.970000000000000000e+07
5.660243872852516174e+07,-1.766708329999999998e-09,3.955499999999999972e+01,6.307000000000000000e+07,6.970000000000000000e+07
5.660198859313708544e+07,-1.766722380000000134e-09,3.956000000000000227e+01,6.307000000000000000e+07,6.970000000000000000e+07
5.661038311416435242e+07,-1.766460400000000043e-09,3.956499999999999773e+01,6.307000000000000000e+07,6.970000000000000000e+07
5.668589529705866426e+07,-1.764107270000000062e-09,3.957000000000000028e+01,6.307000000000000000e+07,6.970000000000000000e+07
5.680210230488049239e+07,-1.760498220000000002e-09,3.957500000000000284e+01,6.307000000000000000e+07,6.970000000000000000e+07
5.692859385559097677e+07,-1.756586510000000201e-09,3.957999999999999829e+01,6.307000000000000000e+07,6.970000000000000000e+07
5.706872812609153241e+07,-1.752273149999999959e-09,3.958500000000000085e+01,6.307000000000000000e+07,6.970000000000000000e+07
5.719943850056797266e+07,-1.748268910000000110e-09,3.959000000000000341e+01,6.307000000000000000e+07,6.970000000000000000e+07
5.729011270219822228e+07,-1.745501889999999962e-09,3.959499999999999886e+01,6.307000000000000000e+07,6.970000000000000000e+07
5.737568208712902665e+07,-1.742898670000000123e-09,3.960000000000000142e+01,6.307000000000000000e+07,6.970000000000000000e+07
5.748675176127766073e+07,-1.739531230000000195e-09,3.960500000000000398e+01,6.307000000000000000e+07,6.970000000000000000e+07
5.759162291603848338e+07,-1.736363640000000074e-09,3.960999999999999943e+01,6.307000000000000000e+07,6.970000000000000000e+07
5.768720414973133802e+07,-1.733486680000000077e-09,3.961500000000000199e+01,6.307000000000000000e+07,6.970000000000000000e+07
5.781501617273901403e+07,-1.729654450000000093e-09,3.961999999999999744e+01,6.307000000000000000e+07,6.970000000000000000e+07
5.793246169889434427e+07,-1.726147950000000256e-09,3.962500000000000000e+01,6.307000000000000000e+07,6.970000000000000000e+07
5.797468387013620138e+07,-1.724890819999999958e-09,3.963000000000000256e+01,6.307000000000000000e+07,6.970000000000000000e+07
5.798578523703826219e+07,-1.724560590000000238e-09,3.963499999999999801e+01,6.307000000000000000e+07,6.970000000000000000e+07
5.799634359731937200e+07,-1.724246629999999997e-09,3.964000000000000057e+01,6.307000000000000000e+07,6.970000000000000000e+07
5.798430214181835204e+07,-1.724604700000000072e-09,3.964500000000000313e+01,6.307000000000000000e+07,6.970000000000000000e+07
5.801881661618990451e+07,-1.723578760000000223e-09,3.964999999999999858e+01,6.307000000000000000e+07,6.970000000000000000e+07
5.812347725934645534e+07,-1.720475180000000074e-09,3.965500000000000114e+01,6.307000000000000000e+07,6.970000000000000000e+07
5.822393826799958199e+07,-1.717506630000000081e-09,3.966000000000000369e+01,6.307000000000000000e+07,6.970000000000000000e+07
5.831095893246628344e+07,-1.714943500000000159e-09,3.966499999999999915e+01,6.307000000000000000e+07,6.970000000000000000e+07
5.844325940605833381e+07,-1.711061310000000132e-09,3.967000000000000171e+01,6.307000000000000000e+07,6.970000000000000000e+07
5.858088977845662832e+07,-1.707041330000000063e-09,3.967500000000000426e+01,6.307000000000000000e+07,6.970000000000000000e+07
5.869065859405611455e+07,-1.703848660000000095e-09,3.967999999999999972e+01,6.307000000000000000e+07,6.970000000000000000e+07
5.881807524624598771e+07,-1.700157640000000085e-09,3.968500000000000227e+01,6.307000000000000000e+07,6.970000000000000000e+07
5.896559730649396777e+07,-1.695904130000000103e-09,3.968999999999999773e+01,6.307000000000000000e+07,6.970000000000000000e+07
5.903707345197857171e+07,-1.693850899999999975e-09,3.969500000000000028e+01,6.307000000000000000e+07,6.970000000000000000e+07
5.905369745032177120e+07,-1.693374070000000052e-09,3.970000000000000284e+01,6.307000000000000000e+07,6.970000000000000000e+07
5.906708349677440524e+07,-1.692990310000000309e-09,3.970499999999999829e+01,6.307000000000000000e+07,6.970000000000000000e+07
5.898285946307431906e+07,-1.695407799999999961e-09,3.971000000000000085e+01,6.307000000000000000e+07,6.970000000000000000e+07
5.889702562422881275e+07,-1.697878610000000150e-09,3.971500000000000341e+01,6.307000000000000000e+07,6.970000000000000000e+07
5.890213916724780202e+07,-1.697731210000000105e-09,3.971999999999999886e+01,6.307000000000000000e+07,6.970000000000000000e+07
5.893179023033614457e+07,-1.696877009999999953e-09,3.972500000000000142e+01,6.307000000000000000e+07,6.970000000000000000e+07
5.891661454362874478e+07,-1.697314090000000233e-09,3.973000000000000398e+01,6.307000000000000000e+07,6.970000000000000000e+07
5.893387581415970623e+07,-1.696816960000000043e-09,3.973499999999999943e+01,6.307000000000000000e+07,6.970000000000000000e+07
5.899240105903629959e+07,-1.695133580000000146e-09,3.974000000000000199e+01,6.307000000000000000e+07,6.970000000000000000e+07
5.902355119964895397e+07,-1.694238960000000262e-09,3.974499999999999744e+01,6.307000000000000000e+07,6.970000000000000000e+07
5.899979233253095299e+07,-1.694921220000000033e-09,3.975000000000000000e+01,6.307000000000000000e+07,6.970000000000000000e+07
5.903220582863102853e+07,-1.693990570000000119e-09,3.975500000000000256e+01,6.307000000000000000e+07,6.970000000000000000e+07
5.907915658170694113e+07,-1.692644340000000162e-09,3.975999999999999801e+01,6.307000000000000000e+07,6.970000000000000000e+07
5.911725733004331589e+07,-1.691553440000000244e-09,3.976500000000000057e+01,6.307000000000000000e+07,6.970000000000000000e+07
5.914816516003672034e+07,-1.690669520000000048e-09,3.977000000000000313e+01,6.307000000000000000e+07,6.970000000000000000e+07
5.908928590822519362e+07,-1.692354180000000064e-09,3.977499999999999858e+01,6.307000000000000000e+07,6.970000000000000000e+07
5.893921044019940495e+07,-1.696663379999999973e-09,3.978000000000000114e+01,6.307000000000000000e+07,6.970000000000000000e+07
5.882112985567323864e+07,-1.700069350000000106e-09,3.978500000000000369e+01,6.307000000000000000e+07,6.970000000000000000e+07
5.879576466825859249e+07,-1.700802780000000141e-09,3.978999999999999915e+01,6.307000000000000000e+07,6.970000000000000000e+07
5.879328925635713339e+07,-1.700874390000000263e-09,3.979500000000000171e+01,6.307000000000000000e+07,6.970000000000000000e+07
5.882284222256086022e+07,-1.700019860000000088e-09,3.980000000000000426e+01,6.307000000000000000e+07,6.970000000000000000e+07
5.891589532650897652e+07,-1.697334810000000096e-09,3.980499999999999972e+01,6.307000000000000000e+07,6.970000000000000000e+07
5.899890991844067723e+07,-1.694946570000000048e-09,3.981000000000000227e+01,6.307000000000000000e+07,6.970000000000000000e+07
5.905906565073655546e+07,-1.693220150000000121e-09,3.981499999999999773e+01,6.307000000000000000e+07,6.970000000000000000e+07
5.914782405772326142e+07,-1.690679270000000054e-09,3.982000000000000028e+01,6.307000000000000000e+07,6.970000000000000000e+07
5.922444546315754950e+07,-1.688491960000000075e-09,3.982500000000000284e+01,6.307000000000000000e+07,6.970000000000000000e+07
5.925870266640754789e+07,-1.687515850000000104e-09,3.982999999999999829e+01,6.307000000000000000e+07,6.970000000000000000e+07
5.925619970804114640e+07,-1.687587130000000203e-09,3.983500000000000085e+01,6.307000000000000000e+07,6.970000000000000000e+07
5.920134928873634338e+07,-1.689150690000000079e-09,3.984000000000000341e+01,6.307000000000000000e+07,6.970000000000000000e+07
5.907561025326924771e+07,-1.692745950000000127e-09,3.984499999999999886e+01,6.307000000000000000e+07,6.970000000000000000e+07
5.895792956118102372e+07,-1.696124690000000142e-09,3.985000000000000142e+01,6.307000000000000000e+07,6.970000000000000000e+07
5.891478911321624368e+07,-1.697366680000000205e-09,3.985500000000000398e+01,6.307000000000000000e+07,6.970000000000000000e+07
5.889145134754595160e+07,-1.698039319999999929e-09,3.985999999999999943e+01,6.307000000000000000e+07,6.970000000000000000e+07
5.887377644838174433e+07,-1.698549100000000015e-09,3.986500000000000199e+01,6.307000000000000000e+07,6.970000000000000000e+07
5.891843036729431152e+07,-1.697261780000000060e-09,3.986999999999999744e+01,6.307000000000000000e+07,6.970000000000000000e+07
5.895624199330016226e+07,-1.696173240000000109e-09,3.987500000000000000e+01,6.307000000000000000e+07,6.970000000000000000e+07
5.896118817878883332e+07,-1.696030950000000080e-09,3.988000000000000256e+01,6.307000000000000000e+07,6.970000000000000000e+07
5.900558628897576779e+07,-1.694754790000000002e-09,3.988499999999999801e+01,6.307000000000000000e+07,6.970000000000000000e+07
5.903610313923651725e+07,-1.693878740000000122e-09,3.989000000000000057e+01,6.307000000000000000e+07,6.970000000000000000e+07
5.895531187359981239e+07,-1.696199999999999995e-09,3.989500000000000313e+01,6.307000000000000000e+07,6.970000000000000000e+07
5.889822691481934488e+07,-1.697843980000000154e-09,3.989999999999999858e+01,6.307000000000000000e+07,6.970000000000000000e+07
5.885650359479632974e+07,-1.699047580000000015e-09,3.990500000000000114e+01,6.307000000000000000e+07,6.970000000000000000e+07
5.872833389167339355e+07,-1.702755610000000111e-09,3.991000000000000369e+01,6.307000000000000000e+07,6.970000000000000000e+07
5.856773482989514619e+07,-1.707424749999999946e-09,3.991499999999999915e+01,6.307000000000000000e+07,6.970000000000000000e+07
5.846438851952809840e+07,-1.710442929999999962e-09,3.992000000000000171e+01,6.307000000000000000e+07,6.970000000000000000e+07
5.841221874268423021e+07,-1.711970580000000137e-09,3.992500000000000426e+01,6.307000000000000000e+07,6.970000000000000000e+07
5.836834933298314363e+07,-1.713257290000000063e-09,3.992999999999999972e+01,6.307000000000000000e+07,6.970000000000000000e+07
5.838779435389094800e+07,-1.712686720000000078e-09,3.993500000000000227e+01,6.307000000000000000e+07,6.970000000000000000e+07
5.843350911184677482e+07,-1.711346819999999989e-09,3.993999999999999773e+01,6.307000000000000000e+07,6.970000000000000000e+07
5.838038145028999448e+07,-1.712904190000000001e-09,3.994500000000000028e+01,6.307000000000000000e+07,6.970000000000000000e+07
5.829369934998910874e+07,-1.715451260000000139e-09,3.995000000000000284e+01,6.307000000000000000e+07,6.970000000000000000e+07
5.823529707394479215e+07,-1.717171629999999999e-09,3.995499999999999829e+01,6.307000000000000000e+07,6.970000000000000000e+07
5.819152664451799542e+07,-1.718463250000000290e-09,3.996000000000000085e+01,6.307000000000000000e+07,6.970000000000000000e+07
5.815028457237362862e+07,-1.719682039999999989e-09,3.996500000000000341e+01,6.307000000000000000e+07,6.970000000000000000e+07
5.810480273788435757e+07,-1.721028130000000150e-09,3.996999999999999886e+01,6.307000000000000000e+07,6.970000000000000000e+07
5.809459061166086048e+07,-1.721330660000000138e-09,3.997500000000000142e+01,6.307000000000000000e+07,6.970000000000000000e+07
5.809255050701406598e+07,-1.721391109999999969e-09,3.998000000000000398e+01,6.307000000000000000e+07,6.970000000000000000e+07
5.810372204657530785e+07,-1.721060140000000262e-09,3.998499999999999943e+01,6.307000000000000000e+07,6.970000000000000000e+07
5.806540393032757193e+07,-1.722195890000000208e-09,3.999000000000000199e+01,6.307000000000000000e+07,6.970000000000000000e+07
5.801321044340819865e+07,-1.723745320000000005e-09,3.999499999999999744e+01,6.307000000000000000e+07,6.970000000000000000e+07
5.801056054409635812e+07,-1.723824060000000249e-09,4.000000000000000000e+01,6.307000000000000000e+07,6.970000000000000000e+07
5.805605567622184008e+07,-1.722473200000000139e-09,4.000500000000000256e+01,6.307000000000000000e+07,6.970000000000000000e+07
5.809243475351095945e+07,-1.721394539999999946e-09,4.000999999999999801e+01,6.307000000000000000e+07,6.970000000000000000e+07
5.812948186297967285e+07,-1.720297460000000208e-09,4.001500000000000057e+01,6.307000000000000000e+07,6.970000000000000000e+07
5.822887151422177255e+07,-1.717361120000000184e-09,4.002000000000000313e+01,6.307000000000000000e+07,6.970000000000000000e+07
5.832895613403518498e+07,-1.714414360000000064e-09,4.002499999999999858e+01,6.307000000000000000e+07,6.970000000000000000e+07
5.841045002202716470e+07,-1.712022420000000077e-09,4.003000000000000114e+01,6.307000000000000000e+07,6.970000000000000000e+07
5.850287378401630372e+07,-1.709317740000000114e-09,4.003500000000000369e+01,6.307000000000000000e+07,6.970000000000000000e+07
5.853119330101595819e+07,-1.708490710000000021e-09,4.003999999999999915e+01,6.307000000000000000e+07,6.970000000000000000e+07
5.846300251903046668e+07,-1.710483480000000066e-09,4.004500000000000171e+01,6.307000000000000000e+07,6.970000000000000000e+07
5.842245786388307810e+07,-1.711670540000000280e-09,4.005000000000000426e+01,6.307000000000000000e+07,6.970000000000000000e+07
5.846890313261531293e+07,-1.710310860000000172e-09,4.005499999999999972e+01,6.307000000000000000e+07,6.970000000000000000e+07
5.854766041265632212e+07,-1.708010180000000159e-09,4.006000000000000227e+01,6.307000000000000000e+07,6.970000000000000000e+07
5.855189717251659185e+07,-1.707886590000000095e-09,4.006499999999999773e+01,6.307000000000000000e+07,6.970000000000000000e+07
5.850232857110923529e+07,-1.709333669999999940e-09,4.007000000000000028e+01,6.307000000000000000e+07,6.970000000000000000e+07
5.844359721229184419e+07,-1.711051420000000122e-09,4.007500000000000284e+01,6.307000000000000000e+07,6.970000000000000000e+07
5.836997820021402091e+07,-1.713209480000000084e-09,4.007999999999999829e+01,6.307000000000000000e+07,6.970000000000000000e+07
5.833077742449353635e+07,-1.714360830000000040e-09,4.008500000000000085e+01,6.307000000000000000e+07,6.970000000000000000e+07
5.824049037188305706e+07,-1.717018510000000116e-09,4.009000000000000341e+01,6.307000000000000000e+07,6.970000000000000000e+07
5.814500761353637278e+07,-1.719838109999999985e-09,4.009499999999999886e+01,6.307000000000000000e+07,6.970000000000000000e+07
5.812579218915601820e+07,-1.720406660000000277e-09,4.010000000000000142e+01,6.307000000000000000e+07,6.970000000000000000e+07
5.815481438498181105e+07,-1.719548090000000096e-09,4.010500000000000398e+01,6.307000000000000000e+07,6.970000000000000000e+07
5.817278130466423184e+07,-1.719017000000000207e-09,4.010999999999999943e+01,6.307000000000000000e+07,6.970000000000000000e+07
5.818624219818499684e+07,-1.718619320000000079e-09,4.011500000000000199e+01,6.307000000000000000e+07,6.970000000000000000e+07
5.815908783379695565e+07,-1.719421740000000145e-09,4.011999999999999744e+01,6.307000000000000000e+07,6.970000000000000000e+07
5.804419324671831727e+07,-1.722825220000000146e-09,4.012500000000000000e+01,6.307000000000000000e+07,6.970000000000000000e+07
5.787143871463830769e+07,-1.727968100000000201e-09,4.013000000000000256e+01,6.307000000000000000e+07,6.970000000000000000e+07
5.778046523709668219e+07,-1.730688730000000078e-09,4.013499999999999801e+01,6.307000000000000000e+07,6.970000000000000000e+07
5.774848964311444759e+07,-1.731647020000000075e-09,4.014000000000000057e+01,6.307000000000000000e+07,6.970000000000000000e+07
5.771481125216501951e+07,-1.732657490000000080e-09,4.014500000000000313e+01,6.307000000000000000e+07,6.970000000000000000e+07
5.770461253510835022e+07,-1.732963720000000214e-09,4.014999999999999858e+01,6.307000000000000000e+07,6.970000000000000000e+07
5.772754547418121248e+07,-1.732275280000000210e-09,4.015500000000000114e+01,6.307000000000000000e+07,6.970000000000000000e+07
5.770014792183021456e+07,-1.733097810000000110e-09,4.016000000000000369e+01,6.307000000000000000e+07,6.970000000000000000e+07
5.764526128830114752e+07,-1.734747970000000088e-09,4.016499999999999915e+01,6.307000000000000000e+07,6.970000000000000000e+07
5.762042211580357701e+07,-1.735495790000000120e-09,4.017000000000000171e+01,6.307000000000000000e+07,6.970000000000000000e+07
5.756123257432976365e+07,-1.737280380000000268e-09,4.017500000000000426e+01,6.307000000000000000e+07,6.970000000000000000e+07
5.750645170632338524e+07,-1.738935320000000033e-09,4.017999999999999972e+01,6.307000000000000000e+07,6.970000000000000000e+07
5.751654046291497350e+07,-1.738630300000000119e-09,4.018500000000000227e+01,6.307000000000000000e+07,6.970000000000000000e+07
5.752388913906348497e+07,-1.738408189999999999e-09,4.018999999999999773e+01,6.307000000000000000e+07,6.970000000000000000e+07
5.751602869628814608e+07,-1.738645770000000170e-09,4.019500000000000028e+01,6.307000000000000000e+07,6.970000000000000000e+07
5.754062429931702465e+07,-1.737902590000000129e-09,4.020000000000000284e+01,6.307000000000000000e+07,6.970000000000000000e+07
5.758104627271611243e+07,-1.736682580000000165e-09,4.020499999999999829e+01,6.307000000000000000e+07,6.970000000000000000e+07
5.757929835364087671e+07,-1.736735300000000303e-09,4.021000000000000085e+01,6.307000000000000000e+07,6.970000000000000000e+07
5.750708103378570825e+07,-1.738916290000000046e-09,4.021500000000000341e+01,6.307000000000000000e+07,6.970000000000000000e+07
5.747582477722342312e+07,-1.739861939999999985e-09,4.021999999999999886e+01,6.307000000000000000e+07,6.970000000000000000e+07
5.741048382260403782e+07,-1.741842140000000077e-09,4.022500000000000142e+01,6.307000000000000000e+07,6.970000000000000000e+07
5.734936499657535553e+07,-1.743698470000000098e-09,4.023000000000000398e+01,6.307000000000000000e+07,6.970000000000000000e+07
5.735523078041415662e+07,-1.743520140000000203e-09,4.023499999999999943e+01,6.307000000000000000e+07,6.970000000000000000e+07
5.734611405412642658e+07,-1.743797320000000176e-09,4.024000000000000199e+01,6.307000000000000000e+07,6.970000000000000000e+07
5.733272510956355184e+07,-1.744204550000000246e-09,4.024499999999999744e+01,6.307000000000000000e+07,6.970000000000000000e+07
5.736822312622302771e+07,-1.743125280000000230e-09,4.025000000000000000e+01,6.307000000000000000e+07,6.970000000000000000e+07
5.742910711251508445e+07,-1.741277290000000138e-09,4.025500000000000256e+01,6.307000000000000000e+07,6.970000000000000000e+07
5.741483713187694550e+07,-1.741710070000000287e-09,4.025999999999999801e+01,6.307000000000000000e+07,6.970000000000000000e+07
5.733313171946453303e+07,-1.744192180000000149e-09,4.026500000000000057e+01,6.307000000000000000e+07,6.970000000000000000e+07
5.727528742600677162e+07,-1.745953700000000098e-09,4.027000000000000313e+01,6.307000000000000000e+07,6.970000000000000000e+07
5.727193925770194829e+07,-1.746055770000000044e-09,4.027499999999999858e+01,6.307000000000000000e+07,6.970000000000000000e+07
5.729490472401645780e+07,-1.745355900000000202e-09,4.028000000000000114e+01,6.307000000000000000e+07,6.970000000000000000e+07
5.737979075851074606e+07,-1.742773870000000045e-09,4.028500000000000369e+01,6.307000000000000000e+07,6.970000000000000000e+07
5.749823401361506432e+07,-1.739183850000000178e-09,4.028999999999999915e+01,6.307000000000000000e+07,6.970000000000000000e+07
5.759199771631602943e+07,-1.736352340000000194e-09,4.029500000000000171e+01,6.307000000000000000e+07,6.970000000000000000e+07
5.765310989724537730e+07,-1.734511810000000246e-09,4.030000000000000426e+01,6.307000000000000000e+07,6.970000000000000000e+07
5.771278174557640404e+07,-1.732718420000000188e-09,4.030499999999999972e+01,6.307000000000000000e+07,6.970000000000000000e+07
5.777018723733628541e+07,-1.730996640000000251e-09,4.031000000000000227e+01,6.307000000000000000e+07,6.970000000000000000e+07
5.782870993857567757e+07,-1.729244870000000101e-09,4.031499999999999773e+01,6.307000000000000000e+07,6.970000000000000000e+07
5.791592855470203608e+07,-1.726640710000000211e-09,4.032000000000000028e+01,6.307000000000000000e+07,6.970000000000000000e+07
5.796247502411441505e+07,-1.725254140000000258e-09,4.032500000000000284e+01,6.307000000000000000e+07,6.970000000000000000e+07
5.797232886827944219e+07,-1.724960890000000043e-09,4.032999999999999829e+01,6.307000000000000000e+07,6.970000000000000000e+07
5.798027822868556529e+07,-1.724724390000000134e-09,4.033500000000000085e+01,6.307000000000000000e+07,6.970000000000000000e+07
5.797981028205954283e+07,-1.724738310000000104e-09,4.034000000000000341e+01,6.307000000000000000e+07,6.970000000000000000e+07
5.798990979049040377e+07,-1.724437929999999974e-09,4.034499999999999886e+01,6.307000000000000000e+07,6.970000000000000000e+07
5.804281800110239536e+07,-1.722866040000000006e-09,4.035000000000000142e+01,6.307000000000000000e+07,6.970000000000000000e+07
5.814904969101455808e+07,-1.719718560000000133e-09,4.035500000000000398e+01,6.307000000000000000e+07,6.970000000000000000e+07
5.823576474484138936e+07,-1.717157840000000194e-09,4.035999999999999943e+01,6.307000000000000000e+07,6.970000000000000000e+07
5.831688126637487113e+07,-1.714769340000000021e-09,4.036500000000000199e+01,6.307000000000000000e+07,6.970000000000000000e+07
5.844313337015250325e+07,-1.711065000000000233e-09,4.036999999999999744e+01,6.307000000000000000e+07,6.970000000000000000e+07
5.855664887325295806e+07,-1.707748000000000212e-09,4.037500000000000000e+01,6.307000000000000000e+07,6.970000000000000000e+07
5.863867409607721120e+07,-1.705359160000000179e-09,4.038000000000000256e+01,6.307000000000000000e+07,6.970000000000000000e+07
5.875341136260306090e+07,-1.702028830000000128e-09,4.038499999999999801e+01,6.307000000000000000e+07,6.970000000000000000e+07
5.888989589956545085e+07,-1.698084170000000164e-09,4.039000000000000057e+01,6.307000000000000000e+07,6.970000000000000000e+07
5.899426401720673591e+07,-1.695080050000000122e-09,4.039500000000000313e+01,6.307000000000000000e+07,6.970000000000000000e+07
5.911228946862544119e+07,-1.691695600000000107e-09,4.039999999999999858e+01,6.307000000000000000e+07,6.970000000000000000e+07
5.924813044153714925e+07,-1.687816970000000222e-09,4.040500000000000114e+01,6.307000000000000000e+07,6.970000000000000000e+07
5.936710862708574533e+07,-1.684434400000000103e-09,4.041000000000000369e+01,6.307000000000000000e+07,6.970000000000000000e+07
5.946719781340540200e+07,-1.681599330000000183e-09,4.041499999999999915e+01,6.307000000000000000e+07,6.970000000000000000e+07
5.959885761148125678e+07,-1.677884510000000032e-09,4.042000000000000171e+01,6.307000000000000000e+07,6.970000000000000000e+07
5.970107017451846600e+07,-1.675011850000000165e-09,4.042500000000000426e+01,6.307000000000000000e+07,6.970000000000000000e+07
5.978929427604859322e+07,-1.672540230000000090e-09,4.042999999999999972e+01,6.307000000000000000e+07,6.970000000000000000e+07
5.993565667513297498e+07,-1.668455900000000188e-09,4.043500000000000227e+01,6.307000000000000000e+07,6.970000000000000000e+07
6.011287960464432091e+07,-1.663537010000000149e-09,4.043999999999999773e+01,6.307000000000000000e+07,6.970000000000000000e+07
6.023996880726222694e+07,-1.660027420000000196e-09,4.044500000000000028e+01,6.307000000000000000e+07,6.970000000000000000e+07
6.035669163051623106e+07,-1.656817120000000067e-09,4.045000000000000284e+01,6.307000000000000000e+07,6.970000000000000000e+07
6.048844138168883324e+07,-1.653208410000000074e-09,4.045499999999999829e+01,6.307000000000000000e+07,6.970000000000000000e+07
6.056717170986388624e+07,-1.651059430000000236e-09,4.046000000000000085e+01,6.307000000000000000e+07,6.970000000000000000e+07
6.061529433589777350e+07,-1.649748650000000206e-09,4.046500000000000341e+01,6.307000000000000000e+07,6.970000000000000000e+07
6.069783131261755526e+07,-1.647505320000000070e-09,4.046999999999999886e+01,6.307000000000000000e+07,6.970000000000000000e+07
6.076587042594481260e+07,-1.645660619999999951e-09,4.047500000000000142e+01,6.307000000000000000e+07,6.970000000000000000e+07
6.080831680700100958e+07,-1.644511890000000086e-09,4.048000000000000398e+01,6.307000000000000000e+07,6.970000000000000000e+07
6.087890435894902796e+07,-1.642605120000000158e-09,4.048499999999999943e+01,6.307000000000000000e+07,6.970000000000000000e+07
6.096143622217590362e+07,-1.640381300000000079e-09,4.049000000000000199e+01,6.307000000000000000e+07,6.970000000000000000e+07
6.100356315101972967e+07,-1.639248510000000084e-09,4.049499999999999744e+01,6.307000000000000000e+07,6.970000000000000000e+07
6.105344992653682828e+07,-1.637909080000000020e-09,4.050000000000000000e+01,6.307000000000000000e+07,6.970000000000000000e+07
6.113191250093998015e+07,-1.635806830000000106e-09,4.050500000000000256e+01,6.307000000000000000e+07,6.970000000000000000e+07
6.117724510655298829e+07,-1.634594690000000045e-09,4.050999999999999801e+01,6.307000000000000000e+07,6.970000000000000000e+07
6.122293960609859228e+07,-1.633374689999999919e-09,4.051500000000000057e+01,6.307000000000000000e+07,6.970000000000000000e+07
6.130090374941582978e+07,-1.631297320000000202e-09,4.052000000000000313e+01,6.307000000000000000e+07,6.970000000000000000e+07
6.135417135323061049e+07,-1.629881029999999998e-09,4.052499999999999858e+01,6.307000000000000000e+07,6.970000000000000000e+07
6.137864589770418406e+07,-1.629231120000000200e-09,4.053000000000000114e+01,6.307000000000000000e+07,6.970000000000000000e+07
6.143650303031557798e+07,-1.627696810000000135e-09,4.053500000000000369e+01,6.307000000000000000e+07,6.970000000000000000e+07
6.149070842190762609e+07,-1.626261959999999970e-09,4.053999999999999915e+01,6.307000000000000000e+07,6.970000000000000000e+07
6.148725306219585985e+07,-1.626353350000000110e-09,4.054500000000000171e+01,6.307000000000000000e+07,6.970000000000000000e+07
6.148690221688135713e+07,-1.626362630000000090e-09,4.055000000000000426e+01,6.307000000000000000e+07,6.970000000000000000e+07
6.151070450184359401e+07,-1.625733290000000107e-09,4.055499999999999972e+01,6.307000000000000000e+07,6.970000000000000000e+07
6.149608373567504436e+07,-1.626119810000000152e-09,4.056000000000000227e+01,6.307000000000000000e+07,6.970000000000000000e+07
6.143706391780040413e+07,-1.627681950000000113e-09,4.056499999999999773e+01,6.307000000000000000e+07,6.970000000000000000e+07
6.141830013037507981e+07,-1.628179220000000099e-09,4.057000000000000028e+01,6.307000000000000000e+07,6.970000000000000000e+07
6.136453104455250502e+07,-1.629605870000000132e-09,4.057500000000000284e+01,6.307000000000000000e+07,6.970000000000000000e+07
6.123209532201120257e+07,-1.633130460000000110e-09,4.057999999999999829e+01,6.307000000000000000e+07,6.970000000000000000e+07
6.112525369501699507e+07,-1.635985030000000249e-09,4.058500000000000085e+01,6.307000000000000000e+07,6.970000000000000000e+07
6.107015044515528530e+07,-1.637461170000000093e-09,4.059000000000000341e+01,6.307000000000000000e+07,6.970000000000000000e+07
6.101465615971507877e+07,-1.638950480000000289e-09,4.059499999999999886e+01,6.307000000000000000e+07,6.970000000000000000e+07
6.099880901655359566e+07,-1.639376270000000113e-09,4.060000000000000142e+01,6.307000000000000000e+07,6.970000000000000000e+07
6.102782128993627429e+07,-1.638596920000000039e-09,4.060500000000000398e+01,6.307000000000000000e+07,6.970000000000000000e+07
6.102835723507926613e+07,-1.638582530000000250e-09,4.060999999999999943e+01,6.307000000000000000e+07,6.970000000000000000e+07
6.102163606926910579e+07,-1.638763010000000003e-09,4.061500000000000199e+01,6.307000000000000000e+07,6.970000000000000000e+07
6.105223925083138794e+07,-1.637941560000000158e-09,4.061999999999999744e+01,6.307000000000000000e+07,6.970000000000000000e+07
6.106259528474517167e+07,-1.637663770000000156e-09,4.062500000000000000e+01,6.307000000000000000e+07,6.970000000000000000e+07
6.104559816216122359e+07,-1.638119750000000050e-09,4.063000000000000256e+01,6.307000000000000000e+07,6.970000000000000000e+07
6.106901966250829399e+07,-1.637491490000000122e-09,4.063499999999999801e+01,6.307000000000000000e+07,6.970000000000000000e+07
6.110199737480156124e+07,-1.636607710000000136e-09,4.064000000000000057e+01,6.307000000000000000e+07,6.970000000000000000e+07
6.111410325760659575e+07,-1.636283520000000232e-09,4.064500000000000313e+01,6.307000000000000000e+07,6.970000000000000000e+07
6.118760802863408625e+07,-1.634317850000000140e-09,4.064999999999999858e+01,6.307000000000000000e+07,6.970000000000000000e+07
6.128498833526045829e+07,-1.631720960000000168e-09,4.065500000000000114e+01,6.307000000000000000e+07,6.970000000000000000e+07
6.129668928980355710e+07,-1.631409480000000221e-09,4.066000000000000369e+01,6.307000000000000000e+07,6.970000000000000000e+07
6.129406907186964154e+07,-1.631479220000000077e-09,4.066499999999999915e+01,6.307000000000000000e+07,6.970000000000000000e+07
6.132655733748248965e+07,-1.630614930000000059e-09,4.067000000000000171e+01,6.307000000000000000e+07,6.970000000000000000e+07
6.132649904286506027e+07,-1.630616480000000139e-09,4.067500000000000426e+01,6.307000000000000000e+07,6.970000000000000000e+07
6.123922895352531970e+07,-1.632940220000000099e-09,4.067999999999999972e+01,6.307000000000000000e+07,6.970000000000000000e+07
6.113624748305125535e+07,-1.635690840000000189e-09,4.068500000000000227e+01,6.307000000000000000e+07,6.970000000000000000e+07
6.102421033024179190e+07,-1.638693879999999969e-09,4.068999999999999773e+01,6.307000000000000000e+07,6.970000000000000000e+07
6.093272129420807958e+07,-1.641154339999999961e-09,4.069500000000000028e+01,6.307000000000000000e+07,6.970000000000000000e+07
6.089100133845119178e+07,-1.642278790000000027e-09,4.070000000000000284e+01,6.307000000000000000e+07,6.970000000000000000e+07
6.092447109242901951e+07,-1.641376580000000039e-09,4.070499999999999829e+01,6.307000000000000000e+07,6.970000000000000000e+07
6.093656910821481794e+07,-1.641050710000000096e-09,4.071000000000000085e+01,6.307000000000000000e+07,6.970000000000000000e+07
6.094357610310477763e+07,-1.640862030000000211e-09,4.071500000000000341e+01,6.307000000000000000e+07,6.970000000000000000e+07
6.099247938332211971e+07,-1.639546400000000082e-09,4.071999999999999886e+01,6.307000000000000000e+07,6.970000000000000000e+07
6.101810589035722613e+07,-1.638857820000000075e-09,4.072500000000000142e+01,6.307000000000000000e+07,6.970000000000000000e+07
6.101430063550726324e+07,-1.638960030000000024e-09,4.073000000000000398e+01,6.307000000000000000e+07,6.970000000000000000e+07
6.105049749775683880e+07,-1.637988290000000082e-09,4.073499999999999943e+01,6.307000000000000000e+07,6.970000000000000000e+07
6.109249422564435750e+07,-1.636862290000000142e-09,4.074000000000000199e+01,6.307000000000000000e+07,6.970000000000000000e+07
6.108039205133738369e+07,-1.637186610000000211e-09,4.074499999999999744e+01,6.307000000000000000e+07,6.970000000000000000e+07
6.102526459990247339e+07,-1.638665570000000003e-09,4.075000000000000000e+01,6.307000000000000000e+07,6.970000000000000000e+07
6.099710007586818933e+07,-1.639422200000000195e-09,4.075500000000000256e+01,6.307000000000000000e+07,6.970000000000000000e+07
6.095879739411626011e+07,-1.640452310000000009e-09,4.075999999999999801e+01,6.307000000000000000e+07,6.970000000000000000e+07
6.090969135682830215e+07,-1.641774860000000151e-09,4.076500000000000057e+01,6.307000000000000000e+07,6.970000000000000000e+07
6.091828193826426566e+07,-1.641543340000000092e-09,4.077000000000000313e+01,6.307000000000000000e+07,6.970000000000000000e+07
6.092591130145069957e+07,-1.641337780000000078e-09,4.077499999999999858e+01,6.307000000000000000e+07,6.970000000000000000e+07
6.091848901483691484e+07,-1.641537760000000258e-09,4.078000000000000114e+01,6.307000000000000000e+07,6.970000000000000000e+07
6.096250579113323987e+07,-1.640352520000000086e-09,4.078500000000000369e+01,6.307000000000000000e+07,6.970000000000000000e+07
6.102616360676294565e+07,-1.638641430000000207e-09,4.078999999999999915e+01,6.307000000000000000e+07,6.970000000000000000e+07
6.106231190937898308e+07,-1.637671370000000097e-09,4.079500000000000171e+01,6.307000000000000000e+07,6.970000000000000000e+07
6.111753398671195656e+07,-1.636191670000000111e-09,4.080000000000000426e+01,6.307000000000000000e+07,6.970000000000000000e+07
6.117517885634104162e+07,-1.634649900000000108e-09,4.080499999999999972e+01,6.307000000000000000e+07,6.970000000000000000e+07
6.114774812410938740e+07,-1.635383199999999978e-09,4.081000000000000227e+01,6.307000000000000000e+07,6.970000000000000000e+07
6.112400019320073724e+07,-1.636018580000000191e-09,4.081499999999999773e+01,6.307000000000000000e+07,6.970000000000000000e+07
6.116831942752129585e+07,-1.634833210000000061e-09,4.082000000000000028e+01,6.307000000000000000e+07,6.970000000000000000e+07
6.120719838763590902e+07,-1.633794760000000112e-09,4.082500000000000284e+01,6.307000000000000000e+07,6.970000000000000000e+07
6.121840081387659907e+07,-1.633495790000000058e-09,4.082999999999999829e+01,6.307000000000000000e+07,6.970000000000000000e+07
6.126579481968909502e+07,-1.632232150000000125e-09,4.083500000000000085e+01,6.307000000000000000e+07,6.970000000000000000e+07
6.130106045010977238e+07,-1.631293150000000238e-09,4.084000000000000341e+01,6.307000000000000000e+07,6.970000000000000000e+07
6.129178567488384992e+07,-1.631540000000000138e-09,4.084499999999999886e+01,6.307000000000000000e+07,6.970000000000000000e+07
6.130402476187263429e+07,-1.631214270000000198e-09,4.085000000000000142e+01,6.307000000000000000e+07,6.970000000000000000e+07
6.133928100266218930e+07,-1.630276690000000226e-09,4.085500000000000398e+01,6.307000000000000000e+07,6.970000000000000000e+07
6.128578909289947897e+07,-1.631699639999999906e-09,4.085999999999999943e+01,6.307000000000000000e+07,6.970000000000000000e+07
6.118878364316120744e+07,-1.634286450000000056e-09,4.086500000000000199e+01,6.307000000000000000e+07,6.970000000000000000e+07
6.114769054283826053e+07,-1.635384740000000014e-09,4.086999999999999744e+01,6.307000000000000000e+07,6.970000000000000000e+07
6.112781391270389408e+07,-1.635916510000000038e-09,4.087500000000000000e+01,6.307000000000000000e+07,6.970000000000000000e+07
6.110815894200364500e+07,-1.636442690000000182e-09,4.088000000000000256e+01,6.307000000000000000e+07,6.970000000000000000e+07
6.113803450133004040e+07,-1.635643030000000004e-09,4.088499999999999801e+01,6.307000000000000000e+07,6.970000000000000000e+07
6.117113246417269111e+07,-1.634758030000000166e-09,4.089000000000000057e+01,6.307000000000000000e+07,6.970000000000000000e+07
6.114497275542047620e+07,-1.635457430000000190e-09,4.089500000000000313e+01,6.307000000000000000e+07,6.970000000000000000e+07
6.107914523865189403e+07,-1.637220029999999987e-09,4.089999999999999858e+01,6.307000000000000000e+07,6.970000000000000000e+07
6.104528736821795255e+07,-1.638128089999999978e-09,4.090500000000000114e+01,6.307000000000000000e+07,6.970000000000000000e+07
6.100140367889949679e+07,-1.639306540000000094e-09,4.091000000000000369e+01,6.307000000000000000e+07,6.970000000000000000e+07
6.098454547943823785e+07,-1.639759700000000040e-09,4.091499999999999915e+01,6.307000000000000000e+07,6.970000000000000000e+07
6.104684845034406334e+07,-1.638086200000000108e-09,4.092000000000000171e+01,6.307000000000000000e+07,6.970000000000000000e+07
6.106008042027799785e+07,-1.637731220000000150e-09,4.092500000000000426e+01,6.307000000000000000e+07,6.970000000000000000e+07
6.097478622468604892e+07,-1.640022150000000157e-09,4.092999999999999972e+01,6.307000000000000000e+07,6.970000000000000000e+07
6.087752344487787783e+07,-1.642642380000000082e-09,4.093500000000000227e+01,6.307000000000000000e+07,6.970000000000000000e+07
6.082514725692119449e+07,-1.644056850000000037e-09,4.093999999999999773e+01,6.307000000000000000e+07,6.970000000000000000e+07
6.075958904036760330e+07,-1.645830750000000128e-09,4.094500000000000028e+01,6.307000000000000000e+07,6.970000000000000000e+07
6.073904635530523211e+07,-1.646387390000000097e-09,4.095000000000000284e+01,6.307000000000000000e+07,6.970000000000000000e+07
6.075173332137253135e+07,-1.646043570000000016e-09,4.095499999999999829e+01,6.307000000000000000e+07,6.970000000000000000e+07
6.067987528392416984e+07,-1.647992840000000050e-09,4.096000000000000085e+01,6.307000000000000000e+07,6.970000000000000000e+07
6.051766703449507058e+07,-1.652410030000000014e-09,4.096500000000000341e+01,6.307000000000000000e+07,6.970000000000000000e+07
6.038392899120470881e+07,-1.656069780000000106e-09,4.096999999999999886e+01,6.307000000000000000e+07,6.970000000000000000e+07
6.028005874171164632e+07,-1.658923399999999942e-09,4.097500000000000142e+01,6.307000000000000000e+07,6.970000000000000000e+07
6.018978223553470522e+07,-1.661411560000000078e-09,4.098000000000000398e+01,6.307000000000000000e+07,6.970000000000000000e+07
6.013702316948403418e+07,-1.662869140000000168e-09,4.098499999999999943e+01,6.307000000000000000e+07,6.970000000000000000e+07
5.999748214566427469e+07,-1.666736610000000176e-09,4.099000000000000199e+01,6.307000000000000000e+07,6.970000000000000000e+07
5.975843572637522966e+07,-1.673403910000000079e-09,4.099499999999999744e+01,6.307000000000000000e+07,6.970000000000000000e+07
5.959435327531430125e+07,-1.678011330000000009e-09,4.100000000000000000e+01,6.307000000000000000e+07,6.970000000000000000e+07
5.944772139440146834e+07,-1.682150260000000152e-09,4.100500000000000256e+01,6.307000000000000000e+07,6.970000000000000000e+07
5.924260287233613431e+07,-1.687974450000000088e-09,4.100999999999999801e+01,6.307000000000000000e+07,6.970000000000000000e+07
5.904905930478896946e+07,-1.693507080000000100e-09,4.101500000000000057e+01,6.307000000000000000e+07,6.970000000000000000e+07
5.887177691077050567e+07,-1.698606789999999959e-09,4.102000000000000313e+01,6.307000000000000000e+07,6.970000000000000000e+07
5.864655755967263877e+07,-1.705129920000000144e-09,4.102499999999999858e+01,6.307000000000000000e+07,6.970000000000000000e+07
5.842070012722392380e+07,-1.711722040000000153e-09,4.103000000000000114e+01,6.307000000000000000e+07,6.970000000000000000e+07
5.831149616394907236e+07,-1.714927700000000085e-09,4.103500000000000369e+01,6.307000000000000000e+07,6.970000000000000000e+07
5.819285645676336437e+07,-1.718423980000000097e-09,4.103999999999999915e+01,6.307000000000000000e+07,6.970000000000000000e+07
5.802133160058428347e+07,-1.723504050000000147e-09,4.104500000000000171e+01,6.307000000000000000e+07,6.970000000000000000e+07
5.792239829311959445e+07,-1.726447850000000110e-09,4.105000000000000426e+01,6.307000000000000000e+07,6.970000000000000000e+07
5.796027252224616706e+07,-1.725319700000000105e-09,4.105499999999999972e+01,6.307000000000000000e+07,6.970000000000000000e+07
5.804740352977205813e+07,-1.722729940000000049e-09,4.106000000000000227e+01,6.307000000000000000e+07,6.970000000000000000e+07
5.816025481263894588e+07,-1.719387240000000107e-09,4.106499999999999773e+01,6.307000000000000000e+07,6.970000000000000000e+07
5.829562344907408953e+07,-1.715394639999999998e-09,4.107000000000000028e+01,6.307000000000000000e+07,6.970000000000000000e+07
5.833320281279204041e+07,-1.714289550000000148e-09,4.107500000000000284e+01,6.307000000000000000e+07,6.970000000000000000e+07
5.832167959251995385e+07,-1.714628260000000213e-09,4.107999999999999829e+01,6.307000000000000000e+07,6.970000000000000000e+07
5.835021784411979467e+07,-1.713789660000000071e-09,4.108500000000000085e+01,6.307000000000000000e+07,6.970000000000000000e+07
5.838612290308064222e+07,-1.712735750000000115e-09,4.109000000000000341e+01,6.307000000000000000e+07,6.970000000000000000e+07
5.839513548433489352e+07,-1.712471410000000058e-09,4.109499999999999886e+01,6.307000000000000000e+07,6.970000000000000000e+07
5.844331234813213348e+07,-1.711059760000000051e-09,4.110000000000000142e+01,6.307000000000000000e+07,6.970000000000000000e+07
5.851751482176966220e+07,-1.708890070000000187e-09,4.110500000000000398e+01,6.307000000000000000e+07,6.970000000000000000e+07
5.851749427597963810e+07,-1.708890669999999965e-09,4.110999999999999943e+01,6.307000000000000000e+07,6.970000000000000000e+07
5.851504669076491892e+07,-1.708962150000000128e-09,4.111500000000000199e+01,6.307000000000000000e+07,6.970000000000000000e+07
5.849607834393811971e+07,-1.709516310000000009e-09,4.111999999999999744e+01,6.307000000000000000e+07,6.970000000000000000e+07
5.847646026875675470e+07,-1.710089830000000107e-09,4.112500000000000000e+01,6.307000000000000000e+07,6.970000000000000000e+07
5.845572905923903733e+07,-1.710696310000000206e-09,4.113000000000000256e+01,6.307000000000000000e+07,6.970000000000000000e+07
5.848747859409459680e+07,-1.709767670000000147e-09,4.113499999999999801e+01,6.307000000000000000e+07,6.970000000000000000e+07
5.852141364654524624e+07,-1.708776220000000084e-09,4.114000000000000057e+01,6.307000000000000000e+07,6.970000000000000000e+07
5.853240061328610033e+07,-1.708455470000000202e-09,4.114500000000000313e+01,6.307000000000000000e+07,6.970000000000000000e+07
5.858203187735406309e+07,-1.707008050000000084e-09,4.114999999999999858e+01,6.307000000000000000e+07,6.970000000000000000e+07
5.866893538657554239e+07,-1.704479540000000113e-09,4.115500000000000114e+01,6.307000000000000000e+07,6.970000000000000000e+07
5.871382125524760038e+07,-1.703176489999999983e-09,4.116000000000000369e+01,6.307000000000000000e+07,6.970000000000000000e+07
5.872776825830018520e+07,-1.702772009999999963e-09,4.116499999999999915e+01,6.307000000000000000e+07,6.970000000000000000e+07
5.876835456922928244e+07,-1.701596050000000185e-09,4.117000000000000171e+01,6.307000000000000000e+07,6.970000000000000000e+07
5.878585908746229112e+07,-1.701089370000000053e-09,4.117500000000000426e+01,6.307000000000000000e+07,6.970000000000000000e+07
5.879111821412336826e+07,-1.700937200000000060e-09,4.117999999999999972e+01,6.307000000000000000e+07,6.970000000000000000e+07
5.883621484578084201e+07,-1.699633470000000003e-09,4.118500000000000227e+01,6.307000000000000000e+07,6.970000000000000000e+07
5.887265067362852395e+07,-1.698581579999999946e-09,4.118999999999999773e+01,6.307000000000000000e+07,6.970000000000000000e+07
5.887690686919756979e+07,-1.698458790000000137e-09,4.119500000000000028e+01,6.307000000000000000e+07,6.970000000000000000e+07
5.890547108007033169e+07,-1.697635180000000182e-09,4.120000000000000284e+01,6.307000000000000000e+07,6.970000000000000000e+07
5.895168239347226173e+07,-1.696304430000000114e-09,4.120499999999999829e+01,6.307000000000000000e+07,6.970000000000000000e+07
5.897377238190300763e+07,-1.695669040000000271e-09,4.121000000000000085e+01,6.307000000000000000e+07,6.970000000000000000e+07
5.897910971140053123e+07,-1.695515590000000159e-09,4.121500000000000341e+01,6.307000000000000000e+07,6.970000000000000000e+07
5.895920355643802881e+07,-1.696088040000000039e-09,4.121999999999999886e+01,6.307000000000000000e+07,6.970000000000000000e+07
5.886777789644213766e+07,-1.698722180000000098e-09,4.122500000000000142e+01,6.307000000000000000e+07,6.970000000000000000e+07
5.874387720645160228e+07,-1.702305070000000049e-09,4.123000000000000398e+01,6.307000000000000000e+07,6.970000000000000000e+07
5.869488403651760519e+07,-1.703726000000000244e-09,4.123499999999999943e+01,6.307000000000000000e+07,6.970000000000000000e+07
5.866576233785127848e+07,-1.704571730000000095e-09,4.124000000000000199e+01,6.307000000000000000e+07,6.970000000000000000e+07
5.862524366410023719e+07,-1.705749840000000144e-09,4.124499999999999744e+01,6.307000000000000000e+07,6.970000000000000000e+07
5.863237888928063959e+07,-1.705542260000000230e-09,4.125000000000000000e+01,6.307000000000000000e+07,6.970000000000000000e+07
5.868038310450468212e+07,-1.704147020000000119e-09,4.125500000000000256e+01,6.307000000000000000e+07,6.970000000000000000e+07
5.870852252423796803e+07,-1.703330210000000264e-09,4.125999999999999801e+01,6.307000000000000000e+07,6.970000000000000000e+07
5.874526482324260473e+07,-1.702264860000000218e-09,4.126500000000000057e+01,6.307000000000000000e+07,6.970000000000000000e+07
5.881836377546371520e+07,-1.700149300000000156e-09,4.127000000000000313e+01,6.307000000000000000e+07,6.970000000000000000e+07
5.886694135708267242e+07,-1.698746320000000100e-09,4.127499999999999858e+01,6.307000000000000000e+07,6.970000000000000000e+07
5.888791121870063990e+07,-1.698141399999999920e-09,4.128000000000000114e+01,6.307000000000000000e+07,6.970000000000000000e+07
5.893702895537333935e+07,-1.696726180000000139e-09,4.128500000000000369e+01,6.307000000000000000e+07,6.970000000000000000e+07
5.897541886848935485e+07,-1.695621700000000111e-09,4.128999999999999915e+01,6.307000000000000000e+07,6.970000000000000000e+07
5.896824894144474715e+07,-1.695827870000000154e-09,4.129500000000000171e+01,6.307000000000000000e+07,6.970000000000000000e+07
5.889465371354144067e+07,-1.697946989999999944e-09,4.130000000000000426e+01,6.307000000000000000e+07,6.970000000000000000e+07
5.882408478032983840e+07,-1.699983950000000180e-09,4.130499999999999972e+01,6.307000000000000000e+07,6.970000000000000000e+07
5.870474278199944645e+07,-1.703439879999999944e-09,4.131000000000000227e+01,6.307000000000000000e+07,6.970000000000000000e+07
5.852761139857304841e+07,-1.708595270000000099e-09,4.131499999999999773e+01,6.307000000000000000e+07,6.970000000000000000e+07
5.836789111334498972e+07,-1.713270740000000214e-09,4.132000000000000028e+01,6.307000000000000000e+07,6.970000000000000000e+07
5.821303933776985854e+07,-1.717828190000000262e-09,4.132500000000000284e+01,6.307000000000000000e+07,6.970000000000000000e+07
5.808102702867966890e+07,-1.721732639999999982e-09,4.132999999999999829e+01,6.307000000000000000e+07,6.970000000000000000e+07
5.803438265571440011e+07,-1.723116460000000093e-09,4.133500000000000085e+01,6.307000000000000000e+07,6.970000000000000000e+07
5.799963268832617998e+07,-1.724148850000000137e-09,4.134000000000000341e+01,6.307000000000000000e+07,6.970000000000000000e+07
5.791795191187129915e+07,-1.726580390000000132e-09,4.134499999999999886e+01,6.307000000000000000e+07,6.970000000000000000e+07
5.780803805045304447e+07,-1.729863240000000227e-09,4.135000000000000142e+01,6.307000000000000000e+07,6.970000000000000000e+07
5.767254386606848240e+07,-1.733927330000000129e-09,4.135500000000000398e+01,6.307000000000000000e+07,6.970000000000000000e+07
5.752313701369278133e+07,-1.738430920000000131e-09,4.135999999999999943e+01,6.307000000000000000e+07,6.970000000000000000e+07
5.745084059398492426e+07,-1.740618570000000178e-09,4.136500000000000199e+01,6.307000000000000000e+07,6.970000000000000000e+07
5.746217543682544678e+07,-1.740275220000000122e-09,4.136999999999999744e+01,6.307000000000000000e+07,6.970000000000000000e+07
5.747997919155777246e+07,-1.739736190000000018e-09,4.137500000000000000e+01,6.307000000000000000e+07,6.970000000000000000e+07
5.750469740059273690e+07,-1.738988369999999986e-09,4.138000000000000256e+01,6.307000000000000000e+07,6.970000000000000000e+07
5.756966448969475180e+07,-1.737025930000000013e-09,4.138499999999999801e+01,6.307000000000000000e+07,6.970000000000000000e+07
5.758174421011099219e+07,-1.736661530000000072e-09,4.139000000000000057e+01,6.307000000000000000e+07,6.970000000000000000e+07
5.754259039283526689e+07,-1.737843210000000101e-09,4.139500000000000313e+01,6.307000000000000000e+07,6.970000000000000000e+07
5.754977184824574739e+07,-1.737626350000000000e-09,4.139999999999999858e+01,6.307000000000000000e+07,6.970000000000000000e+07
5.756934135054727644e+07,-1.737035680000000019e-09,4.140500000000000114e+01,6.307000000000000000e+07,6.970000000000000000e+07
5.757605709338548779e+07,-1.736833070000000119e-09,4.141000000000000369e+01,6.307000000000000000e+07,6.970000000000000000e+07
5.758062055579095334e+07,-1.736695420000000080e-09,4.141499999999999915e+01,6.307000000000000000e+07,6.970000000000000000e+07
5.760446575625343621e+07,-1.735976520000000045e-09,4.142000000000000171e+01,6.307000000000000000e+07,6.970000000000000000e+07
5.761977470103418082e+07,-1.735515290000000132e-09,4.142500000000000426e+01,6.307000000000000000e+07,6.970000000000000000e+07
5.763976727090895921e+07,-1.734913320000000064e-09,4.142999999999999972e+01,6.307000000000000000e+07,6.970000000000000000e+07
5.770300028019422293e+07,-1.733012140000000222e-09,4.143500000000000227e+01,6.307000000000000000e+07,6.970000000000000000e+07
5.776952076733683050e+07,-1.731016610000000082e-09,4.143999999999999773e+01,6.307000000000000000e+07,6.970000000000000000e+07
5.782013477838724852e+07,-1.729501330000000004e-09,4.144500000000000028e+01,6.307000000000000000e+07,6.970000000000000000e+07
5.790609823191662133e+07,-1.726933830000000054e-09,4.145000000000000284e+01,6.307000000000000000e+07,6.970000000000000000e+07
5.800632908216742426e+07,-1.723949810000000009e-09,4.145499999999999829e+01,6.307000000000000000e+07,6.970000000000000000e+07
5.807044219892626256e+07,-1.722046470000000057e-09,4.146000000000000085e+01,6.307000000000000000e+07,6.970000000000000000e+07
5.813887439906641841e+07,-1.720019540000000041e-09,4.146500000000000341e+01,6.307000000000000000e+07,6.970000000000000000e+07
5.823974008116511256e+07,-1.717040630000000219e-09,4.146999999999999886e+01,6.307000000000000000e+07,6.970000000000000000e+07
5.831538356669458747e+07,-1.714813380000000163e-09,4.147500000000000142e+01,6.307000000000000000e+07,6.970000000000000000e+07
5.834963870224638283e+07,-1.713806670000000158e-09,4.148000000000000398e+01,6.307000000000000000e+07,6.970000000000000000e+07
5.836058884690279514e+07,-1.713485109999999976e-09,4.148499999999999943e+01,6.307000000000000000e+07,6.970000000000000000e+07
5.834891759986279160e+07,-1.713827850000000002e-09,4.149000000000000199e+01,6.307000000000000000e+07,6.970000000000000000e+07
5.833339268756039441e+07,-1.714283970000000106e-09,4.149499999999999744e+01,6.307000000000000000e+07,6.970000000000000000e+07
5.836058884690279514e+07,-1.713485109999999976e-09,4.150000000000000000e+01,6.307000000000000000e+07,6.970000000000000000e+07
5.840673585259924829e+07,-1.712131290000000123e-09,4.150500000000000256e+01,6.307000000000000000e+07,6.970000000000000000e+07
5.842012402218440920e+07,-1.711738920000000075e-09,4.150999999999999801e+01,6.307000000000000000e+07,6.970000000000000000e+07
5.844655566001968831e+07,-1.710964809999999976e-09,4.151500000000000057e+01,6.307000000000000000e+07,6.970000000000000000e+07
5.851022813494862616e+07,-1.709102890000000075e-09,4.152000000000000313e+01,6.307000000000000000e+07,6.970000000000000000e+07
5.855680797376954556e+07,-1.707743360000000222e-09,4.152499999999999858e+01,6.307000000000000000e+07,6.970000000000000000e+07
5.860063568914784491e+07,-1.706466129999999926e-09,4.153000000000000114e+01,6.307000000000000000e+07,6.970000000000000000e+07
5.867019692281974852e+07,-1.704442890000000011e-09,4.153500000000000369e+01,6.307000000000000000e+07,6.970000000000000000e+07
5.867584059522650391e+07,-1.704278950000000112e-09,4.153999999999999915e+01,6.307000000000000000e+07,6.970000000000000000e+07
5.860930584843683988e+07,-1.706213690000000147e-09,4.154500000000000171e+01,6.307000000000000000e+07,6.970000000000000000e+07
5.859433251006342471e+07,-1.706649700000000210e-09,4.155000000000000426e+01,6.307000000000000000e+07,6.970000000000000000e+07
5.860756879476571083e+07,-1.706264260000000013e-09,4.155499999999999972e+01,6.307000000000000000e+07,6.970000000000000000e+07
5.860123150019187480e+07,-1.706448780000000186e-09,4.156000000000000227e+01,6.307000000000000000e+07,6.970000000000000000e+07
5.862736981942031533e+07,-1.705687980000000029e-09,4.156499999999999773e+01,6.307000000000000000e+07,6.970000000000000000e+07
5.869486784460183233e+07,-1.703726470000000270e-09,4.157000000000000028e+01,6.307000000000000000e+07,6.970000000000000000e+07
5.873735514700082690e+07,-1.702494090000000209e-09,4.157500000000000284e+01,6.307000000000000000e+07,6.970000000000000000e+07
5.877650716879718751e+07,-1.701360030000000140e-09,4.157999999999999829e+01,6.307000000000000000e+07,6.970000000000000000e+07
5.884388801245494187e+07,-1.699411840000000160e-09,4.158500000000000085e+01,6.307000000000000000e+07,6.970000000000000000e+07
5.890111951001808047e+07,-1.697760600000000127e-09,4.159000000000000341e+01,6.307000000000000000e+07,6.970000000000000000e+07
5.892657570120105892e+07,-1.697027170000000092e-09,4.159499999999999886e+01,6.307000000000000000e+07,6.970000000000000000e+07
5.898643189374665171e+07,-1.695305120000000193e-09,4.160000000000000142e+01,6.307000000000000000e+07,6.970000000000000000e+07
5.904474541296282411e+07,-1.693630809999999961e-09,4.160500000000000398e+01,6.307000000000000000e+07,6.970000000000000000e+07
5.905778733621504158e+07,-1.693256800000000017e-09,4.160999999999999943e+01,6.307000000000000000e+07,6.970000000000000000e+07
5.908190989552628249e+07,-1.692565460000000123e-09,4.161500000000000199e+01,6.307000000000000000e+07,6.970000000000000000e+07
5.912902648344749212e+07,-1.691216750000000078e-09,4.161999999999999744e+01,6.307000000000000000e+07,6.970000000000000000e+07
5.914461998712232709e+07,-1.690770860000000051e-09,4.162500000000000000e+01,6.307000000000000000e+07,6.970000000000000000e+07
5.915209879129251838e+07,-1.690557090000000067e-09,4.163000000000000256e+01,6.307000000000000000e+07,6.970000000000000000e+07
5.920321390093357116e+07,-1.689097490000000078e-09,4.163499999999999801e+01,6.307000000000000000e+07,6.970000000000000000e+07
5.924467716938529909e+07,-1.687915350000000067e-09,4.164000000000000057e+01,6.307000000000000000e+07,6.970000000000000000e+07
5.925193098043560237e+07,-1.687708709999999999e-09,4.164500000000000313e+01,6.307000000000000000e+07,6.970000000000000000e+07
5.928751314085495472e+07,-1.686695810000000129e-09,4.164999999999999858e+01,6.307000000000000000e+07,6.970000000000000000e+07
5.933304777128548175e+07,-1.685401370000000097e-09,4.165500000000000114e+01,6.307000000000000000e+07,6.970000000000000000e+07
5.934150958059176803e+07,-1.685161040000000290e-09,4.166000000000000369e+01,6.307000000000000000e+07,6.970000000000000000e+07
5.935994744887595624e+07,-1.684637610000000195e-09,4.166499999999999915e+01,6.307000000000000000e+07,6.970000000000000000e+07
5.940164050342200696e+07,-1.683455190000000179e-09,4.167000000000000171e+01,6.307000000000000000e+07,6.970000000000000000e+07
5.941144374079972506e+07,-1.683177410000000221e-09,4.167500000000000426e+01,6.307000000000000000e+07,6.970000000000000000e+07
5.941115430519869924e+07,-1.683185610000000147e-09,4.167999999999999972e+01,6.307000000000000000e+07,6.970000000000000000e+07
5.946274659223309904e+07,-1.681725210000000109e-09,4.168500000000000227e+01,6.307000000000000000e+07,6.970000000000000000e+07
5.950115091886199266e+07,-1.680639760000000067e-09,4.168999999999999773e+01,6.307000000000000000e+07,6.970000000000000000e+07
5.945656768483937532e+07,-1.681899980000000276e-09,4.169500000000000028e+01,6.307000000000000000e+07,6.970000000000000000e+07
5.940052761805850267e+07,-1.683486730000000058e-09,4.170000000000000284e+01,6.307000000000000000e+07,6.970000000000000000e+07
5.936959488076406717e+07,-1.684363859999999992e-09,4.170499999999999829e+01,6.307000000000000000e+07,6.970000000000000000e+07
5.931774532585657388e+07,-1.685836160000000101e-09,4.171000000000000085e+01,6.307000000000000000e+07,6.970000000000000000e+07
5.928972064883278310e+07,-1.686633010000000170e-09,4.171500000000000341e+01,6.307000000000000000e+07,6.970000000000000000e+07
5.921795267560596019e+07,-1.688677090000000276e-09,4.171999999999999886e+01,6.307000000000000000e+07,6.970000000000000000e+07
5.904904291687391698e+07,-1.693507550000000126e-09,4.172500000000000142e+01,6.307000000000000000e+07,6.970000000000000000e+07
5.886136307224436104e+07,-1.698907310000000093e-09,4.173000000000000398e+01,6.307000000000000000e+07,6.970000000000000000e+07
5.872977906544253975e+07,-1.702713710000000197e-09,4.173499999999999943e+01,6.307000000000000000e+07,6.970000000000000000e+07
5.860114633452818543e+07,-1.706451260000000066e-09,4.174000000000000199e+01,6.307000000000000000e+07,6.970000000000000000e+07
5.846081478860314935e+07,-1.710547490000000040e-09,4.174499999999999744e+01,6.307000000000000000e+07,6.970000000000000000e+07
5.835663820269118249e+07,-1.713601109999999937e-09,4.175000000000000000e+01,6.307000000000000000e+07,6.970000000000000000e+07
5.831605112859783322e+07,-1.714793749999999986e-09,4.175500000000000256e+01,6.307000000000000000e+07,6.970000000000000000e+07
5.822582114987624437e+07,-1.717451089999999995e-09,4.175999999999999801e+01,6.307000000000000000e+07,6.970000000000000000e+07
5.808662134880131483e+07,-1.721566820000000187e-09,4.176500000000000057e+01,6.307000000000000000e+07,6.970000000000000000e+07
5.799847685560051352e+07,-1.724183210000000171e-09,4.177000000000000313e+01,6.307000000000000000e+07,6.970000000000000000e+07
5.785116565817815065e+07,-1.728573640000000042e-09,4.177499999999999858e+01,6.307000000000000000e+07,6.970000000000000000e+07
5.765603572584760189e+07,-1.734423790000000023e-09,4.178000000000000114e+01,6.307000000000000000e+07,6.970000000000000000e+07
5.755417744507728517e+07,-1.737493340000000159e-09,4.178500000000000369e+01,6.307000000000000000e+07,6.970000000000000000e+07
5.745211696400722861e+07,-1.740579899999999969e-09,4.178999999999999915e+01,6.307000000000000000e+07,6.970000000000000000e+07
5.736253829186051339e+07,-1.743298030000000083e-09,4.179500000000000171e+01,6.307000000000000000e+07,6.970000000000000000e+07
5.734311338481907547e+07,-1.743888570000000105e-09,4.180000000000000426e+01,6.307000000000000000e+07,6.970000000000000000e+07
5.732197389890921861e+07,-1.744531690000000262e-09,4.180499999999999972e+01,6.307000000000000000e+07,6.970000000000000000e+07
5.723364147200942039e+07,-1.747224140000000131e-09,4.181000000000000227e+01,6.307000000000000000e+07,6.970000000000000000e+07
5.717978548202959448e+07,-1.748869800000000123e-09,4.181499999999999773e+01,6.307000000000000000e+07,6.970000000000000000e+07
5.718506494913840294e+07,-1.748708340000000104e-09,4.182000000000000028e+01,6.307000000000000000e+07,6.970000000000000000e+07
5.718182377835922688e+07,-1.748807460000000144e-09,4.182500000000000284e+01,6.307000000000000000e+07,6.970000000000000000e+07
5.718875258737643808e+07,-1.748595580000000101e-09,4.182999999999999829e+01,6.307000000000000000e+07,6.970000000000000000e+07
5.726147510656145960e+07,-1.746374850000000138e-09,4.183500000000000085e+01,6.307000000000000000e+07,6.970000000000000000e+07
5.733647192416159809e+07,-1.744090570000000184e-09,4.184000000000000341e+01,6.307000000000000000e+07,6.970000000000000000e+07
5.738625421773187071e+07,-1.742577580000000174e-09,4.184499999999999886e+01,6.307000000000000000e+07,6.970000000000000000e+07
5.746615450377883017e+07,-1.740154720000000174e-09,4.185000000000000142e+01,6.307000000000000000e+07,6.970000000000000000e+07
5.755893787735208124e+07,-1.737349640000000053e-09,4.185500000000000398e+01,6.307000000000000000e+07,6.970000000000000000e+07
5.761804899674098939e+07,-1.735567270000000075e-09,4.185999999999999943e+01,6.307000000000000000e+07,6.970000000000000000e+07
5.769001063140361011e+07,-1.733402350000000161e-09,4.186500000000000199e+01,6.307000000000000000e+07,6.970000000000000000e+07
5.778180804604858905e+07,-1.730648509999999996e-09,4.186999999999999744e+01,6.307000000000000000e+07,6.970000000000000000e+07
5.784309206356856227e+07,-1.728814910000000106e-09,4.187500000000000000e+01,6.307000000000000000e+07,6.970000000000000000e+07
5.789056942188745737e+07,-1.727397070000000235e-09,4.188000000000000256e+01,6.307000000000000000e+07,6.970000000000000000e+07
5.794144319550118595e+07,-1.725880380000000080e-09,4.188499999999999801e+01,6.307000000000000000e+07,6.970000000000000000e+07
5.790691237997960299e+07,-1.726909550000000048e-09,4.189000000000000057e+01,6.307000000000000000e+07,6.970000000000000000e+07
5.781746170484996587e+07,-1.729581290000000099e-09,4.189500000000000313e+01,6.307000000000000000e+07,6.970000000000000000e+07
5.777779182420094311e+07,-1.730768810000000087e-09,4.189999999999999858e+01,6.307000000000000000e+07,6.970000000000000000e+07
5.777626293552029133e+07,-1.730814610000000004e-09,4.190500000000000114e+01,6.307000000000000000e+07,6.970000000000000000e+07
5.768762711793128401e+07,-1.733473970000000119e-09,4.191000000000000369e+01,6.307000000000000000e+07,6.970000000000000000e+07
5.754680115891201049e+07,-1.737716050000000057e-09,4.191499999999999915e+01,6.307000000000000000e+07,6.970000000000000000e+07
5.741488361205024272e+07,-1.741708660000000210e-09,4.192000000000000171e+01,6.307000000000000000e+07,6.970000000000000000e+07
5.725890884491648525e+07,-1.746453120000000149e-09,4.192500000000000426e+01,6.307000000000000000e+07,6.970000000000000000e+07
5.714284277551382035e+07,-1.750000440000000053e-09,4.192999999999999972e+01,6.307000000000000000e+07,6.970000000000000000e+07
5.709110389405973256e+07,-1.751586380000000156e-09,4.193500000000000227e+01,6.307000000000000000e+07,6.970000000000000000e+07
5.707235517331992835e+07,-1.752161789999999988e-09,4.193999999999999773e+01,6.307000000000000000e+07,6.970000000000000000e+07
5.706516764536472410e+07,-1.752382480000000192e-09,4.194500000000000028e+01,6.307000000000000000e+07,6.970000000000000000e+07
5.711653718975967914e+07,-1.750806420000000054e-09,4.195000000000000284e+01,6.307000000000000000e+07,6.970000000000000000e+07
5.714227200599180907e+07,-1.750017919999999959e-09,4.195499999999999829e+01,6.307000000000000000e+07,6.970000000000000000e+07
5.709579226563840359e+07,-1.751442550000000092e-09,4.196000000000000085e+01,6.307000000000000000e+07,6.970000000000000000e+07
5.709436966785333306e+07,-1.751486190000000106e-09,4.196500000000000341e+01,6.307000000000000000e+07,6.970000000000000000e+07
5.714229192395816743e+07,-1.750017310000000137e-09,4.196999999999999886e+01,6.307000000000000000e+07,6.970000000000000000e+07
5.716736855046752095e+07,-1.749249660000000070e-09,4.197500000000000142e+01,6.307000000000000000e+07,6.970000000000000000e+07
5.719003271063987166e+07,-1.748556440000000073e-09,4.198000000000000398e+01,6.307000000000000000e+07,6.970000000000000000e+07
5.724386181082175672e+07,-1.746912190000000159e-09,4.198499999999999943e+01,6.307000000000000000e+07,6.970000000000000000e+07
5.727141641851582378e+07,-1.746071710000000121e-09,4.199000000000000199e+01,6.307000000000000000e+07,6.970000000000000000e+07
5.727466316154891253e+07,-1.745972730000000291e-09,4.199499999999999744e+01,6.307000000000000000e+07,6.970000000000000000e+07
5.731328523785838485e+07,-1.744796160000000071e-09,4.200000000000000000e+01,6.307000000000000000e+07,6.970000000000000000e+07
5.737337977647227794e+07,-1.742968610000000043e-09,4.200500000000000256e+01,6.307000000000000000e+07,6.970000000000000000e+07
5.741859468690010160e+07,-1.741596090000000225e-09,4.200999999999999801e+01,6.307000000000000000e+07,6.970000000000000000e+07
5.751436047309472412e+07,-1.738696200000000033e-09,4.201500000000000057e+01,6.307000000000000000e+07,6.970000000000000000e+07
5.765773245687814802e+07,-1.734372749999999924e-09,4.202000000000000313e+01,6.307000000000000000e+07,6.970000000000000000e+07
5.777378517270930111e+07,-1.730888840000000009e-09,4.202499999999999858e+01,6.307000000000000000e+07,6.970000000000000000e+07
5.789103157233292609e+07,-1.727383280000000017e-09,4.203000000000000114e+01,6.307000000000000000e+07,6.970000000000000000e+07
5.804945630240682513e+07,-1.722669020000000192e-09,4.203500000000000369e+01,6.307000000000000000e+07,6.970000000000000000e+07
5.818823674635912478e+07,-1.718560410000000077e-09,4.203999999999999915e+01,6.307000000000000000e+07,6.970000000000000000e+07
5.830382387319684029e+07,-1.715153369999999934e-09,4.204500000000000171e+01,6.307000000000000000e+07,6.970000000000000000e+07
5.841978205051495135e+07,-1.711748940000000250e-09,4.205000000000000426e+01,6.307000000000000000e+07,6.970000000000000000e+07
5.853537970835472643e+07,-1.708368520000000196e-09,4.205499999999999972e+01,6.307000000000000000e+07,6.970000000000000000e+07
5.861381710427029431e+07,-1.706082370000000183e-09,4.206000000000000227e+01,6.307000000000000000e+07,6.970000000000000000e+07
5.870964203069771081e+07,-1.703297730000000126e-09,4.206499999999999773e+01,6.307000000000000000e+07,6.970000000000000000e+07
5.881966426782625914e+07,-1.700111710000000209e-09,4.207000000000000028e+01,6.307000000000000000e+07,6.970000000000000000e+07
5.890268040829288214e+07,-1.697715610000000096e-09,4.207500000000000284e+01,6.307000000000000000e+07,6.970000000000000000e+07
5.897467039086206257e+07,-1.695643220000000022e-09,4.207999999999999829e+01,6.307000000000000000e+07,6.970000000000000000e+07
5.907717552732729912e+07,-1.692701100000000099e-09,4.208500000000000085e+01,6.307000000000000000e+07,6.970000000000000000e+07
5.916461375810733438e+07,-1.690199490000000019e-09,4.209000000000000341e+01,6.307000000000000000e+07,6.970000000000000000e+07
5.922583447957038879e+07,-1.688452360000000273e-09,4.209499999999999886e+01,6.307000000000000000e+07,6.970000000000000000e+07
5.930782138204126060e+07,-1.686118250000000233e-09,4.210000000000000142e+01,6.307000000000000000e+07,6.970000000000000000e+07
5.933118482851291448e+07,-1.685454290000000092e-09,4.210500000000000398e+01,6.307000000000000000e+07,6.970000000000000000e+07
5.924136608481199294e+07,-1.688009689999999907e-09,4.210999999999999943e+01,6.307000000000000000e+07,6.970000000000000000e+07
5.919818462373447418e+07,-1.689240990000000119e-09,4.211500000000000199e+01,6.307000000000000000e+07,6.970000000000000000e+07
5.920290511023492366e+07,-1.689106300000000032e-09,4.211999999999999744e+01,6.307000000000000000e+07,6.970000000000000000e+07
5.917253564037266374e+07,-1.689973210000000141e-09,4.212500000000000000e+01,6.307000000000000000e+07,6.970000000000000000e+07
5.914904714641011506e+07,-1.690644310000000036e-09,4.213000000000000256e+01,6.307000000000000000e+07,6.970000000000000000e+07
5.918042181922735274e+07,-1.689748010000000112e-09,4.213499999999999801e+01,6.307000000000000000e+07,6.970000000000000000e+07
5.919454164763686061e+07,-1.689344950000000006e-09,4.214000000000000057e+01,6.307000000000000000e+07,6.970000000000000000e+07
5.913300687301164865e+07,-1.691102910000000020e-09,4.214500000000000313e+01,6.307000000000000000e+07,6.970000000000000000e+07
5.909266696344973892e+07,-1.692257350000000092e-09,4.214999999999999858e+01,6.307000000000000000e+07,6.970000000000000000e+07
5.902572271936014295e+07,-1.694176630000000121e-09,4.215500000000000114e+01,6.307000000000000000e+07,6.970000000000000000e+07
5.885509443753086776e+07,-1.699088260000000079e-09,4.216000000000000369e+01,6.307000000000000000e+07,6.970000000000000000e+07
5.872206114434616268e+07,-1.702937500000000149e-09,4.216499999999999915e+01,6.307000000000000000e+07,6.970000000000000000e+07
5.865642106357006729e+07,-1.704843190000000229e-09,4.217000000000000171e+01,6.307000000000000000e+07,6.970000000000000000e+07
5.854785168611372262e+07,-1.708004600000000118e-09,4.217500000000000426e+01,6.307000000000000000e+07,6.970000000000000000e+07
5.845746874249918014e+07,-1.710645400000000066e-09,4.217999999999999972e+01,6.307000000000000000e+07,6.970000000000000000e+07
5.842237321705286950e+07,-1.711673020000000161e-09,4.218500000000000227e+01,6.307000000000000000e+07,6.970000000000000000e+07
5.834821694238153100e+07,-1.713848430000000276e-09,4.218999999999999773e+01,6.307000000000000000e+07,6.970000000000000000e+07
5.827381265533322096e+07,-1.716036680000000101e-09,4.219500000000000028e+01,6.307000000000000000e+07,6.970000000000000000e+07
5.821223248568561673e+07,-1.717852000000000036e-09,4.220000000000000284e+01,6.307000000000000000e+07,6.970000000000000000e+07
5.812783462928662449e+07,-1.720346210000000032e-09,4.220499999999999829e+01,6.307000000000000000e+07,6.970000000000000000e+07
5.804747159377320111e+07,-1.722727920000000149e-09,4.221000000000000085e+01,6.307000000000000000e+07,6.970000000000000000e+07
5.802955908520091325e+07,-1.723259689999999966e-09,4.221500000000000341e+01,6.307000000000000000e+07,6.970000000000000000e+07
5.807122455435808003e+07,-1.722023270000000106e-09,4.221999999999999886e+01,6.307000000000000000e+07,6.970000000000000000e+07
5.810393102435865253e+07,-1.721053949999999984e-09,4.222500000000000142e+01,6.307000000000000000e+07,6.970000000000000000e+07
5.812170537476342916e+07,-1.720527630000000250e-09,4.223000000000000398e+01,6.307000000000000000e+07,6.970000000000000000e+07
5.812672132113015652e+07,-1.720379160000000196e-09,4.223499999999999943e+01,6.307000000000000000e+07,6.970000000000000000e+07
5.804457362380393595e+07,-1.722813930000000104e-09,4.224000000000000199e+01,6.307000000000000000e+07,6.970000000000000000e+07
5.796676762893161923e+07,-1.725126380000000229e-09,4.224499999999999744e+01,6.307000000000000000e+07,6.970000000000000000e+07
5.796908588647013158e+07,-1.725057389999999992e-09,4.225000000000000000e+01,6.307000000000000000e+07,6.970000000000000000e+07
5.801008739730155468e+07,-1.723838120000000016e-09,4.225500000000000256e+01,6.307000000000000000e+07,6.970000000000000000e+07
5.804101464817652851e+07,-1.722919570000000030e-09,4.225999999999999801e+01,6.307000000000000000e+07,6.970000000000000000e+07
5.803066867451232672e+07,-1.723226740000000216e-09,4.226500000000000057e+01,6.307000000000000000e+07,6.970000000000000000e+07
5.797007823398283869e+07,-1.725027860000000174e-09,4.227000000000000313e+01,6.307000000000000000e+07,6.970000000000000000e+07
5.782588593362887949e+07,-1.729329320000000138e-09,4.227499999999999858e+01,6.307000000000000000e+07,6.970000000000000000e+07
5.766111025948854536e+07,-1.734271150000000210e-09,4.228000000000000114e+01,6.307000000000000000e+07,6.970000000000000000e+07
5.752618766079036891e+07,-1.738338730000000150e-09,4.228500000000000369e+01,6.307000000000000000e+07,6.970000000000000000e+07
5.741133056815487146e+07,-1.741816449999999994e-09,4.228999999999999915e+01,6.307000000000000000e+07,6.970000000000000000e+07
5.729801722675201297e+07,-1.745261090000000130e-09,4.229500000000000171e+01,6.307000000000000000e+07,6.970000000000000000e+07
5.717852576069553941e+07,-1.748908329999999914e-09,4.230000000000000426e+01,6.307000000000000000e+07,6.970000000000000000e+07
5.708012510684829205e+07,-1.751923280000000017e-09,4.230499999999999972e+01,6.307000000000000000e+07,6.970000000000000000e+07
5.699932307603915036e+07,-1.754406799999999956e-09,4.231000000000000227e+01,6.307000000000000000e+07,6.970000000000000000e+07
5.698416763283323497e+07,-1.754873400000000009e-09,4.231499999999999773e+01,6.307000000000000000e+07,6.970000000000000000e+07
5.698370036525241286e+07,-1.754887790000000005e-09,4.232000000000000028e+01,6.307000000000000000e+07,6.970000000000000000e+07
5.698160636025955528e+07,-1.754952280000000048e-09,4.232500000000000284e+01,6.307000000000000000e+07,6.970000000000000000e+07
5.700195157581610233e+07,-1.754325900000000016e-09,4.232999999999999829e+01,6.307000000000000000e+07,6.970000000000000000e+07
5.707271868515094370e+07,-1.752150630000000111e-09,4.233500000000000085e+01,6.307000000000000000e+07,6.970000000000000000e+07
5.714194907565497607e+07,-1.750027809999999968e-09,4.234000000000000341e+01,6.307000000000000000e+07,6.970000000000000000e+07
5.721096270746304095e+07,-1.747916750000000100e-09,4.234499999999999886e+01,6.307000000000000000e+07,6.970000000000000000e+07
5.732423659608728439e+07,-1.744462830000000191e-09,4.235000000000000142e+01,6.307000000000000000e+07,6.970000000000000000e+07
5.743524454738219082e+07,-1.741091220000000091e-09,4.235500000000000398e+01,6.307000000000000000e+07,6.970000000000000000e+07
5.750677413985005021e+07,-1.738925570000000026e-09,4.235999999999999943e+01,6.307000000000000000e+07,6.970000000000000000e+07
5.756839879923372716e+07,-1.737064120000000152e-09,4.236500000000000199e+01,6.307000000000000000e+07,6.970000000000000000e+07
5.756863940539056808e+07,-1.737056860000000071e-09,4.236999999999999744e+01,6.307000000000000000e+07,6.970000000000000000e+07
5.748445605937040597e+07,-1.739600700000000089e-09,4.237500000000000000e+01,6.307000000000000000e+07,6.970000000000000000e+07
5.741867677970337123e+07,-1.741593600000000093e-09,4.238000000000000256e+01,6.307000000000000000e+07,6.970000000000000000e+07
5.739340098366205394e+07,-1.742360590000000115e-09,4.238499999999999801e+01,6.307000000000000000e+07,6.970000000000000000e+07
5.730091172110949457e+07,-1.745172930000000109e-09,4.239000000000000057e+01,6.307000000000000000e+07,6.970000000000000000e+07
5.716454275714296103e+07,-1.749336130000000214e-09,4.239500000000000313e+01,6.307000000000000000e+07,6.970000000000000000e+07
5.711895465550095588e+07,-1.750732320000000214e-09,4.239999999999999858e+01,6.307000000000000000e+07,6.970000000000000000e+07
5.711905546924580634e+07,-1.750729230000000098e-09,4.240500000000000114e+01,6.307000000000000000e+07,6.970000000000000000e+07
5.706587267189714313e+07,-1.752360830000000115e-09,4.241000000000000369e+01,6.307000000000000000e+07,6.970000000000000000e+07
5.702583816776529700e+07,-1.753591060000000111e-09,4.241499999999999915e+01,6.307000000000000000e+07,6.970000000000000000e+07
5.702900704024232179e+07,-1.753493620000000110e-09,4.242000000000000171e+01,6.307000000000000000e+07,6.970000000000000000e+07
5.703676517446453869e+07,-1.753255110000000140e-09,4.242500000000000426e+01,6.307000000000000000e+07,6.970000000000000000e+07
5.708267569334045053e+07,-1.751845000000000168e-09,4.242999999999999972e+01,6.307000000000000000e+07,6.970000000000000000e+07
5.718406855738507956e+07,-1.748738810000000181e-09,4.243500000000000227e+01,6.307000000000000000e+07,6.970000000000000000e+07
5.721249684787748009e+07,-1.747869880000000172e-09,4.243999999999999773e+01,6.307000000000000000e+07,6.970000000000000000e+07
5.714412084427238256e+07,-1.749961300000000232e-09,4.244500000000000028e+01,6.307000000000000000e+07,6.970000000000000000e+07
5.711971158292704076e+07,-1.750709120000000057e-09,4.245000000000000284e+01,6.307000000000000000e+07,6.970000000000000000e+07
5.713062400718402117e+07,-1.750374719999999959e-09,4.245499999999999829e+01,6.307000000000000000e+07,6.970000000000000000e+07
5.713236013271230459e+07,-1.750321530000000002e-09,4.246000000000000085e+01,6.307000000000000000e+07,6.970000000000000000e+07
5.717392480017726868e+07,-1.749049070000000276e-09,4.246500000000000341e+01,6.307000000000000000e+07,6.970000000000000000e+07
5.723068793501725793e+07,-1.747314310000000006e-09,4.246999999999999886e+01,6.307000000000000000e+07,6.970000000000000000e+07
5.727895619779127091e+07,-1.745841870000000101e-09,4.247500000000000142e+01,6.307000000000000000e+07,6.970000000000000000e+07
5.729067559765661508e+07,-1.745484740000000078e-09,4.248000000000000398e+01,6.307000000000000000e+07,6.970000000000000000e+07
5.727621613888093829e+07,-1.745925390000000131e-09,4.248499999999999943e+01,6.307000000000000000e+07,6.970000000000000000e+07
5.724024373101845384e+07,-1.747022610000000079e-09,4.249000000000000199e+01,6.307000000000000000e+07,6.970000000000000000e+07
5.713256218162379414e+07,-1.750315340000000138e-09,4.249499999999999744e+01,6.307000000000000000e+07,6.970000000000000000e+07
5.708997942522814125e+07,-1.751620879999999987e-09,4.250000000000000000e+01,6.307000000000000000e+07,6.970000000000000000e+07
5.706149104335162044e+07,-1.752495390000000037e-09,4.250500000000000256e+01,6.307000000000000000e+07,6.970000000000000000e+07
5.703566268880943209e+07,-1.753289000000000148e-09,4.250999999999999801e+01,6.307000000000000000e+07,6.970000000000000000e+07
5.702347442604090273e+07,-1.753663750000000287e-09,4.251500000000000057e+01,6.307000000000000000e+07,6.970000000000000000e+07
5.703869698564688861e+07,-1.753195730000000112e-09,4.252000000000000313e+01,6.307000000000000000e+07,6.970000000000000000e+07
5.706370684675577283e+07,-1.752427340000000058e-09,4.252499999999999858e+01,6.307000000000000000e+07,6.970000000000000000e+07
5.711846984097383916e+07,-1.750747180000000236e-09,4.253000000000000114e+01,6.307000000000000000e+07,6.970000000000000000e+07
5.721833466551920772e+07,-1.747691550000000277e-09,4.253500000000000369e+01,6.307000000000000000e+07,6.970000000000000000e+07
5.729662655511280894e+07,-1.745303450000000026e-09,4.253999999999999915e+01,6.307000000000000000e+07,6.970000000000000000e+07
5.736884910275062919e+07,-1.743106260000000081e-09,4.254500000000000171e+01,6.307000000000000000e+07,6.970000000000000000e+07
5.747924374214132875e+07,-1.739758450000000124e-09,4.255000000000000426e+01,6.307000000000000000e+07,6.970000000000000000e+07
5.757545741570623964e+07,-1.736851160000000261e-09,4.255499999999999972e+01,6.307000000000000000e+07,6.970000000000000000e+07
5.760833080984840542e+07,-1.735860050000000265e-09,4.256000000000000227e+01,6.307000000000000000e+07,6.970000000000000000e+07
5.760291052299704403e+07,-1.736023389999999972e-09,4.256499999999999773e+01,6.307000000000000000e+07,6.970000000000000000e+07
5.756724451419419050e+07,-1.737098950000000212e-09,4.257000000000000028e+01,6.307000000000000000e+07,6.970000000000000000e+07
5.746300356568280607e+07,-1.740250140000000068e-09,4.257500000000000284e+01,6.307000000000000000e+07,6.970000000000000000e+07
5.741722914546092600e+07,-1.741637510000000277e-09,4.257999999999999829e+01,6.307000000000000000e+07,6.970000000000000000e+07
5.742926476223988831e+07,-1.741272510000000144e-09,4.258500000000000085e+01,6.307000000000000000e+07,6.970000000000000000e+07
5.740904121556388587e+07,-1.741885910000000050e-09,4.259000000000000341e+01,6.307000000000000000e+07,6.970000000000000000e+07
5.740760296534380317e+07,-1.741929550000000065e-09,4.259499999999999886e+01,6.307000000000000000e+07,6.970000000000000000e+07
5.738172579097982496e+07,-1.742715100000000253e-09,4.260000000000000142e+01,6.307000000000000000e+07,6.970000000000000000e+07
5.734134897346915305e+07,-1.743942230000000088e-09,4.260500000000000398e+01,6.307000000000000000e+07,6.970000000000000000e+07
5.731994104116720706e+07,-1.744593560000000008e-09,4.260999999999999943e+01,6.307000000000000000e+07,6.970000000000000000e+07
5.735892954150122404e+07,-1.743407710000000222e-09,4.261500000000000199e+01,6.307000000000000000e+07,6.970000000000000000e+07
5.741432717349945009e+07,-1.741725540000000131e-09,4.261999999999999744e+01,6.307000000000000000e+07,6.970000000000000000e+07
5.745579257953268290e+07,-1.740468550000000043e-09,4.262500000000000000e+01,6.307000000000000000e+07,6.970000000000000000e+07
5.751004795429340750e+07,-1.738826580000000152e-09,4.263000000000000256e+01,6.307000000000000000e+07,6.970000000000000000e+07
5.758942164331748337e+07,-1.736430010000000220e-09,4.263499999999999801e+01,6.307000000000000000e+07,6.970000000000000000e+07
5.764682312940655649e+07,-1.734700970000000202e-09,4.264000000000000057e+01,6.307000000000000000e+07,6.970000000000000000e+07
5.765550585029552877e+07,-1.734439730000000099e-09,4.264500000000000313e+01,6.307000000000000000e+07,6.970000000000000000e+07
5.762492553707122803e+07,-1.735360159999999981e-09,4.264999999999999858e+01,6.307000000000000000e+07,6.970000000000000000e+07
5.758567286886437237e+07,-1.736543050000000230e-09,4.265500000000000114e+01,6.307000000000000000e+07,6.970000000000000000e+07
5.754999242670874298e+07,-1.737619690000000111e-09,4.266000000000000369e+01,6.307000000000000000e+07,6.970000000000000000e+07
5.755837864309714735e+07,-1.737366519999999975e-09,4.266499999999999915e+01,6.307000000000000000e+07,6.970000000000000000e+07
5.755858371648211777e+07,-1.737360330000000111e-09,4.267000000000000171e+01,6.307000000000000000e+07,6.970000000000000000e+07
5.752880242775227875e+07,-1.738259720000000151e-09,4.267500000000000426e+01,6.307000000000000000e+07,6.970000000000000000e+07
5.742776547582518309e+07,-1.741317970000000201e-09,4.267999999999999972e+01,6.307000000000000000e+07,6.970000000000000000e+07
5.729992704802487791e+07,-1.745202920000000115e-09,4.268500000000000227e+01,6.307000000000000000e+07,6.970000000000000000e+07
5.714804487909113616e+07,-1.749841140000000144e-09,4.268999999999999773e+01,6.307000000000000000e+07,6.970000000000000000e+07
5.702868538883049786e+07,-1.753503510000000120e-09,4.269500000000000028e+01,6.307000000000000000e+07,6.970000000000000000e+07
5.696636849728832394e+07,-1.755421710000000094e-09,4.270000000000000284e+01,6.307000000000000000e+07,6.970000000000000000e+07
5.693998518159661442e+07,-1.756235090000000179e-09,4.270499999999999829e+01,6.307000000000000000e+07,6.970000000000000000e+07
5.686181841763965040e+07,-1.758649350000000125e-09,4.271000000000000085e+01,6.307000000000000000e+07,6.970000000000000000e+07
5.674613614991493523e+07,-1.762234520000000100e-09,4.271500000000000341e+01,6.307000000000000000e+07,6.970000000000000000e+07
5.662190584216444194e+07,-1.766100920000000099e-09,4.271999999999999886e+01,6.307000000000000000e+07,6.970000000000000000e+07
5.643886295444748551e+07,-1.771828750000000089e-09,4.272500000000000142e+01,6.307000000000000000e+07,6.970000000000000000e+07
5.624501412556970119e+07,-1.777935370000000224e-09,4.273000000000000398e+01,6.307000000000000000e+07,6.970000000000000000e+07
5.610870478020635247e+07,-1.782254650000000162e-09,4.273499999999999943e+01,6.307000000000000000e+07,6.970000000000000000e+07
5.592728088858830184e+07,-1.788036149999999973e-09,4.274000000000000199e+01,6.307000000000000000e+07,6.970000000000000000e+07
5.571077847406160831e+07,-1.794984790000000182e-09,4.274499999999999744e+01,6.307000000000000000e+07,6.970000000000000000e+07
5.552247279859669507e+07,-1.801072520000000127e-09,4.275000000000000000e+01,6.307000000000000000e+07,6.970000000000000000e+07
5.540263934628076851e+07,-1.804968160000000099e-09,4.275500000000000256e+01,6.307000000000000000e+07,6.970000000000000000e+07
5.532350847572194040e+07,-1.807549860000000026e-09,4.275999999999999801e+01,6.307000000000000000e+07,6.970000000000000000e+07
5.530066648860958219e+07,-1.808296470000000044e-09,4.276500000000000057e+01,6.307000000000000000e+07,6.970000000000000000e+07
5.526332035435570031e+07,-1.809518490000000276e-09,4.277000000000000313e+01,6.307000000000000000e+07,6.970000000000000000e+07
5.519810763665211201e+07,-1.811656310000000238e-09,4.277499999999999858e+01,6.307000000000000000e+07,6.970000000000000000e+07
5.516782261276528984e+07,-1.812650840000000166e-09,4.278000000000000114e+01,6.307000000000000000e+07,6.970000000000000000e+07
5.516074436644420773e+07,-1.812883440000000072e-09,4.278500000000000369e+01,6.307000000000000000e+07,6.970000000000000000e+07
5.515083513503298908e+07,-1.813209170000000012e-09,4.278999999999999915e+01,6.307000000000000000e+07,6.970000000000000000e+07
5.509722864686518162e+07,-1.814973320000000096e-09,4.279500000000000171e+01,6.307000000000000000e+07,6.970000000000000000e+07
5.503514263529462367e+07,-1.817020820000000135e-09,4.280000000000000426e+01,6.307000000000000000e+07,6.970000000000000000e+07
5.493428359975527227e+07,-1.820356859999999980e-09,4.280499999999999972e+01,6.307000000000000000e+07,6.970000000000000000e+07
5.484761845223508775e+07,-1.823233220000000199e-09,4.281000000000000227e+01,6.307000000000000000e+07,6.970000000000000000e+07
5.477121382085417211e+07,-1.825776590000000191e-09,4.281499999999999773e+01,6.307000000000000000e+07,6.970000000000000000e+07
5.467263173508664966e+07,-1.829068710000000222e-09,4.282000000000000028e+01,6.307000000000000000e+07,6.970000000000000000e+07
5.456953528763829172e+07,-1.832524309999999963e-09,4.282500000000000284e+01,6.307000000000000000e+07,6.970000000000000000e+07
5.452681331507702917e+07,-1.833960100000000180e-09,4.282999999999999829e+01,6.307000000000000000e+07,6.970000000000000000e+07
5.450415674588818848e+07,-1.834722450000000004e-09,4.283500000000000085e+01,6.307000000000000000e+07,6.970000000000000000e+07
5.444539845486463606e+07,-1.836702510000000093e-09,4.284000000000000341e+01,6.307000000000000000e+07,6.970000000000000000e+07
5.434333921734026819e+07,-1.840151920000000177e-09,4.284499999999999886e+01,6.307000000000000000e+07,6.970000000000000000e+07
5.425023580949999392e+07,-1.843309960000000149e-09,4.285000000000000142e+01,6.307000000000000000e+07,6.970000000000000000e+07
5.414112117122924328e+07,-1.847024920000000097e-09,4.285500000000000398e+01,6.307000000000000000e+07,6.970000000000000000e+07
5.404567785040363669e+07,-1.850286720000000100e-09,4.285999999999999943e+01,6.307000000000000000e+07,6.970000000000000000e+07
5.404462107667802274e+07,-1.850322900000000176e-09,4.286500000000000199e+01,6.307000000000000000e+07,6.970000000000000000e+07
5.410546389600016177e+07,-1.848242170000000174e-09,4.286999999999999744e+01,6.307000000000000000e+07,6.970000000000000000e+07
5.417611694534617662e+07,-1.845831810000000023e-09,4.287500000000000000e+01,6.307000000000000000e+07,6.970000000000000000e+07
5.428444339383538812e+07,-1.842148390000000162e-09,4.288000000000000256e+01,6.307000000000000000e+07,6.970000000000000000e+07
5.443047462121968716e+07,-1.837206100000000108e-09,4.288499999999999801e+01,6.307000000000000000e+07,6.970000000000000000e+07
5.455802779014623165e+07,-1.832910830000000214e-09,4.289000000000000057e+01,6.307000000000000000e+07,6.970000000000000000e+07
5.468351182040705532e+07,-1.828704790000000144e-09,4.289500000000000313e+01,6.307000000000000000e+07,6.970000000000000000e+07
5.484372874548431486e+07,-1.823362530000000102e-09,4.289999999999999858e+01,6.307000000000000000e+07,6.970000000000000000e+07
5.499666085023814440e+07,-1.818292210000000264e-09,4.290500000000000114e+01,6.307000000000000000e+07,6.970000000000000000e+07
5.513377239517294616e+07,-1.813770320000000013e-09,4.291000000000000369e+01,6.307000000000000000e+07,6.970000000000000000e+07
5.529379503703796118e+07,-1.808521190000000210e-09,4.291499999999999915e+01,6.307000000000000000e+07,6.970000000000000000e+07
5.545675718597707152e+07,-1.803206770000000108e-09,4.292000000000000171e+01,6.307000000000000000e+07,6.970000000000000000e+07
5.556858453634317964e+07,-1.799577960000000119e-09,4.292500000000000426e+01,6.307000000000000000e+07,6.970000000000000000e+07
5.568580341227456182e+07,-1.795789840000000176e-09,4.292999999999999972e+01,6.307000000000000000e+07,6.970000000000000000e+07
5.581935503649025410e+07,-1.791493290000000164e-09,4.293500000000000227e+01,6.307000000000000000e+07,6.970000000000000000e+07
5.591786823774106055e+07,-1.788337130000000087e-09,4.293999999999999773e+01,6.307000000000000000e+07,6.970000000000000000e+07
5.596364118342864513e+07,-1.786874440000000188e-09,4.294500000000000028e+01,6.307000000000000000e+07,6.970000000000000000e+07
5.604930446568461508e+07,-1.784143460000000114e-09,4.295000000000000284e+01,6.307000000000000000e+07,6.970000000000000000e+07
5.613441646486203372e+07,-1.781438310000000126e-09,4.295499999999999829e+01,6.307000000000000000e+07,6.970000000000000000e+07
5.620889306640876085e+07,-1.779077910000000225e-09,4.296000000000000085e+01,6.307000000000000000e+07,6.970000000000000000e+07
5.628242557172644883e+07,-1.776753560000000030e-09,4.296500000000000341e+01,6.307000000000000000e+07,6.970000000000000000e+07
5.630957169075924903e+07,-1.775897010000000162e-09,4.296999999999999886e+01,6.307000000000000000e+07,6.970000000000000000e+07
5.629063842832529545e+07,-1.776494330000000195e-09,4.297500000000000142e+01,6.307000000000000000e+07,6.970000000000000000e+07
5.631638903278195113e+07,-1.775682030000000165e-09,4.298000000000000398e+01,6.307000000000000000e+07,6.970000000000000000e+07
5.639556021891696006e+07,-1.773189230000000246e-09,4.298499999999999943e+01,6.307000000000000000e+07,6.970000000000000000e+07
5.646297452867136896e+07,-1.771072120000000103e-09,4.299000000000000199e+01,6.307000000000000000e+07,6.970000000000000000e+07
5.652579475790292770e+07,-1.769103830000000127e-09,4.299499999999999744e+01,6.307000000000000000e+07,6.970000000000000000e+07
5.661370405587030202e+07,-1.766356780000000017e-09,4.300000000000000000e+01,6.307000000000000000e+07,6.970000000000000000e+07
5.665295893560692668e+07,-1.765132870000000050e-09,4.300500000000000256e+01,6.307000000000000000e+07,6.970000000000000000e+07
5.664776249637036771e+07,-1.765294790000000050e-09,4.300999999999999801e+01,6.307000000000000000e+07,6.970000000000000000e+07
5.665633013471334428e+07,-1.765027839999999947e-09,4.301500000000000057e+01,6.307000000000000000e+07,6.970000000000000000e+07
5.669427583409327269e+07,-1.763846500000000191e-09,4.302000000000000313e+01,6.307000000000000000e+07,6.970000000000000000e+07
5.672661346088501066e+07,-1.762841000000000199e-09,4.302499999999999858e+01,6.307000000000000000e+07,6.970000000000000000e+07
5.679124534330245852e+07,-1.760834780000000002e-09,4.303000000000000114e+01,6.307000000000000000e+07,6.970000000000000000e+07
5.688962225427358598e+07,-1.757789840000000100e-09,4.303500000000000369e+01,6.307000000000000000e+07,6.970000000000000000e+07
5.696158552254316956e+07,-1.755569110000000138e-09,4.303999999999999915e+01,6.307000000000000000e+07,6.970000000000000000e+07
5.702785444570847601e+07,-1.753529059999999993e-09,4.304500000000000171e+01,6.307000000000000000e+07,6.970000000000000000e+07
5.712598930716875196e+07,-1.750516729999999981e-09,4.305000000000000426e+01,6.307000000000000000e+07,6.970000000000000000e+07
5.721727131027659774e+07,-1.747724030000000208e-09,4.305499999999999972e+01,6.307000000000000000e+07,6.970000000000000000e+07
5.728182875125292689e+07,-1.745754320000000110e-09,4.306000000000000227e+01,6.307000000000000000e+07,6.970000000000000000e+07
5.736333262009678036e+07,-1.743273890000000081e-09,4.306499999999999773e+01,6.307000000000000000e+07,6.970000000000000000e+07
5.744281168868849427e+07,-1.740861860000000142e-09,4.307000000000000028e+01,6.307000000000000000e+07,6.970000000000000000e+07
5.747262620481518656e+07,-1.739958770000000163e-09,4.307500000000000284e+01,6.307000000000000000e+07,6.970000000000000000e+07
5.750902466120398045e+07,-1.738857520000000254e-09,4.307999999999999829e+01,6.307000000000000000e+07,6.970000000000000000e+07
5.754581232189463079e+07,-1.737745910000000104e-09,4.308500000000000085e+01,6.307000000000000000e+07,6.970000000000000000e+07
5.751183367803146690e+07,-1.738772590000000147e-09,4.309000000000000341e+01,6.307000000000000000e+07,6.970000000000000000e+07
5.747810393185004592e+07,-1.739792950000000161e-09,4.309499999999999886e+01,6.307000000000000000e+07,6.970000000000000000e+07
5.748716485507460684e+07,-1.739518729999999933e-09,4.310000000000000142e+01,6.307000000000000000e+07,6.970000000000000000e+07
5.750073944513408095e+07,-1.739108070000000093e-09,4.310500000000000398e+01,6.307000000000000000e+07,6.970000000000000000e+07
5.747246864724533260e+07,-1.739963540000000112e-09,4.310999999999999943e+01,6.307000000000000000e+07,6.970000000000000000e+07
5.742703597893964499e+07,-1.741340090000000097e-09,4.311500000000000199e+01,6.307000000000000000e+07,6.970000000000000000e+07
5.740310214285608381e+07,-1.742066130000000093e-09,4.311999999999999744e+01,6.307000000000000000e+07,6.970000000000000000e+07
5.736479300422123075e+07,-1.743229510000000079e-09,4.312500000000000000e+01,6.307000000000000000e+07,6.970000000000000000e+07
5.726874333094745874e+07,-1.746153210000000044e-09,4.313000000000000256e+01,6.307000000000000000e+07,6.970000000000000000e+07
5.719684704439754784e+07,-1.748348119999999965e-09,4.313499999999999801e+01,6.307000000000000000e+07,6.970000000000000000e+07
5.713217799614610523e+07,-1.750327110000000044e-09,4.314000000000000057e+01,6.307000000000000000e+07,6.970000000000000000e+07
5.706375731893331558e+07,-1.752425790000000184e-09,4.314500000000000313e+01,6.307000000000000000e+07,6.970000000000000000e+07
5.707004880516433716e+07,-1.752232600000000061e-09,4.314999999999999858e+01,6.307000000000000000e+07,6.970000000000000000e+07
5.706957589406681061e+07,-1.752247120000000222e-09,4.315500000000000114e+01,6.307000000000000000e+07,6.970000000000000000e+07
5.702704531575458497e+07,-1.753553940000000189e-09,4.316000000000000369e+01,6.307000000000000000e+07,6.970000000000000000e+07
5.705229689095618576e+07,-1.752777810000000191e-09,4.316499999999999915e+01,6.307000000000000000e+07,6.970000000000000000e+07
5.711460466932681948e+07,-1.750865660000000285e-09,4.317000000000000171e+01,6.307000000000000000e+07,6.970000000000000000e+07
5.714161537392418832e+07,-1.750038030000000207e-09,4.317500000000000426e+01,6.307000000000000000e+07,6.970000000000000000e+07
5.711671922661403567e+07,-1.750800840000000012e-09,4.317999999999999972e+01,6.307000000000000000e+07,6.970000000000000000e+07
5.711564431253066659e+07,-1.750833789999999969e-09,4.318500000000000227e+01,6.307000000000000000e+07,6.970000000000000000e+07
5.704013210220802575e+07,-1.753151620000000072e-09,4.318999999999999773e+01,6.307000000000000000e+07,6.970000000000000000e+07
5.693142067822867632e+07,-1.756499290000000232e-09,4.319500000000000028e+01,6.307000000000000000e+07,6.970000000000000000e+07
5.686348392194090784e+07,-1.758597840000000001e-09,4.320000000000000284e+01,6.307000000000000000e+07,6.970000000000000000e+07
5.673568812764422596e+07,-1.762559040000000026e-09,4.320499999999999829e+01,6.307000000000000000e+07,6.970000000000000000e+07
5.654928418841637671e+07,-1.768368980000000176e-09,4.321000000000000085e+01,6.307000000000000000e+07,6.970000000000000000e+07
5.637299562361214310e+07,-1.773898990000000097e-09,4.321500000000000341e+01,6.307000000000000000e+07,6.970000000000000000e+07
5.618820540569417924e+07,-1.779732940000000084e-09,4.321999999999999886e+01,6.307000000000000000e+07,6.970000000000000000e+07
5.597166007085429877e+07,-1.786618440000000060e-09,4.322500000000000142e+01,6.307000000000000000e+07,6.970000000000000000e+07
5.576774594227048755e+07,-1.793151190000000086e-09,4.323000000000000398e+01,6.307000000000000000e+07,6.970000000000000000e+07
5.560475216895232350e+07,-1.798407440000000173e-09,4.323499999999999943e+01,6.307000000000000000e+07,6.970000000000000000e+07
5.542889590932807326e+07,-1.804113150000000268e-09,4.324000000000000199e+01,6.307000000000000000e+07,6.970000000000000000e+07
5.526593259360103309e+07,-1.809432960000000185e-09,4.324499999999999744e+01,6.307000000000000000e+07,6.970000000000000000e+07
5.510906284685471654e+07,-1.814583570000000139e-09,4.325000000000000000e+01,6.307000000000000000e+07,6.970000000000000000e+07
5.499134285037342459e+07,-1.818468050000000027e-09,4.325500000000000256e+01,6.307000000000000000e+07,6.970000000000000000e+07
5.491763444947622716e+07,-1.820908730000000000e-09,4.325999999999999801e+01,6.307000000000000000e+07,6.970000000000000000e+07
5.490847534115555137e+07,-1.821212470000000209e-09,4.326500000000000057e+01,6.307000000000000000e+07,6.970000000000000000e+07
5.492764258055667579e+07,-1.820576949999999993e-09,4.327000000000000313e+01,6.307000000000000000e+07,6.970000000000000000e+07
5.486775742927130312e+07,-1.822564010000000039e-09,4.327499999999999858e+01,6.307000000000000000e+07,6.970000000000000000e+07
5.481260480307070166e+07,-1.824397880000000097e-09,4.328000000000000114e+01,6.307000000000000000e+07,6.970000000000000000e+07
5.482291821878343076e+07,-1.824054670000000044e-09,4.328500000000000369e+01,6.307000000000000000e+07,6.970000000000000000e+07
5.483148267575179040e+07,-1.823769760000000172e-09,4.328999999999999915e+01,6.307000000000000000e+07,6.970000000000000000e+07
5.484543183431023359e+07,-1.823305910000000168e-09,4.329500000000000171e+01,6.307000000000000000e+07,6.970000000000000000e+07
5.494865861092956364e+07,-1.819880640000000086e-09,4.330000000000000426e+01,6.307000000000000000e+07,6.970000000000000000e+07
5.508759530863241106e+07,-1.815290710000000107e-09,4.330499999999999972e+01,6.307000000000000000e+07,6.970000000000000000e+07
5.523542728278920799e+07,-1.810432270000000106e-09,4.331000000000000227e+01,6.307000000000000000e+07,6.970000000000000000e+07
5.542547473762009293e+07,-1.804224510000000239e-09,4.331499999999999773e+01,6.307000000000000000e+07,6.970000000000000000e+07
5.563393944915522635e+07,-1.797463940000000299e-09,4.332000000000000028e+01,6.307000000000000000e+07,6.970000000000000000e+07
5.583048907698255032e+07,-1.791136020000000138e-09,4.332500000000000284e+01,6.307000000000000000e+07,6.970000000000000000e+07
5.604777929702756554e+07,-1.784192010000000081e-09,4.332999999999999829e+01,6.307000000000000000e+07,6.970000000000000000e+07
5.628199951776457578e+07,-1.776767009999999974e-09,4.333500000000000085e+01,6.307000000000000000e+07,6.970000000000000000e+07
5.648210335466923565e+07,-1.770472310000000145e-09,4.334000000000000341e+01,6.307000000000000000e+07,6.970000000000000000e+07
5.667963424904081225e+07,-1.764302140000000225e-09,4.334499999999999886e+01,6.307000000000000000e+07,6.970000000000000000e+07
5.690414199103905261e+07,-1.757341320000000145e-09,4.335000000000000142e+01,6.307000000000000000e+07,6.970000000000000000e+07
5.710051238174077123e+07,-1.751297770000000138e-09,4.335500000000000398e+01,6.307000000000000000e+07,6.970000000000000000e+07
5.727417143575328588e+07,-1.745987720000000065e-09,4.335999999999999943e+01,6.307000000000000000e+07,6.970000000000000000e+07
5.747830843361515552e+07,-1.739786760000000297e-09,4.336500000000000199e+01,6.307000000000000000e+07,6.970000000000000000e+07
5.768507409494902194e+07,-1.733550690000000050e-09,4.336999999999999744e+01,6.307000000000000000e+07,6.970000000000000000e+07
5.785549367389807850e+07,-1.728444330000000139e-09,4.337500000000000000e+01,6.307000000000000000e+07,6.970000000000000000e+07
5.803658641497112811e+07,-1.723051029999999998e-09,4.338000000000000256e+01,6.307000000000000000e+07,6.970000000000000000e+07
5.822523294809422642e+07,-1.717468440000000149e-09,4.338499999999999801e+01,6.307000000000000000e+07,6.970000000000000000e+07
5.838353972313579917e+07,-1.712811529999999994e-09,4.339000000000000057e+01,6.307000000000000000e+07,6.970000000000000000e+07
5.854164484892740101e+07,-1.708185690000000107e-09,4.339500000000000313e+01,6.307000000000000000e+07,6.970000000000000000e+07
5.873197765950684994e+07,-1.702649969999999979e-09,4.339999999999999858e+01,6.307000000000000000e+07,6.970000000000000000e+07
5.890349714598125219e+07,-1.697692070000000078e-09,4.340500000000000114e+01,6.307000000000000000e+07,6.970000000000000000e+07
5.903709471278007329e+07,-1.693850290000000152e-09,4.341000000000000369e+01,6.307000000000000000e+07,6.970000000000000000e+07
5.920611514859976619e+07,-1.689014720000000287e-09,4.341499999999999915e+01,6.307000000000000000e+07,6.970000000000000000e+07
5.937032028292949498e+07,-1.684343280000000132e-09,4.342000000000000171e+01,6.307000000000000000e+07,6.970000000000000000e+07
5.950162250214271247e+07,-1.680626440000000081e-09,4.342500000000000426e+01,6.307000000000000000e+07,6.970000000000000000e+07
5.964071740005882829e+07,-1.676706859999999964e-09,4.342999999999999972e+01,6.307000000000000000e+07,6.970000000000000000e+07
5.981110254237318784e+07,-1.671930390000000119e-09,4.343500000000000227e+01,6.307000000000000000e+07,6.970000000000000000e+07
5.994953256510165334e+07,-1.668069720000000211e-09,4.343999999999999773e+01,6.307000000000000000e+07,6.970000000000000000e+07
6.008278109446746111e+07,-1.664370360000000066e-09,4.344500000000000028e+01,6.307000000000000000e+07,6.970000000000000000e+07
6.025344176245462894e+07,-1.659656229999999993e-09,4.345000000000000284e+01,6.307000000000000000e+07,6.970000000000000000e+07
6.039497942092411220e+07,-1.655766770000000254e-09,4.345499999999999829e+01,6.307000000000000000e+07,6.970000000000000000e+07
6.050971593617038429e+07,-1.652627160000000077e-09,4.346000000000000085e+01,6.307000000000000000e+07,6.970000000000000000e+07
6.066893089992597699e+07,-1.648290130000000064e-09,4.346500000000000341e+01,6.307000000000000000e+07,6.970000000000000000e+07
6.082441583531550318e+07,-1.644076620000000218e-09,4.346999999999999886e+01,6.307000000000000000e+07,6.970000000000000000e+07
6.093289356845387816e+07,-1.641149699999999970e-09,4.347500000000000142e+01,6.307000000000000000e+07,6.970000000000000000e+07
6.103845703570151329e+07,-1.638311400000000138e-09,4.348000000000000398e+01,6.307000000000000000e+07,6.970000000000000000e+07
6.115676579195816070e+07,-1.635142060000000079e-09,4.348499999999999943e+01,6.307000000000000000e+07,6.970000000000000000e+07
6.123938533906456083e+07,-1.632936050000000135e-09,4.349000000000000199e+01,6.307000000000000000e+07,6.970000000000000000e+07
6.131192548158387095e+07,-1.631004069999999987e-09,4.349499999999999744e+01,6.307000000000000000e+07,6.970000000000000000e+07
6.142041829798529297e+07,-1.628123070000000191e-09,4.350000000000000000e+01,6.307000000000000000e+07,6.970000000000000000e+07
6.149645246029656380e+07,-1.626110060000000145e-09,4.350500000000000256e+01,6.307000000000000000e+07,6.970000000000000000e+07
6.153803891414505988e+07,-1.625011159999999952e-09,4.350999999999999801e+01,6.307000000000000000e+07,6.970000000000000000e+07
6.160491865005806834e+07,-1.623247010000000074e-09,4.351500000000000057e+01,6.307000000000000000e+07,6.970000000000000000e+07
6.168016992590750009e+07,-1.621266610000000125e-09,4.352000000000000313e+01,6.307000000000000000e+07,6.970000000000000000e+07
6.172239465436165780e+07,-1.620157490000000107e-09,4.352499999999999858e+01,6.307000000000000000e+07,6.970000000000000000e+07
6.178936247311429679e+07,-1.618401549999999993e-09,4.353000000000000114e+01,6.307000000000000000e+07,6.970000000000000000e+07
6.188377605543677509e+07,-1.615932420000000050e-09,4.353500000000000369e+01,6.307000000000000000e+07,6.970000000000000000e+07
6.194565721824217588e+07,-1.614318170000000186e-09,4.353999999999999915e+01,6.307000000000000000e+07,6.970000000000000000e+07
6.200523773124372959e+07,-1.612766979999999993e-09,4.354500000000000171e+01,6.307000000000000000e+07,6.970000000000000000e+07
6.209339460030625015e+07,-1.610477260000000001e-09,4.355000000000000426e+01,6.307000000000000000e+07,6.970000000000000000e+07
6.216063749612575769e+07,-1.608735110000000105e-09,4.355499999999999972e+01,6.307000000000000000e+07,6.970000000000000000e+07
6.220327831057339162e+07,-1.607632310000000116e-09,4.356000000000000227e+01,6.307000000000000000e+07,6.970000000000000000e+07
6.228022631587935239e+07,-1.605646060000000163e-09,4.356499999999999773e+01,6.307000000000000000e+07,6.970000000000000000e+07
6.235418318377017230e+07,-1.603741640000000157e-09,4.357000000000000028e+01,6.307000000000000000e+07,6.970000000000000000e+07
6.238862421797497571e+07,-1.602856310000000090e-09,4.357500000000000284e+01,6.307000000000000000e+07,6.970000000000000000e+07
6.245699913680680096e+07,-1.601101579999999989e-09,4.357999999999999829e+01,6.307000000000000000e+07,6.970000000000000000e+07
6.254816951812408864e+07,-1.598767810000000017e-09,4.358500000000000085e+01,6.307000000000000000e+07,6.970000000000000000e+07
6.260000428935229033e+07,-1.597443980000000170e-09,4.359000000000000341e+01,6.307000000000000000e+07,6.970000000000000000e+07
6.264645370485018939e+07,-1.596259550000000091e-09,4.359499999999999886e+01,6.307000000000000000e+07,6.970000000000000000e+07
6.272602421137972176e+07,-1.594234630000000137e-09,4.360000000000000142e+01,6.307000000000000000e+07,6.970000000000000000e+07
6.277739092605672777e+07,-1.592930170000000136e-09,4.360500000000000398e+01,6.307000000000000000e+07,6.970000000000000000e+07
6.280041007914176583e+07,-1.592346290000000210e-09,4.360999999999999943e+01,6.307000000000000000e+07,6.970000000000000000e+07
6.286087643399802595e+07,-1.590814600000000236e-09,4.361500000000000199e+01,6.307000000000000000e+07,6.970000000000000000e+07
6.291303389769995213e+07,-1.589495750000000032e-09,4.361999999999999744e+01,6.307000000000000000e+07,6.970000000000000000e+07
6.292701287703781575e+07,-1.589142650000000177e-09,4.362500000000000000e+01,6.307000000000000000e+07,6.970000000000000000e+07
6.296955214354337007e+07,-1.588069100000000207e-09,4.363000000000000256e+01,6.307000000000000000e+07,6.970000000000000000e+07
6.303659348635063320e+07,-1.586380140000000061e-09,4.363499999999999801e+01,6.307000000000000000e+07,6.970000000000000000e+07
6.305343974484037608e+07,-1.585956300000000238e-09,4.364000000000000057e+01,6.307000000000000000e+07,6.970000000000000000e+07
6.306018013342247903e+07,-1.585786780000000091e-09,4.364500000000000313e+01,6.307000000000000000e+07,6.970000000000000000e+07
6.310483857990537584e+07,-1.584664539999999943e-09,4.364999999999999858e+01,6.307000000000000000e+07,6.970000000000000000e+07
6.313574219928862900e+07,-1.583888879999999971e-09,4.365500000000000114e+01,6.307000000000000000e+07,6.970000000000000000e+07
6.315898186912792176e+07,-1.583306080000000100e-09,4.366000000000000369e+01,6.307000000000000000e+07,6.970000000000000000e+07
6.322986589874921739e+07,-1.581531110000000206e-09,4.366499999999999915e+01,6.307000000000000000e+07,6.970000000000000000e+07
6.328678246624755859e+07,-1.580108770000000141e-09,4.367000000000000171e+01,6.307000000000000000e+07,6.970000000000000000e+07
6.329157707401102036e+07,-1.579989070000000241e-09,4.367500000000000426e+01,6.307000000000000000e+07,6.970000000000000000e+07
6.332838835723792017e+07,-1.579070660000000052e-09,4.367999999999999972e+01,6.307000000000000000e+07,6.970000000000000000e+07
6.337823778660478443e+07,-1.577828660000000151e-09,4.368500000000000227e+01,6.307000000000000000e+07,6.970000000000000000e+07
6.339152975818374753e+07,-1.577497820000000196e-09,4.368999999999999773e+01,6.307000000000000000e+07,6.970000000000000000e+07
6.341401191568308324e+07,-1.576938550000000091e-09,4.369500000000000028e+01,6.307000000000000000e+07,6.970000000000000000e+07
6.348133131803806126e+07,-1.575266270000000010e-09,4.370000000000000284e+01,6.307000000000000000e+07,6.970000000000000000e+07
6.352907976920901984e+07,-1.574082300000000120e-09,4.370499999999999829e+01,6.307000000000000000e+07,6.970000000000000000e+07
6.355321580860821903e+07,-1.573484500000000017e-09,4.371000000000000085e+01,6.307000000000000000e+07,6.970000000000000000e+07
6.361974812458206713e+07,-1.571838980000000236e-09,4.371500000000000341e+01,6.307000000000000000e+07,6.970000000000000000e+07
6.368307673627975583e+07,-1.570275890000000178e-09,4.371999999999999886e+01,6.307000000000000000e+07,6.970000000000000000e+07
6.370415870239929110e+07,-1.569756230000000127e-09,4.372500000000000142e+01,6.307000000000000000e+07,6.970000000000000000e+07
6.373968671153609455e+07,-1.568881260000000096e-09,4.373000000000000398e+01,6.307000000000000000e+07,6.970000000000000000e+07
6.379345862385618687e+07,-1.567558840000000119e-09,4.373499999999999943e+01,6.307000000000000000e+07,6.970000000000000000e+07
6.381152790475562215e+07,-1.567114960000000153e-09,4.374000000000000199e+01,6.307000000000000000e+07,6.970000000000000000e+07
6.383396387671730667e+07,-1.566564160000000143e-09,4.374499999999999744e+01,6.307000000000000000e+07,6.970000000000000000e+07
6.389805999994606525e+07,-1.564992740000000202e-09,4.375000000000000000e+01,6.307000000000000000e+07,6.970000000000000000e+07
6.393652913339558989e+07,-1.564051120000000017e-09,4.375500000000000256e+01,6.307000000000000000e+07,6.970000000000000000e+07
6.394375077979404479e+07,-1.563874479999999999e-09,4.375999999999999801e+01,6.307000000000000000e+07,6.970000000000000000e+07
6.398040050003242493e+07,-1.562978650000000101e-09,4.376500000000000057e+01,6.307000000000000000e+07,6.970000000000000000e+07
6.399174885270953923e+07,-1.562701469999999922e-09,4.377000000000000313e+01,6.307000000000000000e+07,6.970000000000000000e+07
6.395945686780498177e+07,-1.563490450000000087e-09,4.377499999999999858e+01,6.307000000000000000e+07,6.970000000000000000e+07
6.394767177366202325e+07,-1.563778590000000079e-09,4.378000000000000114e+01,6.307000000000000000e+07,6.970000000000000000e+07
6.394809542843826860e+07,-1.563768230000000044e-09,4.378500000000000369e+01,6.307000000000000000e+07,6.970000000000000000e+07
6.389668978725789487e+07,-1.565026299999999981e-09,4.378999999999999915e+01,6.307000000000000000e+07,6.970000000000000000e+07
6.384146397363623232e+07,-1.566380120000000041e-09,4.379500000000000171e+01,6.307000000000000000e+07,6.970000000000000000e+07
6.384159032159447670e+07,-1.566377020000000087e-09,4.380000000000000426e+01,6.307000000000000000e+07,6.970000000000000000e+07
6.383069240758487582e+07,-1.566644450000000260e-09,4.380499999999999972e+01,6.307000000000000000e+07,6.970000000000000000e+07
6.380403443245969713e+07,-1.567299010000000093e-09,4.381000000000000227e+01,6.307000000000000000e+07,6.970000000000000000e+07
6.382212355492112786e+07,-1.566854790000000061e-09,4.381499999999999773e+01,6.307000000000000000e+07,6.970000000000000000e+07
6.382733368417517096e+07,-1.566726890000000029e-09,4.382000000000000028e+01,6.307000000000000000e+07,6.970000000000000000e+07
6.378180296232032031e+07,-1.567845300000000279e-09,4.382500000000000284e+01,6.307000000000000000e+07,6.970000000000000000e+07
6.376218439551887661e+07,-1.568327699999999992e-09,4.382999999999999829e+01,6.307000000000000000e+07,6.970000000000000000e+07
6.378739792947892100e+07,-1.567707780000000199e-09,4.383500000000000085e+01,6.307000000000000000e+07,6.970000000000000000e+07
6.379004115235892683e+07,-1.567642820000000130e-09,4.384000000000000341e+01,6.307000000000000000e+07,6.970000000000000000e+07
6.379923066038928181e+07,-1.567417020000000116e-09,4.384499999999999886e+01,6.307000000000000000e+07,6.970000000000000000e+07
6.384590968466153741e+07,-1.566271050000000138e-09,4.385000000000000142e+01,6.307000000000000000e+07,6.970000000000000000e+07
6.387361731024083495e+07,-1.565591620000000153e-09,4.385500000000000398e+01,6.307000000000000000e+07,6.970000000000000000e+07
6.388000493690229952e+07,-1.565435070000000087e-09,4.385999999999999943e+01,6.307000000000000000e+07,6.970000000000000000e+07
6.392707158759960532e+07,-1.564282510000000117e-09,4.386500000000000199e+01,6.307000000000000000e+07,6.970000000000000000e+07
6.396131128670509905e+07,-1.563445119999999989e-09,4.386999999999999744e+01,6.307000000000000000e+07,6.970000000000000000e+07
6.395388975711623579e+07,-1.563626550000000045e-09,4.387500000000000000e+01,6.307000000000000000e+07,6.970000000000000000e+07
6.398263030264206976e+07,-1.562924180000000026e-09,4.388000000000000256e+01,6.307000000000000000e+07,6.970000000000000000e+07
6.404969559517497569e+07,-1.561287670000000056e-09,4.388499999999999801e+01,6.307000000000000000e+07,6.970000000000000000e+07
6.408472677614521235e+07,-1.560434210000000099e-09,4.389000000000000057e+01,6.307000000000000000e+07,6.970000000000000000e+07
6.412503006021096557e+07,-1.559453460000000138e-09,4.389500000000000313e+01,6.307000000000000000e+07,6.970000000000000000e+07
6.420667646319294721e+07,-1.557470430000000054e-09,4.389999999999999858e+01,6.307000000000000000e+07,6.970000000000000000e+07
6.426358846991178393e+07,-1.556091130000000019e-09,4.390500000000000114e+01,6.307000000000000000e+07,6.970000000000000000e+07
6.430294692432188243e+07,-1.555138680000000187e-09,4.391000000000000369e+01,6.307000000000000000e+07,6.970000000000000000e+07
6.437669907007730007e+07,-1.553357060000000035e-09,4.391499999999999915e+01,6.307000000000000000e+07,6.970000000000000000e+07
6.442371964879383147e+07,-1.552223320000000150e-09,4.392000000000000171e+01,6.307000000000000000e+07,6.970000000000000000e+07
6.442210891275174916e+07,-1.552262129999999949e-09,4.392500000000000426e+01,6.307000000000000000e+07,6.970000000000000000e+07
6.445329995546148717e+07,-1.551510940000000001e-09,4.392999999999999972e+01,6.307000000000000000e+07,6.970000000000000000e+07
6.450083775623103231e+07,-1.550367459999999948e-09,4.393500000000000227e+01,6.307000000000000000e+07,6.970000000000000000e+07
6.450233718413576484e+07,-1.550331420000000082e-09,4.393999999999999773e+01,6.307000000000000000e+07,6.970000000000000000e+07
6.450355999340334535e+07,-1.550302030000000267e-09,4.394500000000000028e+01,6.307000000000000000e+07,6.970000000000000000e+07
6.454703373557817936e+07,-1.549257870000000111e-09,4.395000000000000284e+01,6.307000000000000000e+07,6.970000000000000000e+07
6.456267038693990558e+07,-1.548882649999999946e-09,4.395499999999999829e+01,6.307000000000000000e+07,6.970000000000000000e+07
6.455957054250607640e+07,-1.548957020000000161e-09,4.396000000000000085e+01,6.307000000000000000e+07,6.970000000000000000e+07
6.459374195545499772e+07,-1.548137590000000216e-09,4.396500000000000341e+01,6.307000000000000000e+07,6.970000000000000000e+07
6.461523796861684322e+07,-1.547622560000000110e-09,4.396999999999999886e+01,6.307000000000000000e+07,6.970000000000000000e+07
6.461263529805065691e+07,-1.547684900000000089e-09,4.397500000000000142e+01,6.307000000000000000e+07,6.970000000000000000e+07
6.465270056269831955e+07,-1.546725799999999998e-09,4.398000000000000398e+01,6.307000000000000000e+07,6.970000000000000000e+07
6.470756573929551989e+07,-1.545414340000000041e-09,4.398499999999999943e+01,6.307000000000000000e+07,6.970000000000000000e+07
6.470998721194761992e+07,-1.545356510000000094e-09,4.399000000000000199e+01,6.307000000000000000e+07,6.970000000000000000e+07
6.471412670428049564e+07,-1.545257660000000223e-09,4.399499999999999744e+01,6.307000000000000000e+07,6.970000000000000000e+07
6.475350577584759146e+07,-1.544317930000000186e-09,4.400000000000000000e+01,6.307000000000000000e+07,6.970000000000000000e+07
6.475183951396440715e+07,-1.544357669999999992e-09,4.400500000000000256e+01,6.307000000000000000e+07,6.970000000000000000e+07
6.472762131493515521e+07,-1.544935500000000057e-09,4.400999999999999801e+01,6.307000000000000000e+07,6.970000000000000000e+07
6.474862295704254508e+07,-1.544434390000000129e-09,4.401500000000000057e+01,6.307000000000000000e+07,6.970000000000000000e+07
6.476991133459005505e+07,-1.543926769999999945e-09,4.402000000000000313e+01,6.307000000000000000e+07,6.970000000000000000e+07
6.475968687214877456e+07,-1.544170529999999935e-09,4.402499999999999858e+01,6.307000000000000000e+07,6.970000000000000000e+07
6.476836000845226645e+07,-1.543963750000000277e-09,4.403000000000000114e+01,6.307000000000000000e+07,6.970000000000000000e+07
6.479229805141310394e+07,-1.543393320000000089e-09,4.403500000000000369e+01,6.307000000000000000e+07,6.970000000000000000e+07
6.478262510818941146e+07,-1.543623770000000137e-09,4.403999999999999915e+01,6.307000000000000000e+07,6.970000000000000000e+07
6.478546142204255611e+07,-1.543556190000000184e-09,4.404500000000000171e+01,6.307000000000000000e+07,6.970000000000000000e+07
6.482573591050553322e+07,-1.542597220000000053e-09,4.405000000000000426e+01,6.307000000000000000e+07,6.970000000000000000e+07
6.483492108436042815e+07,-1.542378679999999913e-09,4.405499999999999972e+01,6.307000000000000000e+07,6.970000000000000000e+07
6.482223173855799437e+07,-1.542680609999999917e-09,4.406000000000000227e+01,6.307000000000000000e+07,6.970000000000000000e+07
6.485482099154953659e+07,-1.541905419999999970e-09,4.406499999999999773e+01,6.307000000000000000e+07,6.970000000000000000e+07
6.487880321653016657e+07,-1.541335460000000015e-09,4.407000000000000028e+01,6.307000000000000000e+07,6.970000000000000000e+07
6.486090533448386192e+07,-1.541760780000000020e-09,4.407500000000000284e+01,6.307000000000000000e+07,6.970000000000000000e+07
6.488739208383160830e+07,-1.541131440000000037e-09,4.407999999999999829e+01,6.307000000000000000e+07,6.970000000000000000e+07
6.493597530370572209e+07,-1.539978410000000042e-09,4.408500000000000085e+01,6.307000000000000000e+07,6.970000000000000000e+07
6.493577416865033656e+07,-1.539983179999999991e-09,4.409000000000000341e+01,6.307000000000000000e+07,6.970000000000000000e+07
6.494512088576313108e+07,-1.539761549999999942e-09,4.409499999999999886e+01,6.307000000000000000e+07,6.970000000000000000e+07
6.499197553826825321e+07,-1.538651490000000078e-09,4.410000000000000142e+01,6.307000000000000000e+07,6.970000000000000000e+07
6.499981614802002907e+07,-1.538465890000000058e-09,4.410500000000000398e+01,6.307000000000000000e+07,6.970000000000000000e+07
6.497347902787018567e+07,-1.539089509999999996e-09,4.410999999999999943e+01,6.307000000000000000e+07,6.970000000000000000e+07
6.498586658129949868e+07,-1.538796130000000029e-09,4.411500000000000199e+01,6.307000000000000000e+07,6.970000000000000000e+07
6.498159006571847945e+07,-1.538897400000000133e-09,4.411999999999999744e+01,6.307000000000000000e+07,6.970000000000000000e+07
6.493175088596127182e+07,-1.540078600000000092e-09,4.412500000000000000e+01,6.307000000000000000e+07,6.970000000000000000e+07
6.493465972592210025e+07,-1.540009610000000062e-09,4.413000000000000256e+01,6.307000000000000000e+07,6.970000000000000000e+07
6.495188620829639584e+07,-1.539601170000000185e-09,4.413499999999999801e+01,6.307000000000000000e+07,6.970000000000000000e+07
6.492983976945283264e+07,-1.540123930000000190e-09,4.414000000000000057e+01,6.307000000000000000e+07,6.970000000000000000e+07
6.492871161847157031e+07,-1.540150690000000076e-09,4.414500000000000313e+01,6.307000000000000000e+07,6.970000000000000000e+07
6.497439849512016773e+07,-1.539067729999999960e-09,4.414999999999999858e+01,6.307000000000000000e+07,6.970000000000000000e+07
6.498903621961168200e+07,-1.538721080000000093e-09,4.415500000000000114e+01,6.307000000000000000e+07,6.970000000000000000e+07
6.499121734685260803e+07,-1.538669440000000217e-09,4.416000000000000369e+01,6.307000000000000000e+07,6.970000000000000000e+07
6.503942703074488789e+07,-1.537528920000000115e-09,4.416499999999999915e+01,6.307000000000000000e+07,6.970000000000000000e+07
6.506801833241964132e+07,-1.536853320000000233e-09,4.417000000000000171e+01,6.307000000000000000e+07,6.970000000000000000e+07
6.504967485895767063e+07,-1.537286699999999954e-09,4.417500000000000426e+01,6.307000000000000000e+07,6.970000000000000000e+07
6.506712754320397973e+07,-1.536874360000000282e-09,4.417999999999999972e+01,6.307000000000000000e+07,6.970000000000000000e+07
6.509279958227086067e+07,-1.536268230000000087e-09,4.418500000000000227e+01,6.307000000000000000e+07,6.970000000000000000e+07
6.507216988427831233e+07,-1.536755270000000204e-09,4.418999999999999773e+01,6.307000000000000000e+07,6.970000000000000000e+07
6.506932831105700135e+07,-1.536822380000000131e-09,4.419500000000000028e+01,6.307000000000000000e+07,6.970000000000000000e+07
6.509301609739872068e+07,-1.536263120000000278e-09,4.420000000000000284e+01,6.307000000000000000e+07,6.970000000000000000e+07
6.509044046577391773e+07,-1.536323909999999969e-09,4.420499999999999829e+01,6.307000000000000000e+07,6.970000000000000000e+07
6.507572061176227033e+07,-1.536671420000000152e-09,4.421000000000000085e+01,6.307000000000000000e+07,6.970000000000000000e+07
6.509650935070996732e+07,-1.536180680000000096e-09,4.421500000000000341e+01,6.307000000000000000e+07,6.970000000000000000e+07
6.508462348304501921e+07,-1.536461220000000148e-09,4.421999999999999886e+01,6.307000000000000000e+07,6.970000000000000000e+07
6.501569283778025210e+07,-1.538090200000000074e-09,4.422500000000000142e+01,6.307000000000000000e+07,6.970000000000000000e+07
6.497804369161344320e+07,-1.538981390000000189e-09,4.423000000000000398e+01,6.307000000000000000e+07,6.970000000000000000e+07
6.497099811591901630e+07,-1.539148280000000201e-09,4.423499999999999943e+01,6.307000000000000000e+07,6.970000000000000000e+07
6.494110234910605848e+07,-1.539856830000000039e-09,4.424000000000000199e+01,6.307000000000000000e+07,6.970000000000000000e+07
6.493371271158008277e+07,-1.540032070000000231e-09,4.424499999999999744e+01,6.307000000000000000e+07,6.970000000000000000e+07
6.495673475485734642e+07,-1.539486250000000072e-09,4.425000000000000000e+01,6.307000000000000000e+07,6.970000000000000000e+07
6.493544780121171474e+07,-1.539990919999999935e-09,4.425500000000000256e+01,6.307000000000000000e+07,6.970000000000000000e+07
6.489550733075225353e+07,-1.540938720000000146e-09,4.425999999999999801e+01,6.307000000000000000e+07,6.970000000000000000e+07
6.490196198436372727e+07,-1.540785470000000098e-09,4.426500000000000057e+01,6.307000000000000000e+07,6.970000000000000000e+07
6.489887454124040157e+07,-1.540858770000000096e-09,4.427000000000000313e+01,6.307000000000000000e+07,6.970000000000000000e+07
6.486379394609606266e+07,-1.541692120000000012e-09,4.427499999999999858e+01,6.307000000000000000e+07,6.970000000000000000e+07
6.486583076967894286e+07,-1.541643710000000049e-09,4.428000000000000114e+01,6.307000000000000000e+07,6.970000000000000000e+07
6.489183433213330805e+07,-1.541025940000000114e-09,4.428500000000000369e+01,6.307000000000000000e+07,6.970000000000000000e+07
6.489167010549256951e+07,-1.541029840000000117e-09,4.428999999999999915e+01,6.307000000000000000e+07,6.970000000000000000e+07
6.491186020955677330e+07,-1.540550520000000062e-09,4.429500000000000171e+01,6.307000000000000000e+07,6.970000000000000000e+07
6.497317803253732622e+07,-1.539096639999999911e-09,4.430000000000000426e+01,6.307000000000000000e+07,6.970000000000000000e+07
6.500458649610711634e+07,-1.538352990000000051e-09,4.430499999999999972e+01,6.307000000000000000e+07,6.970000000000000000e+07
6.502172792068888992e+07,-1.537947440000000020e-09,4.431000000000000227e+01,6.307000000000000000e+07,6.970000000000000000e+07
6.508799043654345721e+07,-1.536381740000000123e-09,4.431499999999999773e+01,6.307000000000000000e+07,6.970000000000000000e+07
6.515478251577927172e+07,-1.534806749999999995e-09,4.432000000000000028e+01,6.307000000000000000e+07,6.970000000000000000e+07
6.517478796230009198e+07,-1.534335639999999911e-09,4.432500000000000284e+01,6.307000000000000000e+07,6.970000000000000000e+07
6.520750995674661547e+07,-1.533565690000000145e-09,4.432999999999999829e+01,6.307000000000000000e+07,6.970000000000000000e+07
6.523517001541082561e+07,-1.532915450000000118e-09,4.433500000000000085e+01,6.307000000000000000e+07,6.970000000000000000e+07
6.521300275279735774e+07,-1.533436520000000039e-09,4.434000000000000341e+01,6.307000000000000000e+07,6.970000000000000000e+07
6.520290109354328364e+07,-1.533674090000000165e-09,4.434499999999999886e+01,6.307000000000000000e+07,6.970000000000000000e+07
6.523345887251558900e+07,-1.532955660000000155e-09,4.435000000000000142e+01,6.307000000000000000e+07,6.970000000000000000e+07
6.524248242843793333e+07,-1.532743640000000109e-09,4.435500000000000398e+01,6.307000000000000000e+07,6.970000000000000000e+07
6.525160300350518525e+07,-1.532529400000000099e-09,4.435999999999999943e+01,6.307000000000000000e+07,6.970000000000000000e+07
6.532249263890628517e+07,-1.530866260000000202e-09,4.436500000000000199e+01,6.307000000000000000e+07,6.970000000000000000e+07
6.537522742652397603e+07,-1.529631390000000216e-09,4.436999999999999744e+01,6.307000000000000000e+07,6.970000000000000000e+07
6.539505246013996005e+07,-1.529167670000000171e-09,4.437500000000000000e+01,6.307000000000000000e+07,6.970000000000000000e+07
6.543707308976209909e+07,-1.528185710000000197e-09,4.438000000000000256e+01,6.307000000000000000e+07,6.970000000000000000e+07
6.547379736992410570e+07,-1.527328550000000094e-09,4.438499999999999801e+01,6.307000000000000000e+07,6.970000000000000000e+07
6.546425158917415887e+07,-1.527551260000000198e-09,4.439000000000000057e+01,6.307000000000000000e+07,6.970000000000000000e+07
6.547368462680111080e+07,-1.527331180000000023e-09,4.439500000000000313e+01,6.307000000000000000e+07,6.970000000000000000e+07
6.552356912594683468e+07,-1.526168390000000184e-09,4.439999999999999858e+01,6.307000000000000000e+07,6.970000000000000000e+07
6.553863404824578762e+07,-1.525817580000000190e-09,4.440500000000000114e+01,6.307000000000000000e+07,6.970000000000000000e+07
6.555092610151743144e+07,-1.525531460000000097e-09,4.441000000000000369e+01,6.307000000000000000e+07,6.970000000000000000e+07
6.559701592352473736e+07,-1.524459590000000166e-09,4.441499999999999915e+01,6.307000000000000000e+07,6.970000000000000000e+07
6.561433779313550144e+07,-1.524057140000000089e-09,4.442000000000000171e+01,6.307000000000000000e+07,6.970000000000000000e+07
6.559294212596314400e+07,-1.524554270000000279e-09,4.442500000000000426e+01,6.307000000000000000e+07,6.970000000000000000e+07
6.561190025605437160e+07,-1.524113760000000230e-09,4.442999999999999972e+01,6.307000000000000000e+07,6.970000000000000000e+07
6.565323501490022987e+07,-1.523154190000000114e-09,4.443500000000000227e+01,6.307000000000000000e+07,6.970000000000000000e+07
6.565503506527091563e+07,-1.523112430000000202e-09,4.443999999999999773e+01,6.307000000000000000e+07,6.970000000000000000e+07
6.567670936672954261e+07,-1.522609780000000031e-09,4.444500000000000028e+01,6.307000000000000000e+07,6.970000000000000000e+07
6.571818674585095048e+07,-1.521648800000000045e-09,4.445000000000000284e+01,6.307000000000000000e+07,6.970000000000000000e+07
6.572054537090470642e+07,-1.521594190000000173e-09,4.445499999999999829e+01,6.307000000000000000e+07,6.970000000000000000e+07
6.570973103489192575e+07,-1.521844610000000052e-09,4.446000000000000085e+01,6.307000000000000000e+07,6.970000000000000000e+07
6.575415764525102824e+07,-1.520816380000000135e-09,4.446500000000000341e+01,6.307000000000000000e+07,6.970000000000000000e+07
6.579666153661062568e+07,-1.519833950000000135e-09,4.446999999999999886e+01,6.307000000000000000e+07,6.970000000000000000e+07
6.580863698612026870e+07,-1.519557379999999985e-09,4.447500000000000142e+01,6.307000000000000000e+07,6.970000000000000000e+07
6.586687679781170934e+07,-1.518213779999999956e-09,4.448000000000000398e+01,6.307000000000000000e+07,6.970000000000000000e+07
6.594296461104861647e+07,-1.516461999999999969e-09,4.448499999999999943e+01,6.307000000000000000e+07,6.970000000000000000e+07
6.597359383156398684e+07,-1.515757959999999955e-09,4.449000000000000199e+01,6.307000000000000000e+07,6.970000000000000000e+07
6.599865947482793778e+07,-1.515182290000000206e-09,4.449499999999999744e+01,6.307000000000000000e+07,6.970000000000000000e+07
6.604934134143728763e+07,-1.514019640000000164e-09,4.450000000000000000e+01,6.307000000000000000e+07,6.970000000000000000e+07
6.606152940460441262e+07,-1.513740310000000126e-09,4.450500000000000256e+01,6.307000000000000000e+07,6.970000000000000000e+07
6.604911841764806211e+07,-1.514024749999999973e-09,4.450999999999999801e+01,6.307000000000000000e+07,6.970000000000000000e+07
6.607122966163198650e+07,-1.513518070000000048e-09,4.451500000000000057e+01,6.307000000000000000e+07,6.970000000000000000e+07
6.607176399181759357e+07,-1.513505830000000116e-09,4.452000000000000313e+01,6.307000000000000000e+07,6.970000000000000000e+07
6.602903004602811486e+07,-1.514485370000000064e-09,4.452499999999999858e+01,6.307000000000000000e+07,6.970000000000000000e+07
6.601900526075084507e+07,-1.514715340000000042e-09,4.453000000000000114e+01,6.307000000000000000e+07,6.970000000000000000e+07
6.601588384415456653e+07,-1.514786960000000001e-09,4.453500000000000369e+01,6.307000000000000000e+07,6.970000000000000000e+07
6.596192984791771322e+07,-1.516025990000000113e-09,4.453999999999999915e+01,6.307000000000000000e+07,6.970000000000000000e+07
6.591586344946190715e+07,-1.517085489999999948e-09,4.454500000000000171e+01,6.307000000000000000e+07,6.970000000000000000e+07
6.590376425232334435e+07,-1.517364010000000100e-09,4.455000000000000426e+01,6.307000000000000000e+07,6.970000000000000000e+07
6.585033975976676494e+07,-1.518595050000000188e-09,4.455499999999999972e+01,6.307000000000000000e+07,6.970000000000000000e+07
6.578362802984342724e+07,-1.520135070000000047e-09,4.456000000000000227e+01,6.307000000000000000e+07,6.970000000000000000e+07
6.576416918947884440e+07,-1.520584860000000076e-09,4.456499999999999773e+01,6.307000000000000000e+07,6.970000000000000000e+07
6.574268392403354496e+07,-1.521081800000000040e-09,4.457000000000000028e+01,6.307000000000000000e+07,6.970000000000000000e+07
6.570628477262829244e+07,-1.521924430000000144e-09,4.457500000000000284e+01,6.307000000000000000e+07,6.970000000000000000e+07
6.571258218130524457e+07,-1.521778580000000180e-09,4.457999999999999829e+01,6.307000000000000000e+07,6.970000000000000000e+07
6.573473049260082096e+07,-1.521265840000000142e-09,4.458500000000000085e+01,6.307000000000000000e+07,6.970000000000000000e+07
6.570417453641155362e+07,-1.521973309999999926e-09,4.459000000000000341e+01,6.307000000000000000e+07,6.970000000000000000e+07
6.569418685936260223e+07,-1.522204700000000233e-09,4.459499999999999886e+01,6.307000000000000000e+07,6.970000000000000000e+07
6.571823900434134156e+07,-1.521647590000000031e-09,4.460000000000000142e+01,6.307000000000000000e+07,6.970000000000000000e+07
6.570157060195838660e+07,-1.522033630000000005e-09,4.460500000000000398e+01,6.307000000000000000e+07,6.970000000000000000e+07
6.568937560862438381e+07,-1.522316189999999956e-09,4.460999999999999943e+01,6.307000000000000000e+07,6.970000000000000000e+07
6.572831521659398824e+07,-1.521414320000000242e-09,4.461500000000000199e+01,6.307000000000000000e+07,6.970000000000000000e+07
6.575144209843517840e+07,-1.520879190000000139e-09,4.461999999999999744e+01,6.307000000000000000e+07,6.970000000000000000e+07
6.574041144215017557e+07,-1.521134379999999968e-09,4.462500000000000000e+01,6.307000000000000000e+07,6.970000000000000000e+07
6.576877901866509765e+07,-1.520478280000000099e-09,4.463000000000000256e+01,6.307000000000000000e+07,6.970000000000000000e+07
6.579699618552442640e+07,-1.519826220000000029e-09,4.463499999999999801e+01,6.307000000000000000e+07,6.970000000000000000e+07
6.578010737589515001e+07,-1.520216430000000174e-09,4.464000000000000057e+01,6.307000000000000000e+07,6.970000000000000000e+07
6.577763717150056362e+07,-1.520273519999999926e-09,4.464500000000000313e+01,6.307000000000000000e+07,6.970000000000000000e+07
6.581361429112623632e+07,-1.519442460000000078e-09,4.464999999999999858e+01,6.307000000000000000e+07,6.970000000000000000e+07
6.582504562547843158e+07,-1.519178590000000254e-09,4.465500000000000114e+01,6.307000000000000000e+07,6.970000000000000000e+07
6.582877822873782367e+07,-1.519092450000000133e-09,4.466000000000000369e+01,6.307000000000000000e+07,6.970000000000000000e+07
6.587105758920808136e+07,-1.518117420000000218e-09,4.466499999999999915e+01,6.307000000000000000e+07,6.970000000000000000e+07
6.588696037755863369e+07,-1.517751000000000170e-09,4.467000000000000171e+01,6.307000000000000000e+07,6.970000000000000000e+07
6.586614491019529849e+07,-1.518230650000000040e-09,4.467500000000000426e+01,6.307000000000000000e+07,6.970000000000000000e+07
6.589374186047554016e+07,-1.517594800000000009e-09,4.467999999999999972e+01,6.307000000000000000e+07,6.970000000000000000e+07
6.592261915945205837e+07,-1.516930020000000144e-09,4.468500000000000227e+01,6.307000000000000000e+07,6.970000000000000000e+07
6.591093192125753313e+07,-1.517198999999999984e-09,4.468999999999999773e+01,6.307000000000000000e+07,6.970000000000000000e+07
6.592264523421267420e+07,-1.516929420000000159e-09,4.469500000000000028e+01,6.307000000000000000e+07,6.970000000000000000e+07
6.595560457024323940e+07,-1.516171380000000096e-09,4.470000000000000284e+01,6.307000000000000000e+07,6.970000000000000000e+07
6.595681567195148021e+07,-1.516143540000000155e-09,4.470499999999999829e+01,6.307000000000000000e+07,6.970000000000000000e+07
6.595199806491561234e+07,-1.516254290000000097e-09,4.471000000000000085e+01,6.307000000000000000e+07,6.970000000000000000e+07
6.597778818174187839e+07,-1.515661600000000216e-09,4.471500000000000341e+01,6.307000000000000000e+07,6.970000000000000000e+07
6.598413774320722371e+07,-1.515515750000000046e-09,4.471999999999999886e+01,6.307000000000000000e+07,6.970000000000000000e+07
6.595984362081971020e+07,-1.516073940000000096e-09,4.472500000000000142e+01,6.307000000000000000e+07,6.970000000000000000e+07
6.596773760714908689e+07,-1.515892520000000084e-09,4.473000000000000398e+01,6.307000000000000000e+07,6.970000000000000000e+07
6.598446864175557345e+07,-1.515508150000000105e-09,4.473499999999999943e+01,6.307000000000000000e+07,6.970000000000000000e+07
6.596065112080536038e+07,-1.516055380000000135e-09,4.474000000000000199e+01,6.307000000000000000e+07,6.970000000000000000e+07
6.596118932008399814e+07,-1.516043010000000038e-09,4.474499999999999744e+01,6.307000000000000000e+07,6.970000000000000000e+07
6.598959276812662184e+07,-1.515390470000000104e-09,4.475000000000000000e+01,6.307000000000000000e+07,6.970000000000000000e+07
6.596339572437142581e+07,-1.515992299999999962e-09,4.475500000000000256e+01,6.307000000000000000e+07,6.970000000000000000e+07
6.592729773625371605e+07,-1.516822370000000156e-09,4.475999999999999801e+01,6.307000000000000000e+07,6.970000000000000000e+07
6.593588909762799740e+07,-1.516624730000000061e-09,4.476500000000000057e+01,6.307000000000000000e+07,6.970000000000000000e+07
6.592701435163197666e+07,-1.516828890000000042e-09,4.477000000000000313e+01,6.307000000000000000e+07,6.970000000000000000e+07
6.589900693820989132e+07,-1.517473550000000235e-09,4.477499999999999858e+01,6.307000000000000000e+07,6.970000000000000000e+07
6.591297421690756083e+07,-1.517151990000000053e-09,4.478000000000000114e+01,6.307000000000000000e+07,6.970000000000000000e+07
6.593564041919374466e+07,-1.516630450000000106e-09,4.478500000000000369e+01,6.307000000000000000e+07,6.970000000000000000e+07
6.592394856394664943e+07,-1.516899430000000153e-09,4.478999999999999915e+01,6.307000000000000000e+07,6.970000000000000000e+07
6.594301113975946605e+07,-1.516460930000000166e-09,4.479500000000000171e+01,6.307000000000000000e+07,6.970000000000000000e+07
6.599037443281603605e+07,-1.515372519999999966e-09,4.480000000000000426e+01,6.307000000000000000e+07,6.970000000000000000e+07
6.600739231308139861e+07,-1.514981830000000164e-09,4.480499999999999972e+01,6.307000000000000000e+07,6.970000000000000000e+07
6.603097982083351165e+07,-1.514440650000000201e-09,4.481000000000000227e+01,6.307000000000000000e+07,6.970000000000000000e+07
6.609322947037883103e+07,-1.513014279999999968e-09,4.481499999999999773e+01,6.307000000000000000e+07,6.970000000000000000e+07
6.613739685732418299e+07,-1.512003870000000024e-09,4.482000000000000028e+01,6.307000000000000000e+07,6.970000000000000000e+07
6.616366490279187262e+07,-1.511403580000000203e-09,4.482500000000000284e+01,6.307000000000000000e+07,6.970000000000000000e+07
6.624211564810868353e+07,-1.509613620000000121e-09,4.482999999999999829e+01,6.307000000000000000e+07,6.970000000000000000e+07
6.632553014576593786e+07,-1.507715050000000118e-09,4.483500000000000085e+01,6.307000000000000000e+07,6.970000000000000000e+07
6.635061832406619191e+07,-1.507144959999999998e-09,4.484000000000000341e+01,6.307000000000000000e+07,6.970000000000000000e+07
6.637678332346510142e+07,-1.506550860000000040e-09,4.484499999999999886e+01,6.307000000000000000e+07,6.970000000000000000e+07
6.643057903184539080e+07,-1.505330850000000076e-09,4.485000000000000142e+01,6.307000000000000000e+07,6.970000000000000000e+07
6.644051864399021119e+07,-1.505105650000000047e-09,4.485500000000000398e+01,6.307000000000000000e+07,6.970000000000000000e+07
6.645105514307908714e+07,-1.504867000000000073e-09,4.485999999999999943e+01,6.307000000000000000e+07,6.970000000000000000e+07
6.650286567498480529e+07,-1.503694600000000024e-09,4.486500000000000199e+01,6.307000000000000000e+07,6.970000000000000000e+07
6.652698704817356914e+07,-1.503149390000000100e-09,4.486999999999999744e+01,6.307000000000000000e+07,6.970000000000000000e+07
6.651082161330071837e+07,-1.503514730000000093e-09,4.487500000000000000e+01,6.307000000000000000e+07,6.970000000000000000e+07
6.651932149147947133e+07,-1.503322609999999979e-09,4.488000000000000256e+01,6.307000000000000000e+07,6.970000000000000000e+07
6.651191649444846809e+07,-1.503489980000000062e-09,4.488499999999999801e+01,6.307000000000000000e+07,6.970000000000000000e+07
6.646602965092120320e+07,-1.504527960000000192e-09,4.489000000000000057e+01,6.307000000000000000e+07,6.970000000000000000e+07
6.645728545700867474e+07,-1.504725920000000058e-09,4.489500000000000313e+01,6.307000000000000000e+07,6.970000000000000000e+07
6.647461308933392912e+07,-1.504333690000000013e-09,4.489999999999999858e+01,6.307000000000000000e+07,6.970000000000000000e+07
6.644503967978169024e+07,-1.505003240000000034e-09,4.490500000000000114e+01,6.307000000000000000e+07,6.970000000000000000e+07
6.641795489326877892e+07,-1.505616969999999962e-09,4.491000000000000369e+01,6.307000000000000000e+07,6.970000000000000000e+07
6.643765121084845066e+07,-1.505170610000000116e-09,4.491499999999999915e+01,6.307000000000000000e+07,6.970000000000000000e+07
6.642393853915186971e+07,-1.505481340000000030e-09,4.492000000000000171e+01,6.307000000000000000e+07,6.970000000000000000e+07
6.638359815299586952e+07,-1.506396200000000121e-09,4.492500000000000426e+01,6.307000000000000000e+07,6.970000000000000000e+07
6.639280078959629685e+07,-1.506187400000000150e-09,4.492999999999999972e+01,6.307000000000000000e+07,6.970000000000000000e+07
6.640048438887760043e+07,-1.506013110000000054e-09,4.493500000000000227e+01,6.307000000000000000e+07,6.970000000000000000e+07
6.636118842005225271e+07,-1.506904900000000153e-09,4.493999999999999773e+01,6.307000000000000000e+07,6.970000000000000000e+07
6.634097185715799779e+07,-1.507364109999999960e-09,4.494500000000000028e+01,6.307000000000000000e+07,6.970000000000000000e+07
6.634714016656727344e+07,-1.507223970000000203e-09,4.495000000000000284e+01,6.307000000000000000e+07,6.970000000000000000e+07
6.631682859556183964e+07,-1.507912880000000026e-09,4.495499999999999829e+01,6.307000000000000000e+07,6.970000000000000000e+07
6.629343814555720985e+07,-1.508444920000000218e-09,4.496000000000000085e+01,6.307000000000000000e+07,6.970000000000000000e+07
6.632795280537989736e+07,-1.507659980000000059e-09,4.496500000000000341e+01,6.307000000000000000e+07,6.970000000000000000e+07
6.632994667218213528e+07,-1.507614660000000005e-09,4.496999999999999886e+01,6.307000000000000000e+07,6.970000000000000000e+07
6.630297627695421129e+07,-1.508227920000000114e-09,4.497500000000000142e+01,6.307000000000000000e+07,6.970000000000000000e+07
6.631893130862166733e+07,-1.507865070000000047e-09,4.498000000000000398e+01,6.307000000000000000e+07,6.970000000000000000e+07
6.632006694347557425e+07,-1.507839250000000005e-09,4.498499999999999943e+01,6.307000000000000000e+07,6.970000000000000000e+07
6.628112307185644656e+07,-1.508725190000000101e-09,4.499000000000000199e+01,6.307000000000000000e+07,6.970000000000000000e+07
6.626779374753557891e+07,-1.509028660000000141e-09,4.499499999999999744e+01,6.307000000000000000e+07,6.970000000000000000e+07
6.629253985653340071e+07,-1.508465360000000075e-09,4.500000000000000000e+01,6.307000000000000000e+07,6.970000000000000000e+07
6.628630787770743668e+07,-1.508607180000000078e-09,4.500500000000000256e+01,6.307000000000000000e+07,6.970000000000000000e+07
6.627790302202648669e+07,-1.508798490000000099e-09,4.500999999999999801e+01,6.307000000000000000e+07,6.970000000000000000e+07
6.630871454323837906e+07,-1.508097400000000198e-09,4.501500000000000057e+01,6.307000000000000000e+07,6.970000000000000000e+07
6.630997997955822945e+07,-1.508068619999999999e-09,4.502000000000000313e+01,6.307000000000000000e+07,6.970000000000000000e+07
6.627202559054505080e+07,-1.508932299999999988e-09,4.502499999999999858e+01,6.307000000000000000e+07,6.970000000000000000e+07
6.626629938084282726e+07,-1.509062689999999946e-09,4.503000000000000114e+01,6.307000000000000000e+07,6.970000000000000000e+07
6.626335256251648813e+07,-1.509129800000000080e-09,4.503500000000000369e+01,6.307000000000000000e+07,6.970000000000000000e+07
6.622253508102373034e+07,-1.510059980000000174e-09,4.503999999999999915e+01,6.307000000000000000e+07,6.970000000000000000e+07
6.620680917699997127e+07,-1.510418660000000071e-09,4.504500000000000171e+01,6.307000000000000000e+07,6.970000000000000000e+07
6.619493289041861892e+07,-1.510689650000000180e-09,4.505000000000000426e+01,6.307000000000000000e+07,6.970000000000000000e+07
6.613946764726099372e+07,-1.511956530000000071e-09,4.505499999999999972e+01,6.307000000000000000e+07,6.970000000000000000e+07
6.608238647075741738e+07,-1.513262539999999945e-09,4.506000000000000227e+01,6.307000000000000000e+07,6.970000000000000000e+07
6.606985327735543251e+07,-1.513549600000000090e-09,4.506499999999999773e+01,6.307000000000000000e+07,6.970000000000000000e+07
6.602243732919170707e+07,-1.514636600000000005e-09,4.507000000000000028e+01,6.307000000000000000e+07,6.970000000000000000e+07
6.595565720700071007e+07,-1.516170170000000289e-09,4.507500000000000284e+01,6.307000000000000000e+07,6.970000000000000000e+07
6.593393319674107432e+07,-1.516669720000000299e-09,4.507999999999999829e+01,6.307000000000000000e+07,6.970000000000000000e+07
6.591556843200072646e+07,-1.517092280000000003e-09,4.508500000000000085e+01,6.307000000000000000e+07,6.970000000000000000e+07
6.586517313434673846e+07,-1.518253050000000150e-09,4.509000000000000341e+01,6.307000000000000000e+07,6.970000000000000000e+07
6.583335031285160780e+07,-1.518986950000000004e-09,4.509499999999999886e+01,6.307000000000000000e+07,6.970000000000000000e+07
6.582828292163930088e+07,-1.519103880000000179e-09,4.510000000000000142e+01,6.307000000000000000e+07,6.970000000000000000e+07
6.579587839353099465e+07,-1.519852040000000070e-09,4.510500000000000398e+01,6.307000000000000000e+07,6.970000000000000000e+07
6.576608259238743782e+07,-1.520540620000000077e-09,4.510999999999999943e+01,6.307000000000000000e+07,6.970000000000000000e+07
6.577138828325863183e+07,-1.520417960000000227e-09,4.511500000000000199e+01,6.307000000000000000e+07,6.970000000000000000e+07
6.575242478833274543e+07,-1.520856460000000214e-09,4.511999999999999744e+01,6.307000000000000000e+07,6.970000000000000000e+07
6.571456556445706636e+07,-1.521732650000000097e-09,4.512500000000000000e+01,6.307000000000000000e+07,6.970000000000000000e+07
6.572896887108241767e+07,-1.521399190000000051e-09,4.513000000000000256e+01,6.307000000000000000e+07,6.970000000000000000e+07
6.571530013321016729e+07,-1.521715640000000217e-09,4.513499999999999801e+01,6.307000000000000000e+07,6.970000000000000000e+07
6.564845604974056780e+07,-1.523265070000000221e-09,4.514000000000000057e+01,6.307000000000000000e+07,6.970000000000000000e+07
6.562137632607922703e+07,-1.523893670000000216e-09,4.514500000000000313e+01,6.307000000000000000e+07,6.970000000000000000e+07
6.562173546220830083e+07,-1.523885330000000080e-09,4.514999999999999858e+01,6.307000000000000000e+07,6.970000000000000000e+07
6.559362794112235308e+07,-1.524538329999999995e-09,4.515500000000000114e+01,6.307000000000000000e+07,6.970000000000000000e+07
6.556986596752229333e+07,-1.525090810000000045e-09,4.516000000000000369e+01,6.307000000000000000e+07,6.970000000000000000e+07
6.557090386087842286e+07,-1.525066670000000042e-09,4.516499999999999915e+01,6.307000000000000000e+07,6.970000000000000000e+07
6.553790299420395494e+07,-1.525834600000000115e-09,4.517000000000000171e+01,6.307000000000000000e+07,6.970000000000000000e+07
6.549202913868740946e+07,-1.526903370000000093e-09,4.517500000000000426e+01,6.307000000000000000e+07,6.970000000000000000e+07
6.548867214932590723e+07,-1.526981640000000103e-09,4.517999999999999972e+01,6.307000000000000000e+07,6.970000000000000000e+07
6.547098662393698096e+07,-1.527394120000000192e-09,4.518500000000000227e+01,6.307000000000000000e+07,6.970000000000000000e+07
6.541116862082860619e+07,-1.528790909999999971e-09,4.518999999999999773e+01,6.307000000000000000e+07,6.970000000000000000e+07
6.539565331572115421e+07,-1.529153620000000035e-09,4.519500000000000028e+01,6.307000000000000000e+07,6.970000000000000000e+07
6.542197691946673393e+07,-1.528538340000000233e-09,4.520000000000000284e+01,6.307000000000000000e+07,6.970000000000000000e+07
6.541920828195662796e+07,-1.528603030000000133e-09,4.520499999999999829e+01,6.307000000000000000e+07,6.970000000000000000e+07
6.544276309188365191e+07,-1.528052840000000152e-09,4.521000000000000085e+01,6.307000000000000000e+07,6.970000000000000000e+07
6.552046862388230860e+07,-1.526240610000000127e-09,4.521500000000000341e+01,6.307000000000000000e+07,6.970000000000000000e+07
6.559316198108035326e+07,-1.524549160000000263e-09,4.521999999999999886e+01,6.307000000000000000e+07,6.970000000000000000e+07
6.565476867228350043e+07,-1.523118610000000228e-09,4.522500000000000142e+01,6.307000000000000000e+07,6.970000000000000000e+07
6.574874147375252098e+07,-1.520941660000000077e-09,4.523000000000000398e+01,6.307000000000000000e+07,6.970000000000000000e+07
6.582884496359734237e+07,-1.519090910000000097e-09,4.523499999999999943e+01,6.307000000000000000e+07,6.970000000000000000e+07
6.586889597222504020e+07,-1.518167240000000051e-09,4.524000000000000199e+01,6.307000000000000000e+07,6.970000000000000000e+07
6.591283953705748171e+07,-1.517155090000000008e-09,4.524499999999999744e+01,6.307000000000000000e+07,6.970000000000000000e+07
6.597231465218389034e+07,-1.515787350000000184e-09,4.525000000000000000e+01,6.307000000000000000e+07,6.970000000000000000e+07
6.599364848089814931e+07,-1.515297340000000072e-09,4.525500000000000256e+01,6.307000000000000000e+07,6.970000000000000000e+07
6.601347216142565012e+07,-1.514842300000000023e-09,4.525999999999999801e+01,6.307000000000000000e+07,6.970000000000000000e+07
6.606229837249779701e+07,-1.513722690000000217e-09,4.526500000000000057e+01,6.307000000000000000e+07,6.970000000000000000e+07
6.606445829918902367e+07,-1.513673199999999992e-09,4.527000000000000313e+01,6.307000000000000000e+07,6.970000000000000000e+07
6.604759289151420444e+07,-1.514059720000000243e-09,4.527499999999999858e+01,6.307000000000000000e+07,6.970000000000000000e+07
6.608240699510826170e+07,-1.513262069999999920e-09,4.528000000000000114e+01,6.307000000000000000e+07,6.970000000000000000e+07
6.611059152960821986e+07,-1.512616930000000277e-09,4.528500000000000369e+01,6.307000000000000000e+07,6.970000000000000000e+07
6.608582513241286576e+07,-1.513183800000000116e-09,4.528999999999999915e+01,6.307000000000000000e+07,6.970000000000000000e+07
6.609141142769411206e+07,-1.513055900000000083e-09,4.529500000000000171e+01,6.307000000000000000e+07,6.970000000000000000e+07
6.612280833141566068e+07,-1.512337460000000029e-09,4.530000000000000426e+01,6.307000000000000000e+07,6.970000000000000000e+07
6.610622426724323630e+07,-1.512716860000000202e-09,4.530499999999999972e+01,6.307000000000000000e+07,6.970000000000000000e+07
6.608121180043388903e+07,-1.513289440000000248e-09,4.531000000000000227e+01,6.307000000000000000e+07,6.970000000000000000e+07
6.609352651713261753e+07,-1.513007480000000075e-09,4.531499999999999773e+01,6.307000000000000000e+07,6.970000000000000000e+07
6.607453836957693100e+07,-1.513442280000000124e-09,4.532000000000000028e+01,6.307000000000000000e+07,6.970000000000000000e+07
6.603713117321210355e+07,-1.514299580000000231e-09,4.532500000000000284e+01,6.307000000000000000e+07,6.970000000000000000e+07
6.604886932063440233e+07,-1.514030460000000180e-09,4.532999999999999829e+01,6.307000000000000000e+07,6.970000000000000000e+07
6.604752571240083128e+07,-1.514061260000000072e-09,4.533500000000000085e+01,6.307000000000000000e+07,6.970000000000000000e+07
6.600167079269511253e+07,-1.515113160000000173e-09,4.534000000000000341e+01,6.307000000000000000e+07,6.970000000000000000e+07
6.600132795991881937e+07,-1.515121030000000076e-09,4.534499999999999886e+01,6.307000000000000000e+07,6.970000000000000000e+07
6.602888922372872382e+07,-1.514488599999999977e-09,4.535000000000000142e+01,6.307000000000000000e+07,6.970000000000000000e+07
6.600830946923919767e+07,-1.514960780000000071e-09,4.535500000000000398e+01,6.307000000000000000e+07,6.970000000000000000e+07
6.598759840953259170e+07,-1.515436270000000022e-09,4.535999999999999943e+01,6.307000000000000000e+07,6.970000000000000000e+07
6.600521563973254710e+07,-1.515031790000000208e-09,4.536500000000000199e+01,6.307000000000000000e+07,6.970000000000000000e+07
6.598102005812452734e+07,-1.515587360000000167e-09,4.536999999999999744e+01,6.307000000000000000e+07,6.970000000000000000e+07
6.593716643005663902e+07,-1.516595350000000084e-09,4.537500000000000000e+01,6.307000000000000000e+07,6.970000000000000000e+07
6.595257744552306086e+07,-1.516240969999999904e-09,4.538000000000000256e+01,6.307000000000000000e+07,6.970000000000000000e+07
6.596089998793311417e+07,-1.516049660000000090e-09,4.538499999999999801e+01,6.307000000000000000e+07,6.970000000000000000e+07
6.594298504888548702e+07,-1.516461529999999943e-09,4.539000000000000057e+01,6.307000000000000000e+07,6.970000000000000000e+07
6.595970918443372846e+07,-1.516077030000000005e-09,4.539500000000000313e+01,6.307000000000000000e+07,6.970000000000000000e+07
6.599426038678219169e+07,-1.515283290000000142e-09,4.539999999999999858e+01,6.307000000000000000e+07,6.970000000000000000e+07
6.597485216767468303e+07,-1.515729050000000211e-09,4.540500000000000114e+01,6.307000000000000000e+07,6.970000000000000000e+07
6.596159308407999575e+07,-1.516033730000000058e-09,4.541000000000000369e+01,6.307000000000000000e+07,6.970000000000000000e+07
6.598544350558596104e+07,-1.515485760000000040e-09,4.541499999999999915e+01,6.307000000000000000e+07,6.970000000000000000e+07
6.598557238656882197e+07,-1.515482800000000089e-09,4.542000000000000171e+01,6.307000000000000000e+07,6.970000000000000000e+07
6.598595032424572110e+07,-1.515474120000000093e-09,4.542500000000000426e+01,6.307000000000000000e+07,6.970000000000000000e+07
6.602980697737630457e+07,-1.514467550000000091e-09,4.542999999999999972e+01,6.307000000000000000e+07,6.970000000000000000e+07
6.606164418130888045e+07,-1.513737679999999991e-09,4.543500000000000227e+01,6.307000000000000000e+07,6.970000000000000000e+07
6.605154753921095282e+07,-1.513969070000000091e-09,4.543999999999999773e+01,6.307000000000000000e+07,6.970000000000000000e+07
6.606766637176262587e+07,-1.513599700000000137e-09,4.544500000000000028e+01,6.307000000000000000e+07,6.970000000000000000e+07
6.608531721510684490e+07,-1.513195430000000018e-09,4.545000000000000284e+01,6.307000000000000000e+07,6.970000000000000000e+07
6.604743192360747606e+07,-1.514063410000000137e-09,4.545499999999999829e+01,6.307000000000000000e+07,6.970000000000000000e+07
6.602147314082740247e+07,-1.514658719999999902e-09,4.546000000000000085e+01,6.307000000000000000e+07,6.970000000000000000e+07
6.604187355934606493e+07,-1.514190839999999937e-09,4.546500000000000341e+01,6.307000000000000000e+07,6.970000000000000000e+07
6.603238990414678305e+07,-1.514408310000000273e-09,4.546999999999999886e+01,6.307000000000000000e+07,6.970000000000000000e+07
6.601199534332900494e+07,-1.514876190000000238e-09,4.547500000000000142e+01,6.307000000000000000e+07,6.970000000000000000e+07
6.604860495703233778e+07,-1.514036520000000292e-09,4.548000000000000398e+01,6.307000000000000000e+07,6.970000000000000000e+07
6.606999383791595697e+07,-1.513546380000000015e-09,4.548499999999999943e+01,6.307000000000000000e+07,6.970000000000000000e+07
6.602636803944002837e+07,-1.514546430000000130e-09,4.549000000000000199e+01,6.307000000000000000e+07,6.970000000000000000e+07
6.601613312823969126e+07,-1.514781240000000163e-09,4.549499999999999744e+01,6.307000000000000000e+07,6.970000000000000000e+07
6.603185054234732687e+07,-1.514420679999999956e-09,4.550000000000000000e+01,6.307000000000000000e+07,6.970000000000000000e+07
6.598949914379284531e+07,-1.515392620000000169e-09,4.550500000000000256e+01,6.307000000000000000e+07,6.970000000000000000e+07
6.594917264289825410e+07,-1.516319250000000166e-09,4.550999999999999801e+01,6.307000000000000000e+07,6.970000000000000000e+07
6.594796225676775724e+07,-1.516347080000000063e-09,4.551500000000000057e+01,6.307000000000000000e+07,6.970000000000000000e+07
6.592499204713858664e+07,-1.516875420000000110e-09,4.552000000000000313e+01,6.307000000000000000e+07,6.970000000000000000e+07
6.589922884985996038e+07,-1.517468440000000219e-09,4.552499999999999858e+01,6.307000000000000000e+07,6.970000000000000000e+07
6.592755243678089976e+07,-1.516816510000000108e-09,4.553000000000000114e+01,6.307000000000000000e+07,6.970000000000000000e+07
6.593745598880866915e+07,-1.516588690000000194e-09,4.553500000000000369e+01,6.307000000000000000e+07,6.970000000000000000e+07
6.590063939172761142e+07,-1.517435960000000081e-09,4.553999999999999915e+01,6.307000000000000000e+07,6.970000000000000000e+07
6.589672320240889490e+07,-1.517526140000000001e-09,4.554500000000000171e+01,6.307000000000000000e+07,6.970000000000000000e+07
6.589918802842663229e+07,-1.517469380000000271e-09,4.555000000000000426e+01,6.307000000000000000e+07,6.970000000000000000e+07
6.585488014461204410e+07,-1.518490350000000107e-09,4.555499999999999972e+01,6.307000000000000000e+07,6.970000000000000000e+07
6.583568210358697176e+07,-1.518933150000000225e-09,4.556000000000000227e+01,6.307000000000000000e+07,6.970000000000000000e+07
6.585594182633818686e+07,-1.518465870000000038e-09,4.556499999999999773e+01,6.307000000000000000e+07,6.970000000000000000e+07
6.582755145812107623e+07,-1.519120760000000100e-09,4.557000000000000028e+01,6.307000000000000000e+07,6.970000000000000000e+07
6.578086374812980741e+07,-1.520198950000000061e-09,4.557500000000000284e+01,6.307000000000000000e+07,6.970000000000000000e+07
6.578697464479210973e+07,-1.520057740000000087e-09,4.557999999999999829e+01,6.307000000000000000e+07,6.970000000000000000e+07
6.577029169209866226e+07,-1.520443310000000243e-09,4.558500000000000085e+01,6.307000000000000000e+07,6.970000000000000000e+07
6.572518666840302944e+07,-1.521486740000000249e-09,4.559000000000000341e+01,6.307000000000000000e+07,6.970000000000000000e+07
6.572200053826317936e+07,-1.521560500000000228e-09,4.559499999999999886e+01,6.307000000000000000e+07,6.970000000000000000e+07
6.573925494836135954e+07,-1.521161140000000061e-09,4.560000000000000142e+01,6.307000000000000000e+07,6.970000000000000000e+07
6.569795988387963921e+07,-1.522117280000000200e-09,4.560500000000000398e+01,6.307000000000000000e+07,6.970000000000000000e+07
6.564692872058448941e+07,-1.523300510000000103e-09,4.560999999999999943e+01,6.307000000000000000e+07,6.970000000000000000e+07
6.561955788297920674e+07,-1.523935899999999947e-09,4.561500000000000199e+01,6.307000000000000000e+07,6.970000000000000000e+07
6.555980088046157360e+07,-1.525324949999999987e-09,4.561999999999999744e+01,6.307000000000000000e+07,6.970000000000000000e+07
6.549107437537740171e+07,-1.526925630000000199e-09,4.562500000000000000e+01,6.307000000000000000e+07,6.970000000000000000e+07
6.545742496237359941e+07,-1.527710570000000152e-09,4.563000000000000256e+01,6.307000000000000000e+07,6.970000000000000000e+07
6.542001715011917800e+07,-1.528584130000000106e-09,4.563499999999999801e+01,6.307000000000000000e+07,6.970000000000000000e+07
6.536444054947910458e+07,-1.529883820000000157e-09,4.564000000000000057e+01,6.307000000000000000e+07,6.970000000000000000e+07
6.535285854546952993e+07,-1.530154950000000063e-09,4.564500000000000313e+01,6.307000000000000000e+07,6.970000000000000000e+07
6.535444397769026458e+07,-1.530117830000000141e-09,4.564999999999999858e+01,6.307000000000000000e+07,6.970000000000000000e+07
6.530745525418885797e+07,-1.531218750000000234e-09,4.565500000000000114e+01,6.307000000000000000e+07,6.970000000000000000e+07
6.527676208042602241e+07,-1.531938730000000118e-09,4.566000000000000369e+01,6.307000000000000000e+07,6.970000000000000000e+07
6.526795822252818942e+07,-1.532145370000000187e-09,4.566499999999999915e+01,6.307000000000000000e+07,6.970000000000000000e+07
6.521995544107423723e+07,-1.533273050000000166e-09,4.567000000000000171e+01,6.307000000000000000e+07,6.970000000000000000e+07
6.516707665446825325e+07,-1.534517200000000132e-09,4.567500000000000426e+01,6.307000000000000000e+07,6.970000000000000000e+07
6.514872865155154467e+07,-1.534949370000000253e-09,4.567999999999999972e+01,6.307000000000000000e+07,6.970000000000000000e+07
6.510408740583108366e+07,-1.536001870000000131e-09,4.568500000000000227e+01,6.307000000000000000e+07,6.970000000000000000e+07
6.503731372793049365e+07,-1.537578880000000159e-09,4.568999999999999773e+01,6.307000000000000000e+07,6.970000000000000000e+07
6.502244708169276267e+07,-1.537930430000000140e-09,4.569500000000000028e+01,6.307000000000000000e+07,6.970000000000000000e+07
6.503090317291954160e+07,-1.537730450000000168e-09,4.570000000000000284e+01,6.307000000000000000e+07,6.970000000000000000e+07
6.498869537891057879e+07,-1.538729150000000060e-09,4.570499999999999829e+01,6.307000000000000000e+07,6.970000000000000000e+07
6.495488756396650523e+07,-1.539530030000000296e-09,4.571000000000000085e+01,6.307000000000000000e+07,6.970000000000000000e+07
6.497112855220630765e+07,-1.539145190000000084e-09,4.571500000000000341e+01,6.307000000000000000e+07,6.970000000000000000e+07
6.500493299684786052e+07,-1.538344790000000125e-09,4.571999999999999886e+01,6.307000000000000000e+07,6.970000000000000000e+07
6.506020739905926585e+07,-1.537037830000000155e-09,4.572500000000000142e+01,6.307000000000000000e+07,6.970000000000000000e+07
6.513092419732828438e+07,-1.535368970000000006e-09,4.573000000000000398e+01,6.307000000000000000e+07,6.970000000000000000e+07
6.515031820197213441e+07,-1.534911920000000102e-09,4.573499999999999943e+01,6.307000000000000000e+07,6.970000000000000000e+07
6.511903127262031287e+07,-1.535649380000000098e-09,4.574000000000000199e+01,6.307000000000000000e+07,6.970000000000000000e+07
6.511760819586887211e+07,-1.535682940000000084e-09,4.574499999999999744e+01,6.307000000000000000e+07,6.970000000000000000e+07
6.511769978654026985e+07,-1.535680780000000182e-09,4.575000000000000000e+01,6.307000000000000000e+07,6.970000000000000000e+07
6.506535958514118195e+07,-1.536916120000000193e-09,4.575500000000000256e+01,6.307000000000000000e+07,6.970000000000000000e+07
6.502846354374927282e+07,-1.537788140000000111e-09,4.575999999999999801e+01,6.307000000000000000e+07,6.970000000000000000e+07
6.503205517792993784e+07,-1.537703210000000211e-09,4.576500000000000057e+01,6.307000000000000000e+07,6.970000000000000000e+07
6.501146353637684137e+07,-1.538190259999999959e-09,4.577000000000000313e+01,6.307000000000000000e+07,6.970000000000000000e+07
6.497979297385974973e+07,-1.538939960000000093e-09,4.577499999999999858e+01,6.307000000000000000e+07,6.970000000000000000e+07
6.498401224340380728e+07,-1.538840040000000005e-09,4.578000000000000114e+01,6.307000000000000000e+07,6.970000000000000000e+07
6.497029950976725668e+07,-1.539164830000000100e-09,4.578500000000000369e+01,6.307000000000000000e+07,6.970000000000000000e+07
6.492508628657586873e+07,-1.540236689999999987e-09,4.578999999999999915e+01,6.307000000000000000e+07,6.970000000000000000e+07
6.492154017628613114e+07,-1.540320820000000046e-09,4.579500000000000171e+01,6.307000000000000000e+07,6.970000000000000000e+07
6.492537250445535034e+07,-1.540229899999999932e-09,4.580000000000000426e+01,6.307000000000000000e+07,6.970000000000000000e+07
6.488407111107327789e+07,-1.541210320000000077e-09,4.580499999999999972e+01,6.307000000000000000e+07,6.970000000000000000e+07
6.486264242530915886e+07,-1.541719490000000134e-09,4.581000000000000227e+01,6.307000000000000000e+07,6.970000000000000000e+07
6.489342863703397661e+07,-1.540988079999999998e-09,4.581499999999999773e+01,6.307000000000000000e+07,6.970000000000000000e+07
6.488661064789280295e+07,-1.541150000000000205e-09,4.582000000000000028e+01,6.307000000000000000e+07,6.970000000000000000e+07
6.486095076943572611e+07,-1.541759700000000172e-09,4.582500000000000284e+01,6.307000000000000000e+07,6.970000000000000000e+07
6.487620494494348764e+07,-1.541397190000000171e-09,4.582999999999999829e+01,6.307000000000000000e+07,6.970000000000000000e+07
6.486751720998477191e+07,-1.541603630000000176e-09,4.583500000000000085e+01,6.307000000000000000e+07,6.970000000000000000e+07
6.482090689971494675e+07,-1.542712139999999959e-09,4.584000000000000341e+01,6.307000000000000000e+07,6.970000000000000000e+07
6.481980185831112415e+07,-1.542738440000000071e-09,4.584499999999999886e+01,6.307000000000000000e+07,6.970000000000000000e+07
6.484031765245682001e+07,-1.542250310000000062e-09,4.585000000000000142e+01,6.307000000000000000e+07,6.970000000000000000e+07
6.482537114631804824e+07,-1.542605900000000255e-09,4.585500000000000398e+01,6.307000000000000000e+07,6.970000000000000000e+07
6.482940100985147059e+07,-1.542510010000000129e-09,4.585999999999999943e+01,6.307000000000000000e+07,6.970000000000000000e+07
6.486576597307324409e+07,-1.541645250000000085e-09,4.586500000000000199e+01,6.307000000000000000e+07,6.970000000000000000e+07
6.486619598933218420e+07,-1.541635030000000053e-09,4.586999999999999744e+01,6.307000000000000000e+07,6.970000000000000000e+07
6.485201813578905165e+07,-1.541972060000000079e-09,4.587500000000000000e+01,6.307000000000000000e+07,6.970000000000000000e+07
6.487882300005400181e+07,-1.541334989999999989e-09,4.588000000000000256e+01,6.307000000000000000e+07,6.970000000000000000e+07
6.487054233472999930e+07,-1.541531740000000049e-09,4.588499999999999801e+01,6.307000000000000000e+07,6.970000000000000000e+07
6.483427079906909168e+07,-1.542394150000000171e-09,4.589000000000000057e+01,6.307000000000000000e+07,6.970000000000000000e+07
6.483756691739396751e+07,-1.542315740000000157e-09,4.589500000000000313e+01,6.307000000000000000e+07,6.970000000000000000e+07
6.483830765481318533e+07,-1.542298120000000248e-09,4.589999999999999858e+01,6.307000000000000000e+07,6.970000000000000000e+07
6.479586322474497557e+07,-1.543308400000000026e-09,4.590500000000000114e+01,6.307000000000000000e+07,6.970000000000000000e+07
6.478556593139584363e+07,-1.543553700000000052e-09,4.591000000000000369e+01,6.307000000000000000e+07,6.970000000000000000e+07
6.481406423194319755e+07,-1.542875010000000055e-09,4.591499999999999915e+01,6.307000000000000000e+07,6.970000000000000000e+07
6.480765812913045287e+07,-1.543027520000000115e-09,4.592000000000000171e+01,6.307000000000000000e+07,6.970000000000000000e+07
6.479052526683086157e+07,-1.543435550000000233e-09,4.592500000000000426e+01,6.307000000000000000e+07,6.970000000000000000e+07
6.482760097864783555e+07,-1.542552840000000050e-09,4.592999999999999972e+01,6.307000000000000000e+07,6.970000000000000000e+07
6.483496059791423380e+07,-1.542377740000000068e-09,4.593500000000000227e+01,6.307000000000000000e+07,6.970000000000000000e+07
6.479385598221683502e+07,-1.543356210000000005e-09,4.593999999999999773e+01,6.307000000000000000e+07,6.970000000000000000e+07
6.478487718319448084e+07,-1.543570110000000155e-09,4.594500000000000028e+01,6.307000000000000000e+07,6.970000000000000000e+07
6.477596548949024081e+07,-1.543782470000000062e-09,4.595000000000000284e+01,6.307000000000000000e+07,6.970000000000000000e+07
6.472166625411997736e+07,-1.545077650000000082e-09,4.595499999999999829e+01,6.307000000000000000e+07,6.970000000000000000e+07
6.468378606722632796e+07,-1.545982479999999954e-09,4.596000000000000085e+01,6.307000000000000000e+07,6.970000000000000000e+07
6.466321448301330209e+07,-1.546474310000000108e-09,4.596500000000000341e+01,6.307000000000000000e+07,6.970000000000000000e+07
6.461308158646643907e+07,-1.547674210000000238e-09,4.596999999999999886e+01,6.307000000000000000e+07,6.970000000000000000e+07
6.455554039791466296e+07,-1.549053720000000174e-09,4.597500000000000142e+01,6.307000000000000000e+07,6.970000000000000000e+07
6.454847656429425627e+07,-1.549223239999999908e-09,4.598000000000000398e+01,6.307000000000000000e+07,6.970000000000000000e+07
6.451789349258396029e+07,-1.549957610000000201e-09,4.598499999999999943e+01,6.307000000000000000e+07,6.970000000000000000e+07
6.445720807457765937e+07,-1.551416870000000124e-09,4.599000000000000199e+01,6.307000000000000000e+07,6.970000000000000000e+07
6.442979310949134827e+07,-1.552076999999999954e-09,4.599499999999999744e+01,6.307000000000000000e+07,6.970000000000000000e+07
6.439767428829670697e+07,-1.552851110000000053e-09,4.600000000000000000e+01,6.307000000000000000e+07,6.970000000000000000e+07
6.432449391498328000e+07,-1.554617750000000062e-09,4.600500000000000256e+01,6.307000000000000000e+07,6.970000000000000000e+07
6.428133874681627750e+07,-1.555661439999999986e-09,4.600999999999999801e+01,6.307000000000000000e+07,6.970000000000000000e+07
6.427976074018864334e+07,-1.555699630000000124e-09,4.601500000000000057e+01,6.307000000000000000e+07,6.970000000000000000e+07
6.424705573090289533e+07,-1.556491560000000196e-09,4.602000000000000313e+01,6.307000000000000000e+07,6.970000000000000000e+07
6.420256288669926673e+07,-1.557570219999999976e-09,4.602499999999999858e+01,6.307000000000000000e+07,6.970000000000000000e+07
6.420383206606846303e+07,-1.557539430000000129e-09,4.603000000000000114e+01,6.307000000000000000e+07,6.970000000000000000e+07
6.419015856901290268e+07,-1.557871210000000136e-09,4.603500000000000369e+01,6.307000000000000000e+07,6.970000000000000000e+07
6.414932772883750498e+07,-1.558862790000000157e-09,4.603999999999999915e+01,6.307000000000000000e+07,6.970000000000000000e+07
6.414531860216420889e+07,-1.558960219999999906e-09,4.604500000000000171e+01,6.307000000000000000e+07,6.970000000000000000e+07
6.414559222568764538e+07,-1.558953570000000061e-09,4.605000000000000426e+01,6.307000000000000000e+07,6.970000000000000000e+07
6.410296967712224275e+07,-1.559990130000000276e-09,4.605499999999999972e+01,6.307000000000000000e+07,6.970000000000000000e+07
6.408398385519377887e+07,-1.560452300000000034e-09,4.606000000000000227e+01,6.307000000000000000e+07,6.970000000000000000e+07
6.409853246922700852e+07,-1.560098119999999917e-09,4.606499999999999773e+01,6.307000000000000000e+07,6.970000000000000000e+07
6.408042719037360698e+07,-1.560538910000000180e-09,4.607000000000000028e+01,6.307000000000000000e+07,6.970000000000000000e+07
6.405038808162163943e+07,-1.561270790000000135e-09,4.607500000000000284e+01,6.307000000000000000e+07,6.970000000000000000e+07
6.406121464175690711e+07,-1.561006930000000148e-09,4.607999999999999829e+01,6.307000000000000000e+07,6.970000000000000000e+07
6.404866099581103027e+07,-1.561312890000000113e-09,4.608500000000000085e+01,6.307000000000000000e+07,6.970000000000000000e+07
6.400422202570508420e+07,-1.562396930000000078e-09,4.609000000000000341e+01,6.307000000000000000e+07,6.970000000000000000e+07
6.398806197763385624e+07,-1.562791510000000045e-09,4.609499999999999886e+01,6.307000000000000000e+07,6.970000000000000000e+07
6.397143619079217315e+07,-1.563197670000000104e-09,4.610000000000000142e+01,6.307000000000000000e+07,6.970000000000000000e+07
6.391857857149084657e+07,-1.564490359999999993e-09,4.610500000000000398e+01,6.307000000000000000e+07,6.970000000000000000e+07
6.388859464641688019e+07,-1.565224600000000121e-09,4.610999999999999943e+01,6.307000000000000000e+07,6.970000000000000000e+07
6.388356387442214042e+07,-1.565347859999999956e-09,4.611500000000000199e+01,6.307000000000000000e+07,6.970000000000000000e+07
6.384490652294854075e+07,-1.566295660000000166e-09,4.611999999999999744e+01,6.307000000000000000e+07,6.970000000000000000e+07
6.379941423333414644e+07,-1.567412510000000085e-09,4.612500000000000000e+01,6.307000000000000000e+07,6.970000000000000000e+07
6.379457249429256469e+07,-1.567531470000000204e-09,4.613000000000000256e+01,6.307000000000000000e+07,6.970000000000000000e+07
6.376625271060775220e+07,-1.568227640000000107e-09,4.613499999999999801e+01,6.307000000000000000e+07,6.970000000000000000e+07
6.371517705138355494e+07,-1.569484770000000199e-09,4.614000000000000057e+01,6.307000000000000000e+07,6.970000000000000000e+07
6.371118344383347780e+07,-1.569583150000000045e-09,4.614500000000000313e+01,6.307000000000000000e+07,6.970000000000000000e+07
6.370772526565882564e+07,-1.569668350000000114e-09,4.614999999999999858e+01,6.307000000000000000e+07,6.970000000000000000e+07
6.368368466666908562e+07,-1.570260900000000198e-09,4.615500000000000114e+01,6.307000000000000000e+07,6.970000000000000000e+07
6.369304558310002089e+07,-1.570030120000000127e-09,4.616000000000000369e+01,6.307000000000000000e+07,6.970000000000000000e+07
6.373181448522809893e+07,-1.569075049999999997e-09,4.616499999999999915e+01,6.307000000000000000e+07,6.970000000000000000e+07
6.373405136625474691e+07,-1.569019980000000144e-09,4.617000000000000171e+01,6.307000000000000000e+07,6.970000000000000000e+07
6.373830459475160390e+07,-1.568915280000000063e-09,4.617500000000000426e+01,6.307000000000000000e+07,6.970000000000000000e+07
6.379201109807478637e+07,-1.567594410000000167e-09,4.617999999999999972e+01,6.307000000000000000e+07,6.970000000000000000e+07
6.382919919056915492e+07,-1.566681100000000156e-09,4.618500000000000227e+01,6.307000000000000000e+07,6.970000000000000000e+07
6.384444061987869442e+07,-1.566307090000000212e-09,4.618999999999999773e+01,6.307000000000000000e+07,6.970000000000000000e+07
6.390212076377424598e+07,-1.564893290000000140e-09,4.619500000000000028e+01,6.307000000000000000e+07,6.970000000000000000e+07
6.396371568678464741e+07,-1.563386350000000197e-09,4.620000000000000284e+01,6.307000000000000000e+07,6.970000000000000000e+07
6.398295207513093203e+07,-1.562916320000000167e-09,4.620499999999999829e+01,6.307000000000000000e+07,6.970000000000000000e+07
6.401664268827290088e+07,-1.562093790000000060e-09,4.621000000000000085e+01,6.307000000000000000e+07,6.970000000000000000e+07
6.406638097118290514e+07,-1.560881050000000222e-09,4.621500000000000341e+01,6.307000000000000000e+07,6.970000000000000000e+07
6.407062900109865516e+07,-1.560777560000000154e-09,4.621999999999999886e+01,6.307000000000000000e+07,6.970000000000000000e+07
6.406297277472924441e+07,-1.560964089999999975e-09,4.622500000000000142e+01,6.307000000000000000e+07,6.970000000000000000e+07
6.410081447905094922e+07,-1.560042580000000039e-09,4.623000000000000398e+01,6.307000000000000000e+07,6.970000000000000000e+07
6.411591213127107173e+07,-1.559675230000000191e-09,4.623499999999999943e+01,6.307000000000000000e+07,6.970000000000000000e+07
6.410394767943485081e+07,-1.559966330000000134e-09,4.624000000000000199e+01,6.307000000000000000e+07,6.970000000000000000e+07
6.412994676765508950e+07,-1.559333900000000035e-09,4.624499999999999744e+01,6.307000000000000000e+07,6.970000000000000000e+07
6.416088305495937169e+07,-1.558582039999999998e-09,4.625000000000000000e+01,6.307000000000000000e+07,6.970000000000000000e+07
6.415600029321858287e+07,-1.558700660000000049e-09,4.625500000000000256e+01,6.307000000000000000e+07,6.970000000000000000e+07
6.418206099072354287e+07,-1.558067759999999924e-09,4.625999999999999801e+01,6.307000000000000000e+07,6.970000000000000000e+07
6.424094692646159977e+07,-1.556639570000000063e-09,4.626500000000000057e+01,6.307000000000000000e+07,6.970000000000000000e+07
6.426184449898304045e+07,-1.556133360000000163e-09,4.627000000000000313e+01,6.307000000000000000e+07,6.970000000000000000e+07
6.428289782237890363e+07,-1.555623710000000242e-09,4.627499999999999858e+01,6.307000000000000000e+07,6.970000000000000000e+07
6.435312008798667043e+07,-1.553926210000000104e-09,4.628000000000000114e+01,6.307000000000000000e+07,6.970000000000000000e+07
6.438625116338711977e+07,-1.553126610000000193e-09,4.628500000000000369e+01,6.307000000000000000e+07,6.970000000000000000e+07
6.440575667927628011e+07,-1.552656240000000096e-09,4.628999999999999915e+01,6.307000000000000000e+07,6.970000000000000000e+07
6.446753589921475202e+07,-1.551168330000000140e-09,4.629500000000000171e+01,6.307000000000000000e+07,6.970000000000000000e+07
6.450025863958712667e+07,-1.550381379999999919e-09,4.630000000000000426e+01,6.307000000000000000e+07,6.970000000000000000e+07
6.446746566182345152e+07,-1.551170020000000224e-09,4.630499999999999972e+01,6.307000000000000000e+07,6.970000000000000000e+07
6.445915545614521950e+07,-1.551369999999999989e-09,4.631000000000000227e+01,6.307000000000000000e+07,6.970000000000000000e+07
6.448251034746007621e+07,-1.550808110000000001e-09,4.631499999999999773e+01,6.307000000000000000e+07,6.970000000000000000e+07
6.447957743179970980e+07,-1.550878650000000112e-09,4.632000000000000028e+01,6.307000000000000000e+07,6.970000000000000000e+07
6.448564188492047042e+07,-1.550732800000000148e-09,4.632500000000000284e+01,6.307000000000000000e+07,6.970000000000000000e+07
6.453423858865582198e+07,-1.549565040000000090e-09,4.632999999999999829e+01,6.307000000000000000e+07,6.970000000000000000e+07
6.455587671028286964e+07,-1.549045650000000207e-09,4.633500000000000085e+01,6.307000000000000000e+07,6.970000000000000000e+07
6.455442521617727727e+07,-1.549080480000000060e-09,4.634000000000000341e+01,6.307000000000000000e+07,6.970000000000000000e+07
6.459738712741898000e+07,-1.548050230000000244e-09,4.634499999999999886e+01,6.307000000000000000e+07,6.970000000000000000e+07
6.464010249334651232e+07,-1.547027250000000139e-09,4.635000000000000142e+01,6.307000000000000000e+07,6.970000000000000000e+07
6.464884184315089136e+07,-1.546818120000000145e-09,4.635500000000000398e+01,6.307000000000000000e+07,6.970000000000000000e+07
6.469575366186052561e+07,-1.545696500000000071e-09,4.635999999999999943e+01,6.307000000000000000e+07,6.970000000000000000e+07
6.476562921735563129e+07,-1.544028849999999936e-09,4.636500000000000199e+01,6.307000000000000000e+07,6.970000000000000000e+07
6.480025935655804724e+07,-1.543203700000000152e-09,4.636999999999999744e+01,6.307000000000000000e+07,6.970000000000000000e+07
6.484209862878737599e+07,-1.542207950000000166e-09,4.637500000000000000e+01,6.307000000000000000e+07,6.970000000000000000e+07
6.492828077294858545e+07,-1.540160910000000108e-09,4.638000000000000256e+01,6.307000000000000000e+07,6.970000000000000000e+07
6.499036244917168468e+07,-1.538689680000000217e-09,4.638499999999999801e+01,6.307000000000000000e+07,6.970000000000000000e+07
6.503353964985330403e+07,-1.537668110000000189e-09,4.639000000000000057e+01,6.307000000000000000e+07,6.970000000000000000e+07
6.512374788523653150e+07,-1.535538160000000131e-09,4.639500000000000313e+01,6.307000000000000000e+07,6.970000000000000000e+07
6.521140418862369657e+07,-1.533474110000000193e-09,4.639999999999999858e+01,6.307000000000000000e+07,6.970000000000000000e+07
6.525816872226743400e+07,-1.532375210000000206e-09,4.640500000000000114e+01,6.307000000000000000e+07,6.970000000000000000e+07
6.533953831565738469e+07,-1.530466890000000197e-09,4.641000000000000369e+01,6.307000000000000000e+07,6.970000000000000000e+07
6.544901008666764945e+07,-1.527906989999999982e-09,4.641499999999999915e+01,6.307000000000000000e+07,6.970000000000000000e+07
6.550457789878424257e+07,-1.526610860000000072e-09,4.642000000000000171e+01,6.307000000000000000e+07,6.970000000000000000e+07
6.555169740843527764e+07,-1.525513509999999959e-09,4.642500000000000426e+01,6.307000000000000000e+07,6.970000000000000000e+07
6.563389372076863050e+07,-1.523603040000000092e-09,4.642999999999999972e+01,6.307000000000000000e+07,6.970000000000000000e+07
6.567819149477666616e+07,-1.522575419999999997e-09,4.643500000000000227e+01,6.307000000000000000e+07,6.970000000000000000e+07
6.568775921416157484e+07,-1.522353649999999944e-09,4.643999999999999773e+01,6.307000000000000000e+07,6.970000000000000000e+07
6.574648888930030912e+07,-1.520993770000000186e-09,4.644500000000000028e+01,6.307000000000000000e+07,6.970000000000000000e+07
6.580076067916570604e+07,-1.519739270000000229e-09,4.645000000000000284e+01,6.307000000000000000e+07,6.970000000000000000e+07
6.579527016093897820e+07,-1.519866090000000206e-09,4.645499999999999829e+01,6.307000000000000000e+07,6.970000000000000000e+07
6.580165738056129962e+07,-1.519718560000000203e-09,4.646000000000000085e+01,6.307000000000000000e+07,6.970000000000000000e+07
6.582319551353839040e+07,-1.519221290000000010e-09,4.646500000000000341e+01,6.307000000000000000e+07,6.970000000000000000e+07
6.579910676001796871e+07,-1.519777469999999998e-09,4.646999999999999886e+01,6.307000000000000000e+07,6.970000000000000000e+07
6.578278418095338345e+07,-1.520154570000000266e-09,4.647500000000000142e+01,6.307000000000000000e+07,6.970000000000000000e+07
6.581283680829828233e+07,-1.519460410000000010e-09,4.648000000000000398e+01,6.307000000000000000e+07,6.970000000000000000e+07
6.580922554393776506e+07,-1.519543790000000037e-09,4.648499999999999943e+01,6.307000000000000000e+07,6.970000000000000000e+07
6.578172788575197011e+07,-1.520178980000000230e-09,4.649000000000000199e+01,6.307000000000000000e+07,6.970000000000000000e+07
6.579844305092114210e+07,-1.519792800000000253e-09,4.649499999999999744e+01,6.307000000000000000e+07,6.970000000000000000e+07
6.581600576153314114e+07,-1.519387250000000222e-09,4.650000000000000000e+01,6.307000000000000000e+07,6.970000000000000000e+07
6.578547591815094650e+07,-1.520092370000000084e-09,4.650500000000000256e+01,6.307000000000000000e+07,6.970000000000000000e+07
6.578605800283053517e+07,-1.520078920000000139e-09,4.650999999999999801e+01,6.307000000000000000e+07,6.970000000000000000e+07
6.583101045321398973e+07,-1.519040940000000009e-09,4.651500000000000057e+01,6.307000000000000000e+07,6.970000000000000000e+07
6.583206226433314383e+07,-1.519016670000000255e-09,4.652000000000000313e+01,6.307000000000000000e+07,6.970000000000000000e+07
6.581987120604554564e+07,-1.519298019999999985e-09,4.652499999999999858e+01,6.307000000000000000e+07,6.970000000000000000e+07
6.584633676119924337e+07,-1.518687370000000128e-09,4.653000000000000114e+01,6.307000000000000000e+07,6.970000000000000000e+07
6.583300662606579065e+07,-1.518994879999999967e-09,4.653500000000000369e+01,6.307000000000000000e+07,6.970000000000000000e+07
6.579464722120781243e+07,-1.519880480000000203e-09,4.653999999999999915e+01,6.307000000000000000e+07,6.970000000000000000e+07
6.580031212114853412e+07,-1.519749630000000057e-09,4.654500000000000171e+01,6.307000000000000000e+07,6.970000000000000000e+07
6.579596584141900390e+07,-1.519850020000000171e-09,4.655000000000000426e+01,6.307000000000000000e+07,6.970000000000000000e+07
6.575144209843517840e+07,-1.520879190000000139e-09,4.655499999999999972e+01,6.307000000000000000e+07,6.970000000000000000e+07
6.575086062616490573e+07,-1.520892640000000084e-09,4.656000000000000227e+01,6.307000000000000000e+07,6.970000000000000000e+07
6.578496654841029644e+07,-1.520104139999999989e-09,4.656499999999999773e+01,6.307000000000000000e+07,6.970000000000000000e+07
6.578063657500749081e+07,-1.520204200000000080e-09,4.657000000000000028e+01,6.307000000000000000e+07,6.970000000000000000e+07
6.576982321873910725e+07,-1.520454140000000097e-09,4.657500000000000284e+01,6.307000000000000000e+07,6.970000000000000000e+07
6.579819584110528231e+07,-1.519798510000000046e-09,4.657999999999999829e+01,6.307000000000000000e+07,6.970000000000000000e+07
6.578777791767182946e+07,-1.520039180000000127e-09,4.658500000000000085e+01,6.307000000000000000e+07,6.970000000000000000e+07
6.575509934083142877e+07,-1.520794600000000099e-09,4.659000000000000341e+01,6.307000000000000000e+07,6.970000000000000000e+07
6.576539359881091118e+07,-1.520556550000000110e-09,4.659499999999999886e+01,6.307000000000000000e+07,6.970000000000000000e+07
6.576940146865309775e+07,-1.520463890000000103e-09,4.660000000000000142e+01,6.307000000000000000e+07,6.970000000000000000e+07
6.572524196189163625e+07,-1.521485460000000130e-09,4.660500000000000398e+01,6.307000000000000000e+07,6.970000000000000000e+07
6.571169395120242238e+07,-1.521799150000000202e-09,4.660999999999999943e+01,6.307000000000000000e+07,6.970000000000000000e+07
6.571391824205490202e+07,-1.521747640000000078e-09,4.661500000000000199e+01,6.307000000000000000e+07,6.970000000000000000e+07
6.565754823172306269e+07,-1.523054130000000022e-09,4.661999999999999744e+01,6.307000000000000000e+07,6.970000000000000000e+07
6.559972432371850312e+07,-1.524396649999999996e-09,4.662500000000000000e+01,6.307000000000000000e+07,6.970000000000000000e+07
6.557934452107331902e+07,-1.524870380000000171e-09,4.663000000000000256e+01,6.307000000000000000e+07,6.970000000000000000e+07
6.554171607993187010e+07,-1.525745830000000066e-09,4.663499999999999801e+01,6.307000000000000000e+07,6.970000000000000000e+07
6.549673387764655799e+07,-1.526793690000000161e-09,4.664000000000000057e+01,6.307000000000000000e+07,6.970000000000000000e+07
6.550367468737109751e+07,-1.526631910000000165e-09,4.664500000000000313e+01,6.307000000000000000e+07,6.970000000000000000e+07
6.550809529716794193e+07,-1.526528890000000123e-09,4.664999999999999858e+01,6.307000000000000000e+07,6.970000000000000000e+07
6.546643858770482242e+07,-1.527500230000000144e-09,4.665500000000000114e+01,6.307000000000000000e+07,6.970000000000000000e+07
6.544353785147883743e+07,-1.528034750000000010e-09,4.666000000000000369e+01,6.307000000000000000e+07,6.970000000000000000e+07
6.543658922614958137e+07,-1.528197010000000077e-09,4.666499999999999915e+01,6.307000000000000000e+07,6.970000000000000000e+07
6.538183814015921950e+07,-1.529476730000000091e-09,4.667000000000000171e+01,6.307000000000000000e+07,6.970000000000000000e+07
6.533433365424904972e+07,-1.530588810000000060e-09,4.667500000000000426e+01,6.307000000000000000e+07,6.970000000000000000e+07
6.533109908814183623e+07,-1.530664590000000146e-09,4.667999999999999972e+01,6.307000000000000000e+07,6.970000000000000000e+07
6.529363169728451222e+07,-1.531542930000000093e-09,4.668500000000000227e+01,6.307000000000000000e+07,6.970000000000000000e+07
6.524160686137106270e+07,-1.532764210000000131e-09,4.668999999999999773e+01,6.307000000000000000e+07,6.970000000000000000e+07
6.524145490584359318e+07,-1.532767780000000111e-09,4.669500000000000028e+01,6.307000000000000000e+07,6.970000000000000000e+07
6.524752644180475920e+07,-1.532625150000000222e-09,4.670000000000000284e+01,6.307000000000000000e+07,6.970000000000000000e+07
6.521706096575641632e+07,-1.533341099999999938e-09,4.670499999999999829e+01,6.307000000000000000e+07,6.970000000000000000e+07
6.521818512308370322e+07,-1.533314670000000074e-09,4.671000000000000085e+01,6.307000000000000000e+07,6.970000000000000000e+07
6.524140936188779771e+07,-1.532768850000000121e-09,4.671500000000000341e+01,6.307000000000000000e+07,6.970000000000000000e+07
6.520933114749916643e+07,-1.533522860000000017e-09,4.671999999999999886e+01,6.307000000000000000e+07,6.970000000000000000e+07
6.517290286405058950e+07,-1.534380020000000120e-09,4.672500000000000142e+01,6.307000000000000000e+07,6.970000000000000000e+07
6.516683416606663913e+07,-1.534522910000000133e-09,4.673000000000000398e+01,6.307000000000000000e+07,6.970000000000000000e+07
6.513352848814827949e+07,-1.535307580000000123e-09,4.673499999999999943e+01,6.307000000000000000e+07,6.970000000000000000e+07
6.509966987306410074e+07,-1.536106100000000187e-09,4.674000000000000199e+01,6.307000000000000000e+07,6.970000000000000000e+07
6.512316304244867712e+07,-1.535551950000000142e-09,4.674499999999999744e+01,6.307000000000000000e+07,6.970000000000000000e+07
6.514286687334022671e+07,-1.535087490000000110e-09,4.675000000000000000e+01,6.307000000000000000e+07,6.970000000000000000e+07
6.512370208136133105e+07,-1.535539240000000185e-09,4.675500000000000256e+01,6.307000000000000000e+07,6.970000000000000000e+07
6.513719707775514573e+07,-1.535221109999999980e-09,4.675999999999999801e+01,6.307000000000000000e+07,6.970000000000000000e+07
6.517139206073889881e+07,-1.534415590000000167e-09,4.676500000000000057e+01,6.307000000000000000e+07,6.970000000000000000e+07
6.515774279035766423e+07,-1.534737019999999977e-09,4.677000000000000313e+01,6.307000000000000000e+07,6.970000000000000000e+07
6.514183654523083568e+07,-1.535111770000000116e-09,4.677499999999999858e+01,6.307000000000000000e+07,6.970000000000000000e+07
6.516544636874314398e+07,-1.534555590000000128e-09,4.678000000000000114e+01,6.307000000000000000e+07,6.970000000000000000e+07
6.515895915782358497e+07,-1.534708369999999943e-09,4.678500000000000369e+01,6.307000000000000000e+07,6.970000000000000000e+07
6.514270434412983060e+07,-1.535091320000000214e-09,4.678999999999999915e+01,6.307000000000000000e+07,6.970000000000000000e+07
6.517095798851298541e+07,-1.534425809999999992e-09,4.679500000000000171e+01,6.307000000000000000e+07,6.970000000000000000e+07
6.519784994963889569e+07,-1.533792910000000074e-09,4.680000000000000426e+01,6.307000000000000000e+07,6.970000000000000000e+07
6.519370274727828056e+07,-1.533890480000000033e-09,4.680499999999999972e+01,6.307000000000000000e+07,6.970000000000000000e+07
6.522665221278841794e+07,-1.533115629999999947e-09,4.681000000000000227e+01,6.307000000000000000e+07,6.970000000000000000e+07
6.527689971281428635e+07,-1.531935499999999998e-09,4.681499999999999773e+01,6.307000000000000000e+07,6.970000000000000000e+07
6.528517875046035647e+07,-1.531741230000000026e-09,4.682000000000000028e+01,6.307000000000000000e+07,6.970000000000000000e+07
6.529804958447879553e+07,-1.531439310000000274e-09,4.682500000000000284e+01,6.307000000000000000e+07,6.970000000000000000e+07
6.534542102515450865e+07,-1.530329110000000200e-09,4.682999999999999829e+01,6.307000000000000000e+07,6.970000000000000000e+07
6.535976932079878449e+07,-1.529993160000000229e-09,4.683500000000000085e+01,6.307000000000000000e+07,6.970000000000000000e+07
6.535222388160958141e+07,-1.530169810000000085e-09,4.684000000000000341e+01,6.307000000000000000e+07,6.970000000000000000e+07
6.538093275328503549e+07,-1.529497909999999935e-09,4.684499999999999886e+01,6.307000000000000000e+07,6.970000000000000000e+07
6.538053606665295362e+07,-1.529507189999999916e-09,4.685000000000000142e+01,6.307000000000000000e+07,6.970000000000000000e+07
6.534482664321344346e+07,-1.530343030000000171e-09,4.685500000000000398e+01,6.307000000000000000e+07,6.970000000000000000e+07
6.535849375651877373e+07,-1.530023020000000069e-09,4.685999999999999943e+01,6.307000000000000000e+07,6.970000000000000000e+07
6.539007754354274273e+07,-1.529284010000000199e-09,4.686500000000000199e+01,6.307000000000000000e+07,6.970000000000000000e+07
6.538122300441993028e+07,-1.529491120000000087e-09,4.686999999999999744e+01,6.307000000000000000e+07,6.970000000000000000e+07
6.539091134731166065e+07,-1.529264509999999980e-09,4.687500000000000000e+01,6.307000000000000000e+07,6.970000000000000000e+07
6.544152497076808661e+07,-1.528081750000000103e-09,4.688000000000000256e+01,6.307000000000000000e+07,6.970000000000000000e+07
6.546531185592770576e+07,-1.527526520000000211e-09,4.688499999999999801e+01,6.307000000000000000e+07,6.970000000000000000e+07
6.548265684957659990e+07,-1.527121910000000025e-09,4.689000000000000057e+01,6.307000000000000000e+07,6.970000000000000000e+07
6.553480113549789786e+07,-1.525906820000000265e-09,4.689500000000000313e+01,6.307000000000000000e+07,6.970000000000000000e+07
6.556928770233715326e+07,-1.525104259999999990e-09,4.689999999999999858e+01,6.307000000000000000e+07,6.970000000000000000e+07
6.556647477042374015e+07,-1.525169690000000084e-09,4.690500000000000114e+01,6.307000000000000000e+07,6.970000000000000000e+07
6.559255749061398953e+07,-1.524563209999999985e-09,4.691000000000000369e+01,6.307000000000000000e+07,6.970000000000000000e+07
6.563389975170039386e+07,-1.523602900000000089e-09,4.691499999999999915e+01,6.307000000000000000e+07,6.970000000000000000e+07
6.563924445448812842e+07,-1.523478839999999998e-09,4.692000000000000171e+01,6.307000000000000000e+07,6.970000000000000000e+07
6.565804140394777805e+07,-1.523042690000000139e-09,4.692500000000000426e+01,6.307000000000000000e+07,6.970000000000000000e+07
6.571681639378010482e+07,-1.521680530000000150e-09,4.692999999999999972e+01,6.307000000000000000e+07,6.970000000000000000e+07
6.574196905638592690e+07,-1.521098340000000101e-09,4.693500000000000227e+01,6.307000000000000000e+07,6.970000000000000000e+07
6.575092158299841732e+07,-1.520891230000000007e-09,4.693999999999999773e+01,6.307000000000000000e+07,6.970000000000000000e+07
6.580274938889974356e+07,-1.519693339999999939e-09,4.694500000000000028e+01,6.307000000000000000e+07,6.970000000000000000e+07
6.583088217529460043e+07,-1.519043900000000167e-09,4.695000000000000284e+01,6.307000000000000000e+07,6.970000000000000000e+07
6.582456207330255955e+07,-1.519189750000000130e-09,4.695499999999999829e+01,6.307000000000000000e+07,6.970000000000000000e+07
6.585275428189919144e+07,-1.518539370000000099e-09,4.696000000000000085e+01,6.307000000000000000e+07,6.970000000000000000e+07
6.589318435429067910e+07,-1.517607640000000131e-09,4.696500000000000341e+01,6.307000000000000000e+07,6.970000000000000000e+07
6.590078791904647648e+07,-1.517432539999999942e-09,4.696999999999999886e+01,6.307000000000000000e+07,6.970000000000000000e+07
6.592557660338732600e+07,-1.516861969999999958e-09,4.697500000000000142e+01,6.307000000000000000e+07,6.970000000000000000e+07
6.599071105512488633e+07,-1.515364790000000066e-09,4.698000000000000398e+01,6.307000000000000000e+07,6.970000000000000000e+07
6.602812713700033724e+07,-1.514506080000000089e-09,4.698499999999999943e+01,6.307000000000000000e+07,6.970000000000000000e+07
6.605667598063596338e+07,-1.513851530000000094e-09,4.699000000000000199e+01,6.307000000000000000e+07,6.970000000000000000e+07
6.611810721129103750e+07,-1.512444990000000103e-09,4.699499999999999744e+01,6.307000000000000000e+07,6.970000000000000000e+07
6.617059191500180960e+07,-1.511245360000000142e-09,4.700000000000000000e+01,6.307000000000000000e+07,6.970000000000000000e+07
6.620490510817848891e+07,-1.510462100000000022e-09,4.700500000000000256e+01,6.307000000000000000e+07,6.970000000000000000e+07
6.627937726521785557e+07,-1.508764929999999906e-09,4.700999999999999801e+01,6.307000000000000000e+07,6.970000000000000000e+07
6.636030326658592373e+07,-1.506925000000000150e-09,4.701500000000000057e+01,6.307000000000000000e+07,6.970000000000000000e+07
6.638732032985416800e+07,-1.506311740000000040e-09,4.702000000000000313e+01,6.307000000000000000e+07,6.970000000000000000e+07
6.642623778468815982e+07,-1.505429230000000128e-09,4.702499999999999858e+01,6.307000000000000000e+07,6.970000000000000000e+07
6.649593701845304668e+07,-1.503851280000000049e-09,4.703000000000000114e+01,6.307000000000000000e+07,6.970000000000000000e+07
6.652833518635813892e+07,-1.503118930000000068e-09,4.703500000000000369e+01,6.307000000000000000e+07,6.970000000000000000e+07
6.655225491052318364e+07,-1.502578690000000157e-09,4.703999999999999915e+01,6.307000000000000000e+07,6.970000000000000000e+07
6.662606296719944477e+07,-1.500914139999999976e-09,4.704500000000000171e+01,6.307000000000000000e+07,6.970000000000000000e+07
6.667634407124517113e+07,-1.499782290000000032e-09,4.705000000000000426e+01,6.307000000000000000e+07,6.970000000000000000e+07
6.669763304373620450e+07,-1.499303580000000213e-09,4.705499999999999972e+01,6.307000000000000000e+07,6.970000000000000000e+07
6.675984338007223606e+07,-1.497906449999999954e-09,4.706000000000000227e+01,6.307000000000000000e+07,6.970000000000000000e+07
6.682981517573046684e+07,-1.496338120000000129e-09,4.706499999999999773e+01,6.307000000000000000e+07,6.970000000000000000e+07
6.685039964205086231e+07,-1.495877370000000287e-09,4.707000000000000028e+01,6.307000000000000000e+07,6.970000000000000000e+07
6.687210401158662885e+07,-1.495391860000000161e-09,4.707500000000000284e+01,6.307000000000000000e+07,6.970000000000000000e+07
6.691033940249589086e+07,-1.494537329999999987e-09,4.707999999999999829e+01,6.307000000000000000e+07,6.970000000000000000e+07
6.690433092139874399e+07,-1.494671550000000255e-09,4.708500000000000085e+01,6.307000000000000000e+07,6.970000000000000000e+07
6.688452248741585761e+07,-1.495114210000000163e-09,4.709000000000000341e+01,6.307000000000000000e+07,6.970000000000000000e+07
6.691802011875552684e+07,-1.494365790000000147e-09,4.709499999999999886e+01,6.307000000000000000e+07,6.970000000000000000e+07
6.692452507713486999e+07,-1.494220539999999961e-09,4.710000000000000142e+01,6.307000000000000000e+07,6.970000000000000000e+07
6.689801069131895155e+07,-1.494812760000000229e-09,4.710500000000000398e+01,6.307000000000000000e+07,6.970000000000000000e+07
6.691225113334800303e+07,-1.494494630000000024e-09,4.710999999999999943e+01,6.307000000000000000e+07,6.970000000000000000e+07
6.693619148907530308e+07,-1.493960109999999951e-09,4.711500000000000199e+01,6.307000000000000000e+07,6.970000000000000000e+07
6.692018844698297977e+07,-1.494317370000000139e-09,4.711999999999999744e+01,6.307000000000000000e+07,6.970000000000000000e+07
6.691215487262541801e+07,-1.494496780000000089e-09,4.712500000000000000e+01,6.307000000000000000e+07,6.970000000000000000e+07
6.693110656040567905e+07,-1.494073610000000149e-09,4.713000000000000256e+01,6.307000000000000000e+07,6.970000000000000000e+07
6.691086634878295660e+07,-1.494525560000000081e-09,4.713499999999999801e+01,6.307000000000000000e+07,6.970000000000000000e+07
6.689912417539804429e+07,-1.494787880000000239e-09,4.714000000000000057e+01,6.307000000000000000e+07,6.970000000000000000e+07
6.693843044669339061e+07,-1.493910140000000276e-09,4.714500000000000313e+01,6.307000000000000000e+07,6.970000000000000000e+07
6.696820305519925058e+07,-1.493245980000000071e-09,4.714999999999999858e+01,6.307000000000000000e+07,6.970000000000000000e+07
6.697978241389951855e+07,-1.492987830000000085e-09,4.715500000000000114e+01,6.307000000000000000e+07,6.970000000000000000e+07
6.703161448230900615e+07,-1.491833380000000174e-09,4.716000000000000369e+01,6.307000000000000000e+07,6.970000000000000000e+07
6.708158955300303549e+07,-1.490721980000000132e-09,4.716499999999999915e+01,6.307000000000000000e+07,6.970000000000000000e+07
6.706361126373858005e+07,-1.491121610000000054e-09,4.717000000000000171e+01,6.307000000000000000e+07,6.970000000000000000e+07
6.705230863244295120e+07,-1.491372960000000148e-09,4.717500000000000426e+01,6.307000000000000000e+07,6.970000000000000000e+07
6.705281623605091125e+07,-1.491361670000000106e-09,4.717999999999999972e+01,6.307000000000000000e+07,6.970000000000000000e+07
6.699507204348570853e+07,-1.492647099999999913e-09,4.718500000000000227e+01,6.307000000000000000e+07,6.970000000000000000e+07
6.692415736211740971e+07,-1.494228750000000138e-09,4.718999999999999773e+01,6.307000000000000000e+07,6.970000000000000000e+07
6.689699972642471641e+07,-1.494835350000000151e-09,4.719500000000000028e+01,6.307000000000000000e+07,6.970000000000000000e+07
6.685711986975484341e+07,-1.495727010000000085e-09,4.720000000000000284e+01,6.307000000000000000e+07,6.970000000000000000e+07
6.680240960834021121e+07,-1.496951990000000061e-09,4.720499999999999829e+01,6.307000000000000000e+07,6.970000000000000000e+07
6.679084331200776994e+07,-1.497211220000000102e-09,4.721000000000000085e+01,6.307000000000000000e+07,6.970000000000000000e+07
6.679153343842981011e+07,-1.497195750000000051e-09,4.721500000000000341e+01,6.307000000000000000e+07,6.970000000000000000e+07
6.676218688809743524e+07,-1.497853870000000027e-09,4.721999999999999886e+01,6.307000000000000000e+07,6.970000000000000000e+07
6.677614214514509588e+07,-1.497540840000000206e-09,4.722500000000000142e+01,6.307000000000000000e+07,6.970000000000000000e+07
6.683244007878609002e+07,-1.496279350000000131e-09,4.723000000000000398e+01,6.307000000000000000e+07,6.970000000000000000e+07
6.685077235672163963e+07,-1.495869029999999944e-09,4.723499999999999943e+01,6.307000000000000000e+07,6.970000000000000000e+07
6.684985309076285362e+07,-1.495889599999999967e-09,4.724000000000000199e+01,6.307000000000000000e+07,6.970000000000000000e+07
6.689587691543967277e+07,-1.494860440000000249e-09,4.724499999999999744e+01,6.307000000000000000e+07,6.970000000000000000e+07
6.691702959508016706e+07,-1.494387910000000043e-09,4.725000000000000000e+01,6.307000000000000000e+07,6.970000000000000000e+07
6.691052027352298796e+07,-1.494533289999999981e-09,4.725500000000000256e+01,6.307000000000000000e+07,6.970000000000000000e+07
6.695038812880708277e+07,-1.493643320000000131e-09,4.725999999999999801e+01,6.307000000000000000e+07,6.970000000000000000e+07
6.699017068633258343e+07,-1.492756310000000233e-09,4.726500000000000057e+01,6.307000000000000000e+07,6.970000000000000000e+07
6.698808846615772694e+07,-1.492802710000000134e-09,4.727000000000000313e+01,6.307000000000000000e+07,6.970000000000000000e+07
6.699975056662860513e+07,-1.492542870000000271e-09,4.727499999999999858e+01,6.307000000000000000e+07,6.970000000000000000e+07
6.704528614750457555e+07,-1.491529170000000147e-09,4.728000000000000114e+01,6.307000000000000000e+07,6.970000000000000000e+07
6.704732337530842423e+07,-1.491483850000000093e-09,4.728500000000000369e+01,6.307000000000000000e+07,6.970000000000000000e+07
6.704413138380978256e+07,-1.491554860000000023e-09,4.728999999999999915e+01,6.307000000000000000e+07,6.970000000000000000e+07
6.708606549161754549e+07,-1.490622520000000232e-09,4.729500000000000171e+01,6.307000000000000000e+07,6.970000000000000000e+07
6.709622339848610759e+07,-1.490396850000000177e-09,4.730000000000000426e+01,6.307000000000000000e+07,6.970000000000000000e+07
6.706457015040885657e+07,-1.491100290000000206e-09,4.730499999999999972e+01,6.307000000000000000e+07,6.970000000000000000e+07
6.706829936482699215e+07,-1.491017379999999999e-09,4.731000000000000227e+01,6.307000000000000000e+07,6.970000000000000000e+07
6.707330888636428118e+07,-1.490906020000000028e-09,4.731499999999999773e+01,6.307000000000000000e+07,6.970000000000000000e+07
6.703997564249972254e+07,-1.491647320000000173e-09,4.732000000000000028e+01,6.307000000000000000e+07,6.970000000000000000e+07
6.702524861893301457e+07,-1.491975070000000218e-09,4.732500000000000284e+01,6.307000000000000000e+07,6.970000000000000000e+07
6.704327016905268282e+07,-1.491574020000000175e-09,4.732999999999999829e+01,6.307000000000000000e+07,6.970000000000000000e+07
6.702345440881321579e+07,-1.492015010000000087e-09,4.733500000000000085e+01,6.307000000000000000e+07,6.970000000000000000e+07
6.701249402382578701e+07,-1.492259040000000040e-09,4.734000000000000341e+01,6.307000000000000000e+07,6.970000000000000000e+07
6.705232976370644569e+07,-1.491372490000000122e-09,4.734499999999999886e+01,6.307000000000000000e+07,6.970000000000000000e+07
6.706180915271373838e+07,-1.491161680000000089e-09,4.735000000000000142e+01,6.307000000000000000e+07,6.970000000000000000e+07
6.703977294755171239e+07,-1.491651829999999997e-09,4.735500000000000398e+01,6.307000000000000000e+07,6.970000000000000000e+07
6.706651184496540576e+07,-1.491057120000000011e-09,4.735999999999999943e+01,6.307000000000000000e+07,6.970000000000000000e+07
6.709622339848610759e+07,-1.490396850000000177e-09,4.736500000000000199e+01,6.307000000000000000e+07,6.970000000000000000e+07
6.707847933892280608e+07,-1.490791100000000121e-09,4.736999999999999744e+01,6.307000000000000000e+07,6.970000000000000000e+07
6.707982877283403277e+07,-1.490761110000000115e-09,4.737500000000000000e+01,6.307000000000000000e+07,6.970000000000000000e+07
6.710192734450242668e+07,-1.490270159999999952e-09,4.738000000000000256e+01,6.307000000000000000e+07,6.970000000000000000e+07
6.707311498740504682e+07,-1.490910329999999995e-09,4.738499999999999801e+01,6.307000000000000000e+07,6.970000000000000000e+07
6.702839658021120727e+07,-1.491905000000000133e-09,4.739000000000000057e+01,6.307000000000000000e+07,6.970000000000000000e+07
6.701705730875863135e+07,-1.492157430000000075e-09,4.739500000000000313e+01,6.307000000000000000e+07,6.970000000000000000e+07
6.697622901112331450e+07,-1.493067039999999940e-09,4.739999999999999858e+01,6.307000000000000000e+07,6.970000000000000000e+07
6.688639024224952608e+07,-1.495072460000000089e-09,4.740500000000000114e+01,6.307000000000000000e+07,6.970000000000000000e+07
6.683083036391144991e+07,-1.496315389999999997e-09,4.741000000000000369e+01,6.307000000000000000e+07,6.970000000000000000e+07
6.678535760420084745e+07,-1.497334200000000138e-09,4.741499999999999915e+01,6.307000000000000000e+07,6.970000000000000000e+07
6.670375128423064202e+07,-1.499166060000000134e-09,4.742000000000000171e+01,6.307000000000000000e+07,6.970000000000000000e+07
6.665749503973249346e+07,-1.500206390000000186e-09,4.742500000000000426e+01,6.307000000000000000e+07,6.970000000000000000e+07
6.663484630639382452e+07,-1.500716300000000024e-09,4.742999999999999972e+01,6.307000000000000000e+07,6.970000000000000000e+07
6.656578222975055128e+07,-1.502273340000000014e-09,4.743500000000000227e+01,6.307000000000000000e+07,6.970000000000000000e+07
6.649076048381762952e+07,-1.503968360000000065e-09,4.743999999999999773e+01,6.307000000000000000e+07,6.970000000000000000e+07
6.646529896589964628e+07,-1.504544500000000046e-09,4.744500000000000028e+01,6.307000000000000000e+07,6.970000000000000000e+07
6.642122959591303021e+07,-1.505542740000000164e-09,4.745000000000000284e+01,6.307000000000000000e+07,6.970000000000000000e+07
6.633940641409715265e+07,-1.507399680000000214e-09,4.745499999999999829e+01,6.307000000000000000e+07,6.970000000000000000e+07
6.631360507561149448e+07,-1.507986180000000231e-09,4.746000000000000085e+01,6.307000000000000000e+07,6.970000000000000000e+07
6.630368273528682441e+07,-1.508211850000000079e-09,4.746500000000000341e+01,6.307000000000000000e+07,6.970000000000000000e+07
6.626224565228723735e+07,-1.509155010000000092e-09,4.746999999999999886e+01,6.307000000000000000e+07,6.970000000000000000e+07
6.623641566458642483e+07,-1.509743530000000008e-09,4.747500000000000142e+01,6.307000000000000000e+07,6.970000000000000000e+07
6.622852479649943858e+07,-1.509923410000000191e-09,4.748000000000000398e+01,6.307000000000000000e+07,6.970000000000000000e+07
6.619325340091999620e+07,-1.510727980000000115e-09,4.748499999999999943e+01,6.307000000000000000e+07,6.970000000000000000e+07
6.615881090440370888e+07,-1.511514470000000148e-09,4.749000000000000199e+01,6.307000000000000000e+07,6.970000000000000000e+07
6.616928494446752220e+07,-1.511275210000000145e-09,4.749499999999999744e+01,6.307000000000000000e+07,6.970000000000000000e+07
6.615310467931670696e+07,-1.511644850000000061e-09,4.750000000000000000e+01,6.307000000000000000e+07,6.970000000000000000e+07
6.609805899546563625e+07,-1.512903729999999883e-09,4.750500000000000256e+01,6.307000000000000000e+07,6.970000000000000000e+07
6.608351401887736470e+07,-1.513236720000000111e-09,4.750999999999999801e+01,6.307000000000000000e+07,6.970000000000000000e+07
6.606776021803154051e+07,-1.513597550000000072e-09,4.751500000000000057e+01,6.307000000000000000e+07,6.970000000000000000e+07
6.600921750072810799e+07,-1.514939940000000294e-09,4.752000000000000313e+01,6.307000000000000000e+07,6.970000000000000000e+07
6.597316946407309175e+07,-1.515767710000000168e-09,4.752499999999999858e+01,6.307000000000000000e+07,6.970000000000000000e+07
6.596709094456680864e+07,-1.515907380000000106e-09,4.753000000000000114e+01,6.307000000000000000e+07,6.970000000000000000e+07
6.592038071814888716e+07,-1.516981530000000061e-09,4.753500000000000369e+01,6.307000000000000000e+07,6.970000000000000000e+07
6.587370144572155923e+07,-1.518056490000000110e-09,4.753999999999999915e+01,6.307000000000000000e+07,6.970000000000000000e+07
6.587555439796104282e+07,-1.518013789999999940e-09,4.754500000000000171e+01,6.307000000000000000e+07,6.970000000000000000e+07
6.584913256509652734e+07,-1.518622890000000129e-09,4.755000000000000426e+01,6.307000000000000000e+07,6.970000000000000000e+07
6.580305768647424132e+07,-1.519686220000000275e-09,4.755499999999999972e+01,6.307000000000000000e+07,6.970000000000000000e+07
6.580084814003209770e+07,-1.519737250000000123e-09,4.756000000000000227e+01,6.307000000000000000e+07,6.970000000000000000e+07
6.580897218994438648e+07,-1.519549640000000040e-09,4.756499999999999773e+01,6.307000000000000000e+07,6.970000000000000000e+07
6.575527402011227608e+07,-1.520790560000000094e-09,4.757000000000000028e+01,6.307000000000000000e+07,6.970000000000000000e+07
6.572615690984214097e+07,-1.521464280000000079e-09,4.757500000000000284e+01,6.307000000000000000e+07,6.970000000000000000e+07
6.572493396106516570e+07,-1.521492590000000046e-09,4.757999999999999829e+01,6.307000000000000000e+07,6.970000000000000000e+07
6.566686371322461218e+07,-1.522838069999999970e-09,4.758500000000000085e+01,6.307000000000000000e+07,6.970000000000000000e+07
6.560664092463269830e+07,-1.524235940000000217e-09,4.759000000000000341e+01,6.307000000000000000e+07,6.970000000000000000e+07
6.559894586167541146e+07,-1.524414740000000138e-09,4.759499999999999886e+01,6.307000000000000000e+07,6.970000000000000000e+07
6.557126244476170093e+07,-1.525058330000000114e-09,4.760000000000000142e+01,6.307000000000000000e+07,6.970000000000000000e+07
6.553770971002119035e+07,-1.525839100000000102e-09,4.760500000000000398e+01,6.307000000000000000e+07,6.970000000000000000e+07
6.555303252130519599e+07,-1.525482440000000105e-09,4.760999999999999943e+01,6.307000000000000000e+07,6.970000000000000000e+07
6.555590489568874985e+07,-1.525415600000000140e-09,4.761500000000000199e+01,6.307000000000000000e+07,6.970000000000000000e+07
6.551807840665064752e+07,-1.526296290000000216e-09,4.761999999999999744e+01,6.307000000000000000e+07,6.970000000000000000e+07
6.551290020086452365e+07,-1.526416929999999960e-09,4.762500000000000000e+01,6.307000000000000000e+07,6.970000000000000000e+07
6.553124050186104327e+07,-1.525989730000000059e-09,4.763000000000000256e+01,6.307000000000000000e+07,6.970000000000000000e+07
6.550876474845495820e+07,-1.526513290000000113e-09,4.763499999999999801e+01,6.307000000000000000e+07,6.970000000000000000e+07
6.549299808463107795e+07,-1.526880779999999964e-09,4.764000000000000057e+01,6.307000000000000000e+07,6.970000000000000000e+07
6.552351717659687996e+07,-1.526169600000000197e-09,4.764500000000000313e+01,6.307000000000000000e+07,6.970000000000000000e+07
6.552958035072991252e+07,-1.526028390000000017e-09,4.764999999999999858e+01,6.307000000000000000e+07,6.970000000000000000e+07
6.552048279056034982e+07,-1.526240279999999898e-09,4.765500000000000114e+01,6.307000000000000000e+07,6.970000000000000000e+07
6.556243399460981041e+07,-1.525263690000000064e-09,4.766000000000000369e+01,6.307000000000000000e+07,6.970000000000000000e+07
6.559107879470726103e+07,-1.524597580000000064e-09,4.766499999999999915e+01,6.307000000000000000e+07,6.970000000000000000e+07
6.557493450064061582e+07,-1.524972929999999981e-09,4.767000000000000171e+01,6.307000000000000000e+07,6.970000000000000000e+07
6.558979461624929309e+07,-1.524627430000000067e-09,4.767500000000000426e+01,6.307000000000000000e+07,6.970000000000000000e+07
6.562563927575859427e+07,-1.523794680000000135e-09,4.767999999999999972e+01,6.307000000000000000e+07,6.970000000000000000e+07
6.561121448923417181e+07,-1.524129690000000262e-09,4.768500000000000227e+01,6.307000000000000000e+07,6.970000000000000000e+07
6.560684064157453924e+07,-1.524231300000000227e-09,4.768999999999999773e+01,6.307000000000000000e+07,6.970000000000000000e+07
6.564794879964169860e+07,-1.523276840000000127e-09,4.769500000000000028e+01,6.307000000000000000e+07,6.970000000000000000e+07
6.567721102248810232e+07,-1.522598150000000129e-09,4.770000000000000284e+01,6.307000000000000000e+07,6.970000000000000000e+07
6.568657264312554151e+07,-1.522381150000000025e-09,4.770499999999999829e+01,6.307000000000000000e+07,6.970000000000000000e+07
6.574148110547429323e+07,-1.521109630000000143e-09,4.771000000000000085e+01,6.307000000000000000e+07,6.970000000000000000e+07
6.579200970647940785e+07,-1.519941410000000104e-09,4.771500000000000341e+01,6.307000000000000000e+07,6.970000000000000000e+07
6.579439960702320933e+07,-1.519886200000000041e-09,4.771999999999999886e+01,6.307000000000000000e+07,6.970000000000000000e+07
6.583398005343638361e+07,-1.518972420000000211e-09,4.772500000000000142e+01,6.307000000000000000e+07,6.970000000000000000e+07
6.589868558152245730e+07,-1.517480950000000113e-09,4.773000000000000398e+01,6.307000000000000000e+07,6.970000000000000000e+07
6.592519935697878897e+07,-1.516870650000000161e-09,4.773499999999999943e+01,6.307000000000000000e+07,6.970000000000000000e+07
6.593971602573339641e+07,-1.516536710000000044e-09,4.774000000000000199e+01,6.307000000000000000e+07,6.970000000000000000e+07
6.599836371576806158e+07,-1.515189080000000262e-09,4.774499999999999744e+01,6.307000000000000000e+07,6.970000000000000000e+07
6.605878884738187492e+07,-1.513803110000000086e-09,4.775000000000000000e+01,6.307000000000000000e+07,6.970000000000000000e+07
6.611516787536983937e+07,-1.512512230000000195e-09,4.775500000000000256e+01,6.307000000000000000e+07,6.970000000000000000e+07
6.621907603913986683e+07,-1.510138860000000214e-09,4.775999999999999801e+01,6.307000000000000000e+07,6.970000000000000000e+07
6.633808660539366305e+07,-1.507429670000000220e-09,4.776500000000000057e+01,6.307000000000000000e+07,6.970000000000000000e+07
6.644163195982821286e+07,-1.505080430000000196e-09,4.777000000000000313e+01,6.307000000000000000e+07,6.970000000000000000e+07
6.657086010383389890e+07,-1.502158750000000130e-09,4.777499999999999858e+01,6.307000000000000000e+07,6.970000000000000000e+07
6.672079457847639918e+07,-1.498783110000000070e-09,4.778000000000000114e+01,6.307000000000000000e+07,6.970000000000000000e+07
6.681041685036747158e+07,-1.496772580000000111e-09,4.778500000000000369e+01,6.307000000000000000e+07,6.970000000000000000e+07
6.685046891124960035e+07,-1.495875819999999999e-09,4.778999999999999915e+01,6.307000000000000000e+07,6.970000000000000000e+07
6.689513093153189123e+07,-1.494877110000000063e-09,4.779500000000000171e+01,6.307000000000000000e+07,6.970000000000000000e+07
6.687138494128900021e+07,-1.495407940000000035e-09,4.780000000000000426e+01,6.307000000000000000e+07,6.970000000000000000e+07
6.680323787010356039e+07,-1.496933429999999894e-09,4.780499999999999972e+01,6.307000000000000000e+07,6.970000000000000000e+07
6.677688859898815304e+07,-1.497524100000000081e-09,4.781000000000000227e+01,6.307000000000000000e+07,6.970000000000000000e+07
6.674333117153909057e+07,-1.498277029999999922e-09,4.781499999999999773e+01,6.307000000000000000e+07,6.970000000000000000e+07
6.664730518019644916e+07,-1.500435760000000180e-09,4.782000000000000028e+01,6.307000000000000000e+07,6.970000000000000000e+07
6.657476109663624316e+07,-1.502070730000000113e-09,4.782500000000000284e+01,6.307000000000000000e+07,6.970000000000000000e+07
6.653494920199678093e+07,-1.502969510000000124e-09,4.782999999999999829e+01,6.307000000000000000e+07,6.970000000000000000e+07
6.643890082685206085e+07,-1.505142299999999942e-09,4.783500000000000085e+01,6.307000000000000000e+07,6.970000000000000000e+07
6.635091152550499141e+07,-1.507138300000000108e-09,4.784000000000000341e+01,6.307000000000000000e+07,6.970000000000000000e+07
6.632011444570340961e+07,-1.507838170000000157e-09,4.784499999999999886e+01,6.307000000000000000e+07,6.970000000000000000e+07
6.626568812831841409e+07,-1.509076610000000123e-09,4.785000000000000142e+01,6.307000000000000000e+07,6.970000000000000000e+07
6.619332087680944055e+07,-1.510726440000000079e-09,4.785500000000000398e+01,6.307000000000000000e+07,6.970000000000000000e+07
6.615658921977188438e+07,-1.511565230000000033e-09,4.785999999999999943e+01,6.307000000000000000e+07,6.970000000000000000e+07
6.611165229375104606e+07,-1.512592660000000109e-09,4.786500000000000199e+01,6.307000000000000000e+07,6.970000000000000000e+07
6.602520146286229044e+07,-1.514573190000000017e-09,4.786999999999999744e+01,6.307000000000000000e+07,6.970000000000000000e+07
6.597265152550771832e+07,-1.515779610000000239e-09,4.787500000000000000e+01,6.307000000000000000e+07,6.970000000000000000e+07
6.593346847540543973e+07,-1.516680410000000150e-09,4.788000000000000256e+01,6.307000000000000000e+07,6.970000000000000000e+07
6.585869203610220551e+07,-1.518402460000000049e-09,4.788499999999999801e+01,6.307000000000000000e+07,6.970000000000000000e+07
6.579302001455908269e+07,-1.519918069999999943e-09,4.789000000000000057e+01,6.307000000000000000e+07,6.970000000000000000e+07
6.577100717583392560e+07,-1.520426770000000181e-09,4.789500000000000313e+01,6.307000000000000000e+07,6.970000000000000000e+07
6.571960984764977545e+07,-1.521615850000000294e-09,4.789999999999999858e+01,6.307000000000000000e+07,6.970000000000000000e+07
6.563955165271825343e+07,-1.523471710000000083e-09,4.790500000000000114e+01,6.307000000000000000e+07,6.970000000000000000e+07
6.560886413545175642e+07,-1.524184290000000089e-09,4.791000000000000369e+01,6.307000000000000000e+07,6.970000000000000000e+07
6.557432131610232592e+07,-1.524987190000000225e-09,4.791499999999999915e+01,6.307000000000000000e+07,6.970000000000000000e+07
6.549306456935693324e+07,-1.526879230000000090e-09,4.792000000000000171e+01,6.307000000000000000e+07,6.970000000000000000e+07
6.544430706157358736e+07,-1.528016790000000034e-09,4.792500000000000426e+01,6.307000000000000000e+07,6.970000000000000000e+07
6.542641219246838987e+07,-1.528434720000000000e-09,4.792999999999999972e+01,6.307000000000000000e+07,6.970000000000000000e+07
6.537775939500468224e+07,-1.529572149999999985e-09,4.793500000000000227e+01,6.307000000000000000e+07,6.970000000000000000e+07
6.534288558325474709e+07,-1.530388490000000021e-09,4.793999999999999773e+01,6.307000000000000000e+07,6.970000000000000000e+07
6.535120144099399447e+07,-1.530193750000000023e-09,4.794500000000000028e+01,6.307000000000000000e+07,6.970000000000000000e+07
6.532537642376331240e+07,-1.530798680000000042e-09,4.795000000000000284e+01,6.307000000000000000e+07,6.970000000000000000e+07
6.528212079780130833e+07,-1.531812980000000151e-09,4.795499999999999829e+01,6.307000000000000000e+07,6.970000000000000000e+07
6.528822548072128743e+07,-1.531669750000000071e-09,4.796000000000000085e+01,6.307000000000000000e+07,6.970000000000000000e+07
6.528570044234783202e+07,-1.531728990000000095e-09,4.796500000000000341e+01,6.307000000000000000e+07,6.970000000000000000e+07
6.523232567807420343e+07,-1.532982290000000083e-09,4.796999999999999886e+01,6.307000000000000000e+07,6.970000000000000000e+07
6.520873923871587962e+07,-1.533536779999999987e-09,4.797500000000000142e+01,6.307000000000000000e+07,6.970000000000000000e+07
6.521204760234276950e+07,-1.533458980000000209e-09,4.798000000000000398e+01,6.307000000000000000e+07,6.970000000000000000e+07
6.517244328700502962e+07,-1.534390839999999929e-09,4.798499999999999943e+01,6.307000000000000000e+07,6.970000000000000000e+07
6.513872666269953549e+07,-1.535185060000000276e-09,4.799000000000000199e+01,6.307000000000000000e+07,6.970000000000000000e+07
6.515742904709455371e+07,-1.534744410000000223e-09,4.799499999999999744e+01,6.307000000000000000e+07,6.970000000000000000e+07
6.513959947054272145e+07,-1.535164490000000254e-09,4.800000000000000000e+01,6.307000000000000000e+07,6.970000000000000000e+07
6.508720458520611376e+07,-1.536400290000000039e-09,4.800500000000000256e+01,6.307000000000000000e+07,6.970000000000000000e+07
6.507515102950157970e+07,-1.536684870000000096e-09,4.800999999999999801e+01,6.307000000000000000e+07,6.970000000000000000e+07
6.505556516173259169e+07,-1.537147510000000086e-09,4.801500000000000057e+01,6.307000000000000000e+07,6.970000000000000000e+07
6.500521442577776313e+07,-1.538338130000000236e-09,4.802000000000000313e+01,6.307000000000000000e+07,6.970000000000000000e+07
6.500504413140441477e+07,-1.538342160000000197e-09,4.802499999999999858e+01,6.307000000000000000e+07,6.970000000000000000e+07
6.503860216642802954e+07,-1.537548420000000127e-09,4.803000000000000114e+01,6.307000000000000000e+07,6.970000000000000000e+07
6.504224060996717215e+07,-1.537462410000000172e-09,4.803500000000000369e+01,6.307000000000000000e+07,6.970000000000000000e+07
6.504627167357220501e+07,-1.537367130000000074e-09,4.803999999999999915e+01,6.307000000000000000e+07,6.970000000000000000e+07
6.507866820045807213e+07,-1.536601820000000092e-09,4.804500000000000171e+01,6.307000000000000000e+07,6.970000000000000000e+07
6.507823493900103122e+07,-1.536612050000000169e-09,4.805000000000000426e+01,6.307000000000000000e+07,6.970000000000000000e+07
6.505333993312478065e+07,-1.537200090000000014e-09,4.805499999999999972e+01,6.307000000000000000e+07,6.970000000000000000e+07
6.506407008628758043e+07,-1.536946580000000018e-09,4.806000000000000227e+01,6.307000000000000000e+07,6.970000000000000000e+07
6.505678321934181452e+07,-1.537118730000000094e-09,4.806499999999999773e+01,6.307000000000000000e+07,6.970000000000000000e+07
6.500175631495474279e+07,-1.538419970000000226e-09,4.807000000000000028e+01,6.307000000000000000e+07,6.970000000000000000e+07
6.497808929082400352e+07,-1.538980309999999927e-09,4.807500000000000284e+01,6.307000000000000000e+07,6.970000000000000000e+07
6.497086725803409517e+07,-1.539151380000000155e-09,4.807999999999999829e+01,6.307000000000000000e+07,6.970000000000000000e+07
6.490748852494019270e+07,-1.540654280000000092e-09,4.808500000000000085e+01,6.307000000000000000e+07,6.970000000000000000e+07
6.484456424002160877e+07,-1.542149310000000126e-09,4.809000000000000341e+01,6.307000000000000000e+07,6.970000000000000000e+07
6.481672810860379785e+07,-1.542811600000000066e-09,4.809499999999999886e+01,6.307000000000000000e+07,6.970000000000000000e+07
6.475337034169758111e+07,-1.544321160000000099e-09,4.810000000000000142e+01,6.307000000000000000e+07,6.970000000000000000e+07
6.467035447638525069e+07,-1.546303570000000110e-09,4.810500000000000398e+01,6.307000000000000000e+07,6.970000000000000000e+07
6.463366597932856530e+07,-1.547181310000000073e-09,4.810999999999999943e+01,6.307000000000000000e+07,6.970000000000000000e+07
6.459196625147273391e+07,-1.548180150000000175e-09,4.811500000000000199e+01,6.307000000000000000e+07,6.970000000000000000e+07
6.451403128569239378e+07,-1.550050399999999960e-09,4.811999999999999744e+01,6.307000000000000000e+07,6.970000000000000000e+07
6.446682854502204061e+07,-1.551185350000000065e-09,4.812500000000000000e+01,6.307000000000000000e+07,6.970000000000000000e+07
6.442868185288925469e+07,-1.552103770000000092e-09,4.813000000000000256e+01,6.307000000000000000e+07,6.970000000000000000e+07
6.435438156002421677e+07,-1.553895750000000072e-09,4.813499999999999801e+01,6.307000000000000000e+07,6.970000000000000000e+07
6.429527352328094840e+07,-1.555324280000000001e-09,4.814000000000000057e+01,6.307000000000000000e+07,6.970000000000000000e+07
6.427124315623735636e+07,-1.555905799999999960e-09,4.814500000000000313e+01,6.307000000000000000e+07,6.970000000000000000e+07
6.420793220043017715e+07,-1.557439970000000022e-09,4.814999999999999858e+01,6.307000000000000000e+07,6.970000000000000000e+07
6.411763462377403677e+07,-1.559633330000000069e-09,4.815500000000000114e+01,6.307000000000000000e+07,6.970000000000000000e+07
6.406834913995609432e+07,-1.560833100000000033e-09,4.816000000000000369e+01,6.307000000000000000e+07,6.970000000000000000e+07
6.402420545208749175e+07,-1.561909270000000095e-09,4.816499999999999915e+01,6.307000000000000000e+07,6.970000000000000000e+07
6.395151636016004533e+07,-1.563684580000000262e-09,4.817000000000000171e+01,6.307000000000000000e+07,6.970000000000000000e+07
6.393037746630130708e+07,-1.564201620000000016e-09,4.817500000000000426e+01,6.307000000000000000e+07,6.970000000000000000e+07
6.392770380177543312e+07,-1.564267040000000066e-09,4.817999999999999972e+01,6.307000000000000000e+07,6.970000000000000000e+07
6.388545756547112763e+07,-1.565301460000000054e-09,4.818500000000000227e+01,6.307000000000000000e+07,6.970000000000000000e+07
6.384711873819143325e+07,-1.566241390000000155e-09,4.818999999999999773e+01,6.307000000000000000e+07,6.970000000000000000e+07
6.384374728065538406e+07,-1.566324100000000299e-09,4.819500000000000028e+01,6.307000000000000000e+07,6.970000000000000000e+07
6.380623282380079478e+07,-1.567245010000000044e-09,4.820000000000000284e+01,6.307000000000000000e+07,6.970000000000000000e+07
6.374715979310578853e+07,-1.568697340000000115e-09,4.820499999999999829e+01,6.307000000000000000e+07,6.970000000000000000e+07
6.371772700313178450e+07,-1.569421959999999988e-09,4.821000000000000085e+01,6.307000000000000000e+07,6.970000000000000000e+07
6.365476831312992424e+07,-1.570974220000000192e-09,4.821500000000000341e+01,6.307000000000000000e+07,6.970000000000000000e+07
6.355425304362271726e+07,-1.573458819999999979e-09,4.821999999999999886e+01,6.307000000000000000e+07,6.970000000000000000e+07
6.348831264286258817e+07,-1.575093050000000131e-09,4.822500000000000142e+01,6.307000000000000000e+07,6.970000000000000000e+07
6.344239876826328784e+07,-1.576232960000000204e-09,4.823000000000000398e+01,6.307000000000000000e+07,6.970000000000000000e+07
6.336071010223288089e+07,-1.578265140000000239e-09,4.823499999999999943e+01,6.307000000000000000e+07,6.970000000000000000e+07
6.329395021296610683e+07,-1.579929830000000010e-09,4.824000000000000199e+01,6.307000000000000000e+07,6.970000000000000000e+07
6.327116277243732661e+07,-1.580498849999999914e-09,4.824499999999999744e+01,6.307000000000000000e+07,6.970000000000000000e+07
6.323023131951811910e+07,-1.581521970000000229e-09,4.825000000000000000e+01,6.307000000000000000e+07,6.970000000000000000e+07
6.317357721164312959e+07,-1.582940280000000126e-09,4.825500000000000256e+01,6.307000000000000000e+07,6.970000000000000000e+07
6.315935724162168056e+07,-1.583296670000000161e-09,4.825999999999999801e+01,6.307000000000000000e+07,6.970000000000000000e+07
6.312781439973096550e+07,-1.584087790000000140e-09,4.826500000000000057e+01,6.307000000000000000e+07,6.970000000000000000e+07
6.306804004051112384e+07,-1.585589150000000041e-09,4.827000000000000313e+01,6.307000000000000000e+07,6.970000000000000000e+07
6.304144365309429914e+07,-1.586258090000000239e-09,4.827499999999999858e+01,6.307000000000000000e+07,6.970000000000000000e+07
6.302600638319829106e+07,-1.586646620000000138e-09,4.828000000000000114e+01,6.307000000000000000e+07,6.970000000000000000e+07
6.296451837312830985e+07,-1.588196060000000187e-09,4.828500000000000369e+01,6.307000000000000000e+07,6.970000000000000000e+07
6.291428229138924181e+07,-1.589464210000000153e-09,4.828999999999999915e+01,6.307000000000000000e+07,6.970000000000000000e+07
6.290373583400005847e+07,-1.589730700000000068e-09,4.829500000000000171e+01,6.307000000000000000e+07,6.970000000000000000e+07
6.287187891182936728e+07,-1.590536210000000043e-09,4.830000000000000426e+01,6.307000000000000000e+07,6.970000000000000000e+07
6.283119422019363195e+07,-1.591566119999999999e-09,4.830499999999999972e+01,6.307000000000000000e+07,6.970000000000000000e+07
6.284747662793473154e+07,-1.591153780000000120e-09,4.831000000000000227e+01,6.307000000000000000e+07,6.970000000000000000e+07
6.285697062904333323e+07,-1.590913450000000107e-09,4.831499999999999773e+01,6.307000000000000000e+07,6.970000000000000000e+07
6.283154715182774514e+07,-1.591557180000000086e-09,4.832000000000000028e+01,6.307000000000000000e+07,6.970000000000000000e+07
6.284554562744669616e+07,-1.591202669999999947e-09,4.832500000000000284e+01,6.307000000000000000e+07,6.970000000000000000e+07
6.288877012274775654e+07,-1.590109009999999935e-09,4.832999999999999829e+01,6.307000000000000000e+07,6.970000000000000000e+07
6.291334539776421338e+07,-1.589487880000000129e-09,4.833500000000000085e+01,6.307000000000000000e+07,6.970000000000000000e+07
6.296211397715423256e+07,-1.588256710000000082e-09,4.834000000000000341e+01,6.307000000000000000e+07,6.970000000000000000e+07
6.305720141332123429e+07,-1.585861690000000023e-09,4.834499999999999886e+01,6.307000000000000000e+07,6.970000000000000000e+07
6.312552861712198704e+07,-1.584145150000000061e-09,4.835000000000000142e+01,6.307000000000000000e+07,6.970000000000000000e+07
6.317773201267108321e+07,-1.582836180000000029e-09,4.835500000000000398e+01,6.307000000000000000e+07,6.970000000000000000e+07
6.327407806615284085e+07,-1.580426029999999986e-09,4.835999999999999943e+01,6.307000000000000000e+07,6.970000000000000000e+07
6.335559473648560792e+07,-1.578392570000000246e-09,4.836500000000000199e+01,6.307000000000000000e+07,6.970000000000000000e+07
6.340615720707036555e+07,-1.577133900000000118e-09,4.836999999999999744e+01,6.307000000000000000e+07,6.970000000000000000e+07
6.349250330362605304e+07,-1.574989090000000244e-09,4.837500000000000000e+01,6.307000000000000000e+07,6.970000000000000000e+07
6.360350126843508333e+07,-1.572240490000000054e-09,4.838000000000000256e+01,6.307000000000000000e+07,6.970000000000000000e+07
6.368142658214816451e+07,-1.570316580000000080e-09,4.838499999999999801e+01,6.307000000000000000e+07,6.970000000000000000e+07
6.374917626501888782e+07,-1.568647720000000138e-09,4.839000000000000057e+01,6.307000000000000000e+07,6.970000000000000000e+07
6.384047480867951363e+07,-1.566404390000000002e-09,4.839500000000000313e+01,6.307000000000000000e+07,6.970000000000000000e+07
6.390044045551198721e+07,-1.564934440000000229e-09,4.839999999999999858e+01,6.307000000000000000e+07,6.970000000000000000e+07
6.395193434008855373e+07,-1.563674360000000230e-09,4.840500000000000114e+01,6.307000000000000000e+07,6.970000000000000000e+07
6.403857478821802884e+07,-1.561558800000000168e-09,4.841000000000000369e+01,6.307000000000000000e+07,6.970000000000000000e+07
6.409467552711460739e+07,-1.560192000000000189e-09,4.841499999999999915e+01,6.307000000000000000e+07,6.970000000000000000e+07
6.410657322902835160e+07,-1.559902440000000075e-09,4.842000000000000171e+01,6.307000000000000000e+07,6.970000000000000000e+07
6.414310501197417080e+07,-1.559014020000000099e-09,4.842500000000000426e+01,6.307000000000000000e+07,6.970000000000000000e+07
6.417419237420639396e+07,-1.558258799999999983e-09,4.842999999999999972e+01,6.307000000000000000e+07,6.970000000000000000e+07
6.415511454388877004e+07,-1.558722179999999961e-09,4.843500000000000227e+01,6.307000000000000000e+07,6.970000000000000000e+07
6.415127589349977672e+07,-1.558815449999999997e-09,4.843999999999999773e+01,6.307000000000000000e+07,6.970000000000000000e+07
6.418185049329560995e+07,-1.558072869999999940e-09,4.844500000000000028e+01,6.307000000000000000e+07,6.970000000000000000e+07
6.417970934742488712e+07,-1.558124850000000090e-09,4.845000000000000284e+01,6.307000000000000000e+07,6.970000000000000000e+07
6.416268494966120273e+07,-1.558538270000000024e-09,4.845499999999999829e+01,6.307000000000000000e+07,6.970000000000000000e+07
6.418584482477653027e+07,-1.557975910000000010e-09,4.846000000000000085e+01,6.307000000000000000e+07,6.970000000000000000e+07
6.419302112218721956e+07,-1.557801740000000035e-09,4.846500000000000341e+01,6.307000000000000000e+07,6.970000000000000000e+07
6.416720598133840412e+07,-1.558428460000000134e-09,4.846999999999999886e+01,6.307000000000000000e+07,6.970000000000000000e+07
6.417809184311085194e+07,-1.558164120000000077e-09,4.847500000000000142e+01,6.307000000000000000e+07,6.970000000000000000e+07
6.419862417469298095e+07,-1.557665780000000080e-09,4.848000000000000398e+01,6.307000000000000000e+07,6.970000000000000000e+07
6.416572209376601130e+07,-1.558464500000000000e-09,4.848499999999999943e+01,6.307000000000000000e+07,6.970000000000000000e+07
6.414720274287281185e+07,-1.558914430000000033e-09,4.849000000000000199e+01,6.307000000000000000e+07,6.970000000000000000e+07
6.415939369680921733e+07,-1.558618220000000074e-09,4.849499999999999744e+01,6.307000000000000000e+07,6.970000000000000000e+07
6.413670374105929583e+07,-1.559169620000000069e-09,4.850000000000000000e+01,6.307000000000000000e+07,6.970000000000000000e+07
6.410828905496682227e+07,-1.559860690000000208e-09,4.850500000000000256e+01,6.307000000000000000e+07,6.970000000000000000e+07
6.411970790395303071e+07,-1.559582900000000206e-09,4.850999999999999801e+01,6.307000000000000000e+07,6.970000000000000000e+07
6.410958533503492922e+07,-1.559829150000000121e-09,4.851500000000000057e+01,6.307000000000000000e+07,6.970000000000000000e+07
6.406267482103370875e+07,-1.560971350000000056e-09,4.852000000000000313e+01,6.307000000000000000e+07,6.970000000000000000e+07
6.405394141260129958e+07,-1.561184179999999988e-09,4.852499999999999858e+01,6.307000000000000000e+07,6.970000000000000000e+07
6.406014150577769428e+07,-1.561033080000000212e-09,4.853000000000000114e+01,6.307000000000000000e+07,6.970000000000000000e+07
6.401967954706127197e+07,-1.562019690000000221e-09,4.853500000000000369e+01,6.307000000000000000e+07,6.970000000000000000e+07
6.400456367900126427e+07,-1.562388590000000149e-09,4.853999999999999915e+01,6.307000000000000000e+07,6.970000000000000000e+07
6.402093371855753660e+07,-1.561989089999999979e-09,4.854500000000000171e+01,6.307000000000000000e+07,6.970000000000000000e+07
6.399872166393399984e+07,-1.562531209999999993e-09,4.855000000000000426e+01,6.307000000000000000e+07,6.970000000000000000e+07
6.397428458948983252e+07,-1.563128070000000252e-09,4.855499999999999972e+01,6.307000000000000000e+07,6.970000000000000000e+07
6.398968342966223508e+07,-1.562751910000000036e-09,4.856000000000000227e+01,6.307000000000000000e+07,6.970000000000000000e+07
6.397805788053950667e+07,-1.563035880000000064e-09,4.856499999999999773e+01,6.307000000000000000e+07,6.970000000000000000e+07
6.393099053615482152e+07,-1.564186620000000197e-09,4.857000000000000028e+01,6.307000000000000000e+07,6.970000000000000000e+07
6.391860308500836045e+07,-1.564489760000000215e-09,4.857500000000000284e+01,6.307000000000000000e+07,6.970000000000000000e+07
6.390675095004255325e+07,-1.564779910000000062e-09,4.857999999999999829e+01,6.307000000000000000e+07,6.970000000000000000e+07
6.384971717608152330e+07,-1.566177650000000144e-09,4.858500000000000085e+01,6.307000000000000000e+07,6.970000000000000000e+07
6.381261756677129120e+07,-1.567088200000000060e-09,4.859000000000000341e+01,6.307000000000000000e+07,6.970000000000000000e+07
6.380543894278573245e+07,-1.567264510000000056e-09,4.859499999999999886e+01,6.307000000000000000e+07,6.970000000000000000e+07
6.375889548170037568e+07,-1.568408599999999931e-09,4.860000000000000142e+01,6.307000000000000000e+07,6.970000000000000000e+07
6.370118416615592688e+07,-1.569829530000000125e-09,4.860500000000000398e+01,6.307000000000000000e+07,6.970000000000000000e+07
6.369796443217773736e+07,-1.569908880000000191e-09,4.860999999999999943e+01,6.307000000000000000e+07,6.970000000000000000e+07
6.369240461450961232e+07,-1.570045920000000200e-09,4.861500000000000199e+01,6.307000000000000000e+07,6.970000000000000000e+07
6.366512916228608042e+07,-1.570718560000000131e-09,4.861999999999999744e+01,6.307000000000000000e+07,6.970000000000000000e+07
6.368828284562534094e+07,-1.570147530000000165e-09,4.862500000000000000e+01,6.307000000000000000e+07,6.970000000000000000e+07
6.372497321161438525e+07,-1.569243500000000135e-09,4.863000000000000256e+01,6.307000000000000000e+07,6.970000000000000000e+07
6.372879918901789188e+07,-1.569149290000000047e-09,4.863499999999999801e+01,6.307000000000000000e+07,6.970000000000000000e+07
6.375568373154059798e+07,-1.568487610000000136e-09,4.864000000000000057e+01,6.307000000000000000e+07,6.970000000000000000e+07
6.380440692699944973e+07,-1.567289860000000072e-09,4.864500000000000313e+01,6.307000000000000000e+07,6.970000000000000000e+07
6.381156618074286729e+07,-1.567114020000000102e-09,4.864999999999999858e+01,6.307000000000000000e+07,6.970000000000000000e+07
6.381884759728612751e+07,-1.566935219999999974e-09,4.865500000000000114e+01,6.307000000000000000e+07,6.970000000000000000e+07
6.386491089679395407e+07,-1.565805050000000070e-09,4.866000000000000369e+01,6.307000000000000000e+07,6.970000000000000000e+07
6.387886890274519473e+07,-1.565462910000000028e-09,4.866499999999999915e+01,6.307000000000000000e+07,6.970000000000000000e+07
6.384688556584152579e+07,-1.566247109999999993e-09,4.867000000000000171e+01,6.307000000000000000e+07,6.970000000000000000e+07
6.383768232544793189e+07,-1.566472910000000214e-09,4.867500000000000426e+01,6.307000000000000000e+07,6.970000000000000000e+07
6.384969801519127190e+07,-1.566178120000000169e-09,4.867999999999999972e+01,6.307000000000000000e+07,6.970000000000000000e+07
6.382705665823781490e+07,-1.566733690000000128e-09,4.868500000000000227e+01,6.307000000000000000e+07,6.970000000000000000e+07
6.382850618234293908e+07,-1.566698110000000036e-09,4.868999999999999773e+01,6.307000000000000000e+07,6.970000000000000000e+07
6.387088515894132853e+07,-1.565658590000000077e-09,4.869500000000000028e+01,6.307000000000000000e+07,6.970000000000000000e+07
6.387754888507295400e+07,-1.565495260000000207e-09,4.870000000000000284e+01,6.307000000000000000e+07,6.970000000000000000e+07
6.386495494707424939e+07,-1.565803970000000015e-09,4.870499999999999829e+01,6.307000000000000000e+07,6.970000000000000000e+07
6.388968163560804725e+07,-1.565197970000000193e-09,4.871000000000000085e+01,6.307000000000000000e+07,6.970000000000000000e+07
6.390790717197541147e+07,-1.564751600000000096e-09,4.871500000000000341e+01,6.307000000000000000e+07,6.970000000000000000e+07
6.391009312160720676e+07,-1.564698080000000116e-09,4.871999999999999886e+01,6.307000000000000000e+07,6.970000000000000000e+07
6.394126570175290108e+07,-1.563935260000000059e-09,4.872500000000000142e+01,6.307000000000000000e+07,6.970000000000000000e+07
6.397757079441294819e+07,-1.563047780000000135e-09,4.873000000000000398e+01,6.307000000000000000e+07,6.970000000000000000e+07
6.396734206200978160e+07,-1.563297720000000151e-09,4.873499999999999943e+01,6.307000000000000000e+07,6.970000000000000000e+07
6.397591107343243062e+07,-1.563088330000000033e-09,4.874000000000000199e+01,6.307000000000000000e+07,6.970000000000000000e+07
6.401267471443402022e+07,-1.562190620000000032e-09,4.874499999999999744e+01,6.307000000000000000e+07,6.970000000000000000e+07
6.400595777695941180e+07,-1.562354560000000137e-09,4.875000000000000000e+01,6.307000000000000000e+07,6.970000000000000000e+07
6.399506715783136338e+07,-1.562620440000000230e-09,4.875500000000000256e+01,6.307000000000000000e+07,6.970000000000000000e+07
6.403730106188061088e+07,-1.561589860000000185e-09,4.875999999999999801e+01,6.307000000000000000e+07,6.970000000000000000e+07
6.406341150222677737e+07,-1.560953400000000124e-09,4.876500000000000057e+01,6.307000000000000000e+07,6.970000000000000000e+07
6.405531796761982143e+07,-1.561150630000000047e-09,4.877000000000000313e+01,6.307000000000000000e+07,6.970000000000000000e+07
6.408675932176521420e+07,-1.560384720000000081e-09,4.877499999999999858e+01,6.307000000000000000e+07,6.970000000000000000e+07
6.412409006633714586e+07,-1.559476320000000022e-09,4.878000000000000114e+01,6.307000000000000000e+07,6.970000000000000000e+07
6.412141908805388957e+07,-1.559541280000000091e-09,4.878500000000000369e+01,6.307000000000000000e+07,6.970000000000000000e+07
6.411320319545590132e+07,-1.559741130000000105e-09,4.878999999999999915e+01,6.307000000000000000e+07,6.970000000000000000e+07
6.411553064664340019e+07,-1.559684510000000171e-09,4.879500000000000171e+01,6.307000000000000000e+07,6.970000000000000000e+07
6.408307545342524350e+07,-1.560474420000000137e-09,4.880000000000000426e+01,6.307000000000000000e+07,6.970000000000000000e+07
6.405584521822282672e+07,-1.561137780000000087e-09,4.880499999999999972e+01,6.307000000000000000e+07,6.970000000000000000e+07
6.408874229714202136e+07,-1.560336440000000076e-09,4.881000000000000227e+01,6.307000000000000000e+07,6.970000000000000000e+07
6.411057751378808171e+07,-1.559805010000000119e-09,4.881499999999999773e+01,6.307000000000000000e+07,6.970000000000000000e+07
6.409761790304924548e+07,-1.560120380000000230e-09,4.882000000000000028e+01,6.307000000000000000e+07,6.970000000000000000e+07
6.412291202893696725e+07,-1.559504970000000262e-09,4.882500000000000284e+01,6.307000000000000000e+07,6.970000000000000000e+07
6.414408465079456568e+07,-1.558990210000000119e-09,4.882999999999999829e+01,6.307000000000000000e+07,6.970000000000000000e+07
6.412094091761208326e+07,-1.559552910000000200e-09,4.883500000000000085e+01,6.307000000000000000e+07,6.970000000000000000e+07
6.412155189160020649e+07,-1.559538050000000178e-09,4.884000000000000341e+01,6.307000000000000000e+07,6.970000000000000000e+07
6.415256280057961494e+07,-1.558784180000000079e-09,4.884499999999999886e+01,6.307000000000000000e+07,6.970000000000000000e+07
6.415615258529791236e+07,-1.558696960000000111e-09,4.885000000000000142e+01,6.307000000000000000e+07,6.970000000000000000e+07
6.414495610602346808e+07,-1.558969030000000274e-09,4.885500000000000398e+01,6.307000000000000000e+07,6.970000000000000000e+07
6.415647075459679961e+07,-1.558689230000000004e-09,4.885999999999999943e+01,6.307000000000000000e+07,6.970000000000000000e+07
6.413986554590889066e+07,-1.559092760000000135e-09,4.886500000000000199e+01,6.307000000000000000e+07,6.970000000000000000e+07
6.410560048898726702e+07,-1.559926110000000052e-09,4.887000000000000455e+01,6.307000000000000000e+07,6.970000000000000000e+07
6.411960018710612506e+07,-1.559585520000000090e-09,4.887500000000000000e+01,6.307000000000000000e+07,6.970000000000000000e+07
6.415339579898159951e+07,-1.558763940000000079e-09,4.888000000000000256e+01,6.307000000000000000e+07,6.970000000000000000e+07
6.418064561775963008e+07,-1.558102120000000165e-09,4.888499999999999801e+01,6.307000000000000000e+07,6.970000000000000000e+07
6.426211953049837798e+07,-1.556126700000000273e-09,4.889000000000000057e+01,6.307000000000000000e+07,6.970000000000000000e+07
6.436247297097946703e+07,-1.553700400000000253e-09,4.889500000000000313e+01,6.307000000000000000e+07,6.970000000000000000e+07
6.440136911643420160e+07,-1.552762020000000233e-09,4.889999999999999858e+01,6.307000000000000000e+07,6.970000000000000000e+07
6.440774534053438157e+07,-1.552608299999999952e-09,4.890500000000000114e+01,6.307000000000000000e+07,6.970000000000000000e+07
6.444398503043560684e+07,-1.551735199999999979e-09,4.891000000000000369e+01,6.307000000000000000e+07,6.970000000000000000e+07
6.442012517435870320e+07,-1.552309930000000090e-09,4.891499999999999915e+01,6.307000000000000000e+07,6.970000000000000000e+07
6.433709756823786348e+07,-1.554313199999999967e-09,4.892000000000000171e+01,6.307000000000000000e+07,6.970000000000000000e+07
6.427205404107423127e+07,-1.555886169999999990e-09,4.892500000000000426e+01,6.307000000000000000e+07,6.970000000000000000e+07
6.421075717035907507e+07,-1.557371450000000017e-09,4.892999999999999972e+01,6.307000000000000000e+07,6.970000000000000000e+07
6.412286227682662755e+07,-1.559506180000000069e-09,4.893500000000000227e+01,6.307000000000000000e+07,6.970000000000000000e+07
6.406254759647091478e+07,-1.560974450000000010e-09,4.893999999999999773e+01,6.307000000000000000e+07,6.970000000000000000e+07
6.404666942460164428e+07,-1.561361440000000080e-09,4.894500000000000028e+01,6.307000000000000000e+07,6.970000000000000000e+07
6.397740011136545986e+07,-1.563051950000000099e-09,4.895000000000000284e+01,6.307000000000000000e+07,6.970000000000000000e+07
6.390735784902659059e+07,-1.564765050000000247e-09,4.895499999999999829e+01,6.307000000000000000e+07,6.970000000000000000e+07
6.391070580248109996e+07,-1.564683080000000091e-09,4.896000000000000085e+01,6.307000000000000000e+07,6.970000000000000000e+07
6.389900726118924469e+07,-1.564969540000000251e-09,4.896500000000000341e+01,6.307000000000000000e+07,6.970000000000000000e+07
6.386115093989181519e+07,-1.565897240000000051e-09,4.896999999999999886e+01,6.307000000000000000e+07,6.970000000000000000e+07
6.385849651951716840e+07,-1.565962330000000079e-09,4.897500000000000142e+01,6.307000000000000000e+07,6.970000000000000000e+07
6.384339348372700065e+07,-1.566332780000000088e-09,4.898000000000000398e+01,6.307000000000000000e+07,6.970000000000000000e+07
6.379449028549941629e+07,-1.567533490000000103e-09,4.898499999999999943e+01,6.307000000000000000e+07,6.970000000000000000e+07
6.377180062121513486e+07,-1.568091210000000127e-09,4.899000000000000199e+01,6.307000000000000000e+07,6.970000000000000000e+07
6.377450559292847663e+07,-1.568024700000000184e-09,4.899500000000000455e+01,6.307000000000000000e+07,6.970000000000000000e+07
6.373478619582796842e+07,-1.569001890000000209e-09,4.900000000000000000e+01,6.307000000000000000e+07,6.970000000000000000e+07
6.368840290929388255e+07,-1.570144570000000214e-09,4.900500000000000256e+01,6.307000000000000000e+07,6.970000000000000000e+07
6.367053989841797948e+07,-1.570585080000000263e-09,4.900999999999999801e+01,6.307000000000000000e+07,6.970000000000000000e+07
6.364865737453552336e+07,-1.571125050000000213e-09,4.901500000000000057e+01,6.307000000000000000e+07,6.970000000000000000e+07
6.361620475990056992e+07,-1.571926530000000227e-09,4.902000000000000313e+01,6.307000000000000000e+07,6.970000000000000000e+07
6.362582072218666226e+07,-1.571688960000000101e-09,4.902499999999999858e+01,6.307000000000000000e+07,6.970000000000000000e+07
6.363850883264318854e+07,-1.571375600000000258e-09,4.903000000000000114e+01,6.307000000000000000e+07,6.970000000000000000e+07
6.361653661739538610e+07,-1.571918330000000094e-09,4.903500000000000369e+01,6.307000000000000000e+07,6.970000000000000000e+07
6.360022870387841016e+07,-1.572321389999999993e-09,4.903999999999999915e+01,6.307000000000000000e+07,6.970000000000000000e+07
6.360418939933399856e+07,-1.572223479999999967e-09,4.904500000000000171e+01,6.307000000000000000e+07,6.970000000000000000e+07
6.358466618132915348e+07,-1.572706219999999954e-09,4.905000000000000426e+01,6.307000000000000000e+07,6.970000000000000000e+07
6.356734458294377476e+07,-1.573134770000000078e-09,4.905499999999999972e+01,6.307000000000000000e+07,6.970000000000000000e+07
6.358324145660914481e+07,-1.572741460000000186e-09,4.906000000000000227e+01,6.307000000000000000e+07,6.970000000000000000e+07
6.357769598803884536e+07,-1.572878640000000198e-09,4.906499999999999773e+01,6.307000000000000000e+07,6.970000000000000000e+07
6.353704610706803203e+07,-1.573884940000000032e-09,4.907000000000000028e+01,6.307000000000000000e+07,6.970000000000000000e+07
6.354382245703500509e+07,-1.573717100000000130e-09,4.907500000000000284e+01,6.307000000000000000e+07,6.970000000000000000e+07
6.354913666909106076e+07,-1.573585500000000159e-09,4.907999999999999829e+01,6.307000000000000000e+07,6.970000000000000000e+07
6.352532938788523525e+07,-1.574175230000000089e-09,4.908500000000000085e+01,6.307000000000000000e+07,6.970000000000000000e+07
6.352368739861301333e+07,-1.574215920000000197e-09,4.909000000000000341e+01,6.307000000000000000e+07,6.970000000000000000e+07
6.354364035199338198e+07,-1.573721610000000162e-09,4.909499999999999886e+01,6.307000000000000000e+07,6.970000000000000000e+07
6.351377149100401253e+07,-1.574461690000000042e-09,4.910000000000000142e+01,6.307000000000000000e+07,6.970000000000000000e+07
6.347921771665354818e+07,-1.575318720000000186e-09,4.910500000000000398e+01,6.307000000000000000e+07,6.970000000000000000e+07
6.346762785088730603e+07,-1.575606389999999946e-09,4.910999999999999943e+01,6.307000000000000000e+07,6.970000000000000000e+07
6.341968532319064438e+07,-1.576797480000000121e-09,4.911500000000000199e+01,6.307000000000000000e+07,6.970000000000000000e+07
6.334647559435448050e+07,-1.578619790000000175e-09,4.912000000000000455e+01,6.307000000000000000e+07,6.970000000000000000e+07
6.333002026554316282e+07,-1.579029969999999944e-09,4.912500000000000000e+01,6.307000000000000000e+07,6.970000000000000000e+07
6.332177134778116643e+07,-1.579235670000000168e-09,4.913000000000000256e+01,6.307000000000000000e+07,6.970000000000000000e+07
6.326858118827430159e+07,-1.580563340000000164e-09,4.913499999999999801e+01,6.307000000000000000e+07,6.970000000000000000e+07
6.324860175367374718e+07,-1.581062620000000006e-09,4.914000000000000057e+01,6.307000000000000000e+07,6.970000000000000000e+07
6.325233273338073492e+07,-1.580969360000000221e-09,4.914500000000000313e+01,6.307000000000000000e+07,6.970000000000000000e+07
6.322249521625410020e+07,-1.581715489999999962e-09,4.914999999999999858e+01,6.307000000000000000e+07,6.970000000000000000e+07
6.319924074454545230e+07,-1.582297489999999991e-09,4.915500000000000114e+01,6.307000000000000000e+07,6.970000000000000000e+07
6.321336040163139254e+07,-1.581944060000000114e-09,4.916000000000000369e+01,6.307000000000000000e+07,6.970000000000000000e+07
6.320383114825996011e+07,-1.582182570000000085e-09,4.916499999999999915e+01,6.307000000000000000e+07,6.970000000000000000e+07
6.317934219488471746e+07,-1.582795840000000032e-09,4.917000000000000171e+01,6.307000000000000000e+07,6.970000000000000000e+07
6.319983427992255241e+07,-1.582282629999999969e-09,4.917500000000000426e+01,6.307000000000000000e+07,6.970000000000000000e+07
6.321431184663069993e+07,-1.581920250000000134e-09,4.917999999999999972e+01,6.307000000000000000e+07,6.970000000000000000e+07
6.320562842581617087e+07,-1.582137580000000054e-09,4.918500000000000227e+01,6.307000000000000000e+07,6.970000000000000000e+07
6.323204889081786573e+07,-1.581476509999999965e-09,4.918999999999999773e+01,6.307000000000000000e+07,6.970000000000000000e+07
6.328013610646042228e+07,-1.580274730000000146e-09,4.919500000000000028e+01,6.307000000000000000e+07,6.970000000000000000e+07
6.329089529015676677e+07,-1.580006089999999959e-09,4.920000000000000284e+01,6.307000000000000000e+07,6.970000000000000000e+07
6.331328205911406875e+07,-1.579447420000000046e-09,4.920499999999999829e+01,6.307000000000000000e+07,6.970000000000000000e+07
6.336737339918014407e+07,-1.578099180000000028e-09,4.921000000000000085e+01,6.307000000000000000e+07,6.970000000000000000e+07
6.339092699100854248e+07,-1.577512820000000014e-09,4.921500000000000341e+01,6.307000000000000000e+07,6.970000000000000000e+07
6.338821709140808135e+07,-1.577580259999999964e-09,4.921999999999999886e+01,6.307000000000000000e+07,6.970000000000000000e+07
6.343264583065369725e+07,-1.576475310000000117e-09,4.922500000000000142e+01,6.307000000000000000e+07,6.970000000000000000e+07
6.347162885152905434e+07,-1.575507070000000049e-09,4.923000000000000398e+01,6.307000000000000000e+07,6.970000000000000000e+07
6.346505477951297164e+07,-1.575670270000000167e-09,4.923499999999999943e+01,6.307000000000000000e+07,6.970000000000000000e+07
6.347921247815958411e+07,-1.575318849999999938e-09,4.924000000000000199e+01,6.307000000000000000e+07,6.970000000000000000e+07
6.351125679549012333e+07,-1.574524030000000227e-09,4.924500000000000455e+01,6.307000000000000000e+07,6.970000000000000000e+07
6.349296408432865888e+07,-1.574977660000000199e-09,4.925000000000000000e+01,6.307000000000000000e+07,6.970000000000000000e+07
6.348685474833613634e+07,-1.575129220000000163e-09,4.925500000000000256e+01,6.307000000000000000e+07,6.970000000000000000e+07
6.353102838272834569e+07,-1.574034020000000115e-09,4.925999999999999801e+01,6.307000000000000000e+07,6.970000000000000000e+07
6.354493287621650845e+07,-1.573689600000000050e-09,4.926500000000000057e+01,6.307000000000000000e+07,6.970000000000000000e+07
6.351033995332091302e+07,-1.574546760000000153e-09,4.927000000000000313e+01,6.307000000000000000e+07,6.970000000000000000e+07
6.349676225247017294e+07,-1.574883450000000112e-09,4.927499999999999858e+01,6.307000000000000000e+07,6.970000000000000000e+07
6.346632517721875757e+07,-1.575638730000000288e-09,4.928000000000000114e+01,6.307000000000000000e+07,6.970000000000000000e+07
6.338964634973351657e+07,-1.577544690000000123e-09,4.928500000000000369e+01,6.307000000000000000e+07,6.970000000000000000e+07
6.333492090757244825e+07,-1.578907789999999957e-09,4.928999999999999915e+01,6.307000000000000000e+07,6.970000000000000000e+07
6.330334516715517640e+07,-1.579695350000000001e-09,4.929500000000000171e+01,6.307000000000000000e+07,6.970000000000000000e+07
6.324123990091943741e+07,-1.581246670000000152e-09,4.930000000000000426e+01,6.307000000000000000e+07,6.970000000000000000e+07
6.321147437944758683e+07,-1.581991260000000064e-09,4.930499999999999972e+01,6.307000000000000000e+07,6.970000000000000000e+07
6.322461054382793605e+07,-1.581662570000000174e-09,4.931000000000000227e+01,6.307000000000000000e+07,6.970000000000000000e+07
6.322319391424156725e+07,-1.581698010000000056e-09,4.931499999999999773e+01,6.307000000000000000e+07,6.970000000000000000e+07
6.320329905546651781e+07,-1.582195890000000071e-09,4.932000000000000028e+01,6.307000000000000000e+07,6.970000000000000000e+07
6.323798571231304854e+07,-1.581328040000000117e-09,4.932500000000000284e+01,6.307000000000000000e+07,6.970000000000000000e+07
6.327372014553689212e+07,-1.580434970000000106e-09,4.932999999999999829e+01,6.307000000000000000e+07,6.970000000000000000e+07
6.327512542759194225e+07,-1.580399870000000085e-09,4.933500000000000085e+01,6.307000000000000000e+07,6.970000000000000000e+07
6.331359192322183400e+07,-1.579439690000000146e-09,4.934000000000000341e+01,6.307000000000000000e+07,6.970000000000000000e+07
6.337041081148890406e+07,-1.578023540000000152e-09,4.934499999999999886e+01,6.307000000000000000e+07,6.970000000000000000e+07
6.338337006716545671e+07,-1.577700900000000122e-09,4.935000000000000142e+01,6.307000000000000000e+07,6.970000000000000000e+07
6.339558868896413594e+07,-1.577396820000000053e-09,4.935500000000000398e+01,6.307000000000000000e+07,6.970000000000000000e+07
6.344034450644680858e+07,-1.576284000000000096e-09,4.935999999999999943e+01,6.307000000000000000e+07,6.970000000000000000e+07
6.345079267933179438e+07,-1.576024440000000239e-09,4.936500000000000199e+01,6.307000000000000000e+07,6.970000000000000000e+07
6.344279120214199275e+07,-1.576223209999999991e-09,4.937000000000000455e+01,6.307000000000000000e+07,6.970000000000000000e+07
6.347292408818542212e+07,-1.575474920000000141e-09,4.937500000000000000e+01,6.307000000000000000e+07,6.970000000000000000e+07
6.348930503292482346e+07,-1.575068430000000059e-09,4.938000000000000256e+01,6.307000000000000000e+07,6.970000000000000000e+07
6.346974068053804338e+07,-1.575553940000000184e-09,4.938499999999999801e+01,6.307000000000000000e+07,6.970000000000000000e+07
6.348519580465956032e+07,-1.575170380000000090e-09,4.939000000000000057e+01,6.307000000000000000e+07,6.970000000000000000e+07
6.352770112066549063e+07,-1.574116460000000090e-09,4.939500000000000313e+01,6.307000000000000000e+07,6.970000000000000000e+07
6.354609502192474157e+07,-1.573660820000000057e-09,4.939999999999999858e+01,6.307000000000000000e+07,6.970000000000000000e+07
6.359689418970697373e+07,-1.572403830000000175e-09,4.940500000000000114e+01,6.307000000000000000e+07,6.970000000000000000e+07
6.369982806460908055e+07,-1.569862950000000108e-09,4.941000000000000369e+01,6.307000000000000000e+07,6.970000000000000000e+07
6.377724862219777703e+07,-1.567957260000000028e-09,4.941499999999999915e+01,6.307000000000000000e+07,6.970000000000000000e+07
6.382046089209478348e+07,-1.566895610000000128e-09,4.942000000000000171e+01,6.307000000000000000e+07,6.970000000000000000e+07
6.389360130820870399e+07,-1.565101950000000108e-09,4.942500000000000426e+01,6.307000000000000000e+07,6.970000000000000000e+07
6.394377572150367498e+07,-1.563873870000000177e-09,4.942999999999999972e+01,6.307000000000000000e+07,6.970000000000000000e+07
6.395724258786404133e+07,-1.563544580000000095e-09,4.943500000000000227e+01,6.307000000000000000e+07,6.970000000000000000e+07
6.400450059166719764e+07,-1.562390130000000185e-09,4.943999999999999773e+01,6.307000000000000000e+07,6.970000000000000000e+07
6.406796822110891342e+07,-1.560842380000000013e-09,4.944500000000000028e+01,6.307000000000000000e+07,6.970000000000000000e+07
6.408972027612183988e+07,-1.560312630000000096e-09,4.945000000000000284e+01,6.307000000000000000e+07,6.970000000000000000e+07
6.411784470019400120e+07,-1.559628220000000053e-09,4.945499999999999829e+01,6.307000000000000000e+07,6.970000000000000000e+07
6.416947929515602440e+07,-1.558373250000000071e-09,4.946000000000000085e+01,6.307000000000000000e+07,6.970000000000000000e+07
6.418276746478729695e+07,-1.558050610000000041e-09,4.946500000000000341e+01,6.307000000000000000e+07,6.970000000000000000e+07
6.417983662586164474e+07,-1.558121759999999974e-09,4.946999999999999886e+01,6.307000000000000000e+07,6.970000000000000000e+07
6.422614797415476292e+07,-1.556998249999999959e-09,4.947500000000000142e+01,6.307000000000000000e+07,6.970000000000000000e+07
6.425983964818097651e+07,-1.556181910000000130e-09,4.948000000000000398e+01,6.307000000000000000e+07,6.970000000000000000e+07
6.424597016830889136e+07,-1.556517860000000101e-09,4.948499999999999943e+01,6.307000000000000000e+07,6.970000000000000000e+07
6.426392752900340408e+07,-1.556082920000000049e-09,4.949000000000000199e+01,6.307000000000000000e+07,6.970000000000000000e+07
6.429407844015159458e+07,-1.555353189999999952e-09,4.949500000000000455e+01,6.307000000000000000e+07,6.970000000000000000e+07
6.427162649608600140e+07,-1.555896519999999980e-09,4.950000000000000000e+01,6.307000000000000000e+07,6.970000000000000000e+07
6.425824865788295120e+07,-1.556220439999999922e-09,4.950500000000000256e+01,6.307000000000000000e+07,6.970000000000000000e+07
6.427295417612169683e+07,-1.555864380000000116e-09,4.950999999999999801e+01,6.307000000000000000e+07,6.970000000000000000e+07
6.425215754086740315e+07,-1.556367970000000132e-09,4.951500000000000057e+01,6.307000000000000000e+07,6.970000000000000000e+07
6.421314160213920474e+07,-1.557313620000000070e-09,4.952000000000000313e+01,6.307000000000000000e+07,6.970000000000000000e+07
6.422789578340523690e+07,-1.556955880000000225e-09,4.952499999999999858e+01,6.307000000000000000e+07,6.970000000000000000e+07
6.425060036885369569e+07,-1.556405690000000244e-09,4.953000000000000114e+01,6.307000000000000000e+07,6.970000000000000000e+07
6.423331348267013580e+07,-1.556824560000000054e-09,4.953500000000000369e+01,6.307000000000000000e+07,6.970000000000000000e+07
6.424413841620621830e+07,-1.556562240000000103e-09,4.953999999999999915e+01,6.307000000000000000e+07,6.970000000000000000e+07
6.425937881859350950e+07,-1.556193070000000006e-09,4.954500000000000171e+01,6.307000000000000000e+07,6.970000000000000000e+07
6.423607714182448387e+07,-1.556757580000000086e-09,4.955000000000000426e+01,6.307000000000000000e+07,6.970000000000000000e+07
6.423118829233466834e+07,-1.556876069999999972e-09,4.955499999999999972e+01,6.307000000000000000e+07,6.970000000000000000e+07
6.426213893971826881e+07,-1.556126230000000248e-09,4.956000000000000227e+01,6.307000000000000000e+07,6.970000000000000000e+07
6.425741293435408175e+07,-1.556240680000000128e-09,4.956499999999999773e+01,6.307000000000000000e+07,6.970000000000000000e+07
6.423507529821807891e+07,-1.556781860000000091e-09,4.957000000000000028e+01,6.307000000000000000e+07,6.970000000000000000e+07
6.425339565381550789e+07,-1.556337979999999919e-09,4.957500000000000284e+01,6.307000000000000000e+07,6.970000000000000000e+07
6.425590546630063653e+07,-1.556277190000000228e-09,4.957999999999999829e+01,6.307000000000000000e+07,6.970000000000000000e+07
6.423225396426055580e+07,-1.556850240000000093e-09,4.958500000000000085e+01,6.307000000000000000e+07,6.970000000000000000e+07
6.423310264892369509e+07,-1.556829670000000070e-09,4.959000000000000341e+01,6.307000000000000000e+07,6.970000000000000000e+07
6.424196835026919842e+07,-1.556614820000000238e-09,4.959499999999999886e+01,6.307000000000000000e+07,6.970000000000000000e+07
6.420922674131682515e+07,-1.557408570000000146e-09,4.960000000000000142e+01,6.307000000000000000e+07,6.970000000000000000e+07
6.418813346787508577e+07,-1.557920360000000087e-09,4.960500000000000398e+01,6.307000000000000000e+07,6.970000000000000000e+07
6.419370270047500730e+07,-1.557785200000000180e-09,4.960999999999999943e+01,6.307000000000000000e+07,6.970000000000000000e+07
6.417247260695330799e+07,-1.558300560000000102e-09,4.961500000000000199e+01,6.307000000000000000e+07,6.970000000000000000e+07
6.414438871109560877e+07,-1.558982820000000079e-09,4.962000000000000455e+01,6.307000000000000000e+07,6.970000000000000000e+07
6.417962614302390069e+07,-1.558126869999999990e-09,4.962500000000000000e+01,6.307000000000000000e+07,6.970000000000000000e+07
6.420723053161166608e+07,-1.557456989999999947e-09,4.963000000000000256e+01,6.307000000000000000e+07,6.970000000000000000e+07
6.420149284136020392e+07,-1.557596180000000021e-09,4.963499999999999801e+01,6.307000000000000000e+07,6.970000000000000000e+07
6.422789000809412450e+07,-1.556956020000000229e-09,4.964000000000000057e+01,6.307000000000000000e+07,6.970000000000000000e+07
6.426000647342453152e+07,-1.556177870000000124e-09,4.964500000000000313e+01,6.307000000000000000e+07,6.970000000000000000e+07
6.423456489814971387e+07,-1.556794229999999981e-09,4.964999999999999858e+01,6.307000000000000000e+07,6.970000000000000000e+07
6.421207697661596537e+07,-1.557339440000000112e-09,4.965500000000000114e+01,6.307000000000000000e+07,6.970000000000000000e+07
6.422818413775933534e+07,-1.556948890000000106e-09,4.966000000000000369e+01,6.307000000000000000e+07,6.970000000000000000e+07
6.421721777016024292e+07,-1.557214770000000199e-09,4.966499999999999915e+01,6.307000000000000000e+07,6.970000000000000000e+07
6.419624659054537117e+07,-1.557723470000000024e-09,4.967000000000000171e+01,6.307000000000000000e+07,6.970000000000000000e+07
6.421955814092650265e+07,-1.557158020000000100e-09,4.967500000000000426e+01,6.307000000000000000e+07,6.970000000000000000e+07
6.423824680976806581e+07,-1.556705000000000158e-09,4.967999999999999972e+01,6.307000000000000000e+07,6.970000000000000000e+07
6.422741849869757891e+07,-1.556967450000000067e-09,4.968500000000000227e+01,6.307000000000000000e+07,6.970000000000000000e+07
6.424009225699521601e+07,-1.556660280000000088e-09,4.968999999999999773e+01,6.307000000000000000e+07,6.970000000000000000e+07
6.426192791670142114e+07,-1.556131340000000264e-09,4.969500000000000028e+01,6.307000000000000000e+07,6.970000000000000000e+07
6.422917174010217935e+07,-1.556924950000000168e-09,4.970000000000000284e+01,6.307000000000000000e+07,6.970000000000000000e+07
6.421268968861969560e+07,-1.557324580000000090e-09,4.970499999999999829e+01,6.307000000000000000e+07,6.970000000000000000e+07
6.422926868683131784e+07,-1.556922600000000039e-09,4.971000000000000085e+01,6.307000000000000000e+07,6.970000000000000000e+07
6.420976188843580335e+07,-1.557395590000000227e-09,4.971500000000000341e+01,6.307000000000000000e+07,6.970000000000000000e+07
6.416084435876490921e+07,-1.558582980000000049e-09,4.971999999999999886e+01,6.307000000000000000e+07,6.970000000000000000e+07
6.415838601111081988e+07,-1.558642700000000144e-09,4.972500000000000142e+01,6.307000000000000000e+07,6.970000000000000000e+07
6.414452448996892571e+07,-1.558979520000000061e-09,4.973000000000000398e+01,6.307000000000000000e+07,6.970000000000000000e+07
6.409386911184605956e+07,-1.560211630000000160e-09,4.973499999999999943e+01,6.307000000000000000e+07,6.970000000000000000e+07
6.407966506994452327e+07,-1.560557470000000141e-09,4.974000000000000199e+01,6.307000000000000000e+07,6.970000000000000000e+07
6.408229396925696731e+07,-1.560493450000000123e-09,4.974500000000000455e+01,6.307000000000000000e+07,6.970000000000000000e+07
6.404278057742571831e+07,-1.561456250000000152e-09,4.975000000000000000e+01,6.307000000000000000e+07,6.970000000000000000e+07
6.402336186865241826e+07,-1.561929850000000162e-09,4.975500000000000256e+01,6.307000000000000000e+07,6.970000000000000000e+07
6.405467789294929802e+07,-1.561166230000000057e-09,4.975999999999999801e+01,6.307000000000000000e+07,6.970000000000000000e+07
6.406356869043501467e+07,-1.560949570000000020e-09,4.976500000000000057e+01,6.307000000000000000e+07,6.970000000000000000e+07
6.405472753930907696e+07,-1.561165020000000043e-09,4.977000000000000313e+01,6.307000000000000000e+07,6.970000000000000000e+07
6.408114497985457629e+07,-1.560521430000000274e-09,4.977499999999999858e+01,6.307000000000000000e+07,6.970000000000000000e+07
6.408512719673722237e+07,-1.560424460000000093e-09,4.978000000000000114e+01,6.307000000000000000e+07,6.970000000000000000e+07
6.406269944520100951e+07,-1.560970750000000071e-09,4.978500000000000369e+01,6.307000000000000000e+07,6.970000000000000000e+07
6.408010977486708760e+07,-1.560546640000000287e-09,4.978999999999999915e+01,6.307000000000000000e+07,6.970000000000000000e+07
6.410214908223991841e+07,-1.560010100000000107e-09,4.979500000000000171e+01,6.307000000000000000e+07,6.970000000000000000e+07
6.408474607835639268e+07,-1.560433740000000073e-09,4.980000000000000426e+01,6.307000000000000000e+07,6.970000000000000000e+07
6.407725194503934681e+07,-1.560616240000000139e-09,4.980499999999999972e+01,6.307000000000000000e+07,6.970000000000000000e+07
6.409994956423669308e+07,-1.560063629999999924e-09,4.981000000000000227e+01,6.307000000000000000e+07,6.970000000000000000e+07
6.408872299252345413e+07,-1.560336910000000102e-09,4.981499999999999773e+01,6.307000000000000000e+07,6.970000000000000000e+07
6.405887184562744200e+07,-1.561064020000000107e-09,4.982000000000000028e+01,6.307000000000000000e+07,6.970000000000000000e+07
6.408019272143593431e+07,-1.560544619999999974e-09,4.982500000000000284e+01,6.307000000000000000e+07,6.970000000000000000e+07
6.408542535932056606e+07,-1.560417200000000219e-09,4.982999999999999829e+01,6.307000000000000000e+07,6.970000000000000000e+07
6.405931092731668800e+07,-1.561053320000000212e-09,4.983500000000000085e+01,6.307000000000000000e+07,6.970000000000000000e+07
6.405958956265063584e+07,-1.561046530000000157e-09,4.984000000000000341e+01,6.307000000000000000e+07,6.970000000000000000e+07
6.405073022796390951e+07,-1.561262450000000206e-09,4.984499999999999886e+01,6.307000000000000000e+07,6.970000000000000000e+07
6.399343969973049313e+07,-1.562660180000000036e-09,4.985000000000000142e+01,6.307000000000000000e+07,6.970000000000000000e+07
6.395429427056628466e+07,-1.563616660000000242e-09,4.985500000000000398e+01,6.307000000000000000e+07,6.970000000000000000e+07
6.394828517525465786e+07,-1.563763590000000054e-09,4.985999999999999943e+01,6.307000000000000000e+07,6.970000000000000000e+07
6.391747139721917361e+07,-1.564517460000000153e-09,4.986500000000000199e+01,6.307000000000000000e+07,6.970000000000000000e+07
6.387862203285077959e+07,-1.565468960000000095e-09,4.987000000000000455e+01,6.307000000000000000e+07,6.970000000000000000e+07
6.388604487737830728e+07,-1.565287070000000058e-09,4.987500000000000000e+01,6.307000000000000000e+07,6.970000000000000000e+07
6.387520032700014859e+07,-1.565552819999999985e-09,4.988000000000000256e+01,6.307000000000000000e+07,6.970000000000000000e+07
6.383907446109845489e+07,-1.566438750000000243e-09,4.988499999999999801e+01,6.307000000000000000e+07,6.970000000000000000e+07
6.384211895057219267e+07,-1.566364050000000006e-09,4.989000000000000057e+01,6.307000000000000000e+07,6.970000000000000000e+07
6.385209403102005273e+07,-1.566119349999999964e-09,4.989500000000000313e+01,6.307000000000000000e+07,6.970000000000000000e+07
6.381984994025919586e+07,-1.566910610000000153e-09,4.989999999999999858e+01,6.307000000000000000e+07,6.970000000000000000e+07
6.381937625698643923e+07,-1.566922240000000055e-09,4.990500000000000114e+01,6.307000000000000000e+07,6.970000000000000000e+07
6.385560622944898158e+07,-1.566033210000000257e-09,4.991000000000000369e+01,6.307000000000000000e+07,6.970000000000000000e+07
6.385532936578886956e+07,-1.566040000000000105e-09,4.991499999999999915e+01,6.307000000000000000e+07,6.970000000000000000e+07
6.383153051388441026e+07,-1.566623880000000238e-09,4.992000000000000171e+01,6.307000000000000000e+07,6.970000000000000000e+07
6.384087218275976926e+07,-1.566394639999999996e-09,4.992500000000000426e+01,6.307000000000000000e+07,6.970000000000000000e+07
6.382758015780271590e+07,-1.566720839999999961e-09,4.992999999999999972e+01,6.307000000000000000e+07,6.970000000000000000e+07
6.378505029974253476e+07,-1.567765480000000188e-09,4.993500000000000227e+01,6.307000000000000000e+07,6.970000000000000000e+07
6.377798444821044803e+07,-1.567939170000000093e-09,4.993999999999999773e+01,6.307000000000000000e+07,6.970000000000000000e+07
6.378253360475267470e+07,-1.567827340000000096e-09,4.994500000000000028e+01,6.307000000000000000e+07,6.970000000000000000e+07
6.374737273171707243e+07,-1.568692100000000140e-09,4.995000000000000284e+01,6.307000000000000000e+07,6.970000000000000000e+07
6.372438357842516899e+07,-1.569258020000000090e-09,4.995499999999999829e+01,6.307000000000000000e+07,6.970000000000000000e+07
6.373566565758661926e+07,-1.568980239999999926e-09,4.996000000000000085e+01,6.307000000000000000e+07,6.970000000000000000e+07
6.371630727069394290e+07,-1.569456930000000258e-09,4.996500000000000341e+01,6.307000000000000000e+07,6.970000000000000000e+07
6.368723555268595368e+07,-1.570173350000000000e-09,4.996999999999999886e+01,6.307000000000000000e+07,6.970000000000000000e+07
6.370130427847198397e+07,-1.569826570000000174e-09,4.997500000000000142e+01,6.307000000000000000e+07,6.970000000000000000e+07
6.369307032961437851e+07,-1.570029510000000098e-09,4.998000000000000398e+01,6.307000000000000000e+07,6.970000000000000000e+07
6.365293203164105862e+07,-1.571019540000000039e-09,4.998499999999999943e+01,6.307000000000000000e+07,6.970000000000000000e+07
6.366308517460610718e+07,-1.570768989999999993e-09,4.999000000000000199e+01,6.307000000000000000e+07,6.970000000000000000e+07
6.369903155432172865e+07,-1.569882580000000079e-09,4.999500000000000455e+01,6.307000000000000000e+07,6.970000000000000000e+07
6.369694157033050805e+07,-1.569934090000000203e-09,5.000000000000000000e+01,6.307000000000000000e+07,6.970000000000000000e+07
6.372628693085694313e+07,-1.569211150000000162e-09,5.000500000000000256e+01,6.307000000000000000e+07,6.970000000000000000e+07
6.378603815476687253e+07,-1.567741199999999975e-09,5.000999999999999801e+01,6.307000000000000000e+07,6.970000000000000000e+07
6.379926892162545025e+07,-1.567416080000000272e-09,5.001500000000000057e+01,6.307000000000000000e+07,6.970000000000000000e+07
6.380533227925222367e+07,-1.567267130000000147e-09,5.002000000000000313e+01,6.307000000000000000e+07,6.970000000000000000e+07
6.385297714090874791e+07,-1.566097690000000256e-09,5.002499999999999858e+01,6.307000000000000000e+07,6.970000000000000000e+07
6.387774392598030716e+07,-1.565490480000000214e-09,5.003000000000000114e+01,6.307000000000000000e+07,6.970000000000000000e+07
6.386308735009162128e+07,-1.565849760000000095e-09,5.003500000000000369e+01,6.307000000000000000e+07,6.970000000000000000e+07
6.388227712644153833e+07,-1.565379389999999998e-09,5.003999999999999915e+01,6.307000000000000000e+07,6.970000000000000000e+07
6.389628641045217961e+07,-1.565036180000000152e-09,5.004500000000000171e+01,6.307000000000000000e+07,6.970000000000000000e+07
6.386087402814845741e+07,-1.565904030000000106e-09,5.005000000000000426e+01,6.307000000000000000e+07,6.970000000000000000e+07
6.382522956945785135e+07,-1.566778540000000156e-09,5.005499999999999972e+01,6.307000000000000000e+07,6.970000000000000000e+07
6.381297102268300951e+07,-1.567079520000000064e-09,5.006000000000000227e+01,6.307000000000000000e+07,6.970000000000000000e+07
6.376607746067155153e+07,-1.568231950000000075e-09,5.006499999999999773e+01,6.307000000000000000e+07,6.970000000000000000e+07
6.372817658863606304e+07,-1.569164620000000095e-09,5.007000000000000028e+01,6.307000000000000000e+07,6.970000000000000000e+07
6.374000116975650936e+07,-1.568873519999999945e-09,5.007500000000000284e+01,6.307000000000000000e+07,6.970000000000000000e+07
6.373719268833694607e+07,-1.568942650000000185e-09,5.007999999999999829e+01,6.307000000000000000e+07,6.970000000000000000e+07
6.371763118848571926e+07,-1.569424320000000162e-09,5.008500000000000085e+01,6.307000000000000000e+07,6.970000000000000000e+07
6.375205692824076116e+07,-1.568576840000000167e-09,5.009000000000000341e+01,6.307000000000000000e+07,6.970000000000000000e+07
6.379515813633111864e+07,-1.567517080000000207e-09,5.009499999999999886e+01,6.307000000000000000e+07,6.970000000000000000e+07
6.379663063199047744e+07,-1.567480900000000131e-09,5.010000000000000142e+01,6.307000000000000000e+07,6.970000000000000000e+07
6.381433194594594091e+07,-1.567046100000000082e-09,5.010500000000000398e+01,6.307000000000000000e+07,6.970000000000000000e+07
6.385940427464763075e+07,-1.565940069999999973e-09,5.010999999999999943e+01,6.307000000000000000e+07,6.970000000000000000e+07
6.386109343666654080e+07,-1.565898650000000128e-09,5.011500000000000199e+01,6.307000000000000000e+07,6.970000000000000000e+07
6.385106050545649230e+07,-1.566144699999999980e-09,5.012000000000000455e+01,6.307000000000000000e+07,6.970000000000000000e+07
6.387161743578653783e+07,-1.565640640000000145e-09,5.012500000000000000e+01,6.307000000000000000e+07,6.970000000000000000e+07
6.386011712111516297e+07,-1.565922590000000067e-09,5.013000000000000256e+01,6.307000000000000000e+07,6.970000000000000000e+07
6.382542429099654406e+07,-1.566773760000000163e-09,5.013499999999999801e+01,6.307000000000000000e+07,6.970000000000000000e+07
6.383673688152343780e+07,-1.566496110000000164e-09,5.014000000000000057e+01,6.307000000000000000e+07,6.970000000000000000e+07
6.385928356537977606e+07,-1.565943029999999924e-09,5.014500000000000313e+01,6.307000000000000000e+07,6.970000000000000000e+07
6.383745451980348676e+07,-1.566478500000000300e-09,5.014999999999999858e+01,6.307000000000000000e+07,6.970000000000000000e+07
6.384980523478885740e+07,-1.566175490000000034e-09,5.015500000000000114e+01,6.307000000000000000e+07,6.970000000000000000e+07
6.389551478277684003e+07,-1.565055080000000180e-09,5.016000000000000369e+01,6.307000000000000000e+07,6.970000000000000000e+07
6.389608309087537974e+07,-1.565041160000000210e-09,5.016499999999999915e+01,6.307000000000000000e+07,6.970000000000000000e+07
6.387407833537406474e+07,-1.565580320000000066e-09,5.017000000000000171e+01,6.307000000000000000e+07,6.970000000000000000e+07
6.388970653515540808e+07,-1.565197360000000164e-09,5.017500000000000426e+01,6.307000000000000000e+07,6.970000000000000000e+07
6.388004859994097799e+07,-1.565434000000000077e-09,5.017999999999999972e+01,6.307000000000000000e+07,6.970000000000000000e+07
6.384836045040242374e+07,-1.566210930000000123e-09,5.018500000000000227e+01,6.307000000000000000e+07,6.970000000000000000e+07
6.385614936218977720e+07,-1.566019890000000064e-09,5.018999999999999773e+01,6.307000000000000000e+07,6.970000000000000000e+07
6.387008966830467433e+07,-1.565678090000000089e-09,5.019500000000000028e+01,6.307000000000000000e+07,6.970000000000000000e+07
6.385919017913090438e+07,-1.565945319999999992e-09,5.020000000000000284e+01,6.307000000000000000e+07,6.970000000000000000e+07
6.388447234236761928e+07,-1.565325600000000057e-09,5.020499999999999829e+01,6.307000000000000000e+07,6.970000000000000000e+07
6.393631983463715017e+07,-1.564056240000000078e-09,5.021000000000000085e+01,6.307000000000000000e+07,6.970000000000000000e+07
6.395342798815868795e+07,-1.563637840000000087e-09,5.021500000000000341e+01,6.307000000000000000e+07,6.970000000000000000e+07
6.395001748489402980e+07,-1.563721230000000158e-09,5.021999999999999886e+01,6.307000000000000000e+07,6.970000000000000000e+07
6.397584231249740720e+07,-1.563090010000000072e-09,5.022500000000000142e+01,6.307000000000000000e+07,6.970000000000000000e+07
6.399088687862513214e+07,-1.562722520000000014e-09,5.023000000000000398e+01,6.307000000000000000e+07,6.970000000000000000e+07
6.398214846872003376e+07,-1.562935950000000138e-09,5.023499999999999943e+01,6.307000000000000000e+07,6.970000000000000000e+07
6.401239648707393557e+07,-1.562197410000000087e-09,5.024000000000000199e+01,6.307000000000000000e+07,6.970000000000000000e+07
6.404470299774938077e+07,-1.561409380000000018e-09,5.024500000000000455e+01,6.307000000000000000e+07,6.970000000000000000e+07
6.403132596876611561e+07,-1.561735579999999983e-09,5.025000000000000000e+01,6.307000000000000000e+07,6.970000000000000000e+07
6.403789650008176267e+07,-1.561575340000000230e-09,5.025500000000000256e+01,6.307000000000000000e+07,6.970000000000000000e+07
6.407043852755368501e+07,-1.560782200000000144e-09,5.025999999999999801e+01,6.307000000000000000e+07,6.970000000000000000e+07
6.406198206888466328e+07,-1.560988229999999977e-09,5.026500000000000057e+01,6.307000000000000000e+07,6.970000000000000000e+07
6.404051623162599653e+07,-1.561511460000000008e-09,5.027000000000000313e+01,6.307000000000000000e+07,6.970000000000000000e+07
6.406519438187196851e+07,-1.560909960000000173e-09,5.027499999999999858e+01,6.307000000000000000e+07,6.970000000000000000e+07
6.406619093334241211e+07,-1.560885679999999961e-09,5.028000000000000114e+01,6.307000000000000000e+07,6.970000000000000000e+07
6.403810605431430787e+07,-1.561570230000000214e-09,5.028500000000000369e+01,6.307000000000000000e+07,6.970000000000000000e+07
6.404057980009873956e+07,-1.561509910000000135e-09,5.028999999999999915e+01,6.307000000000000000e+07,6.970000000000000000e+07
6.404351680114416778e+07,-1.561438300000000220e-09,5.029500000000000171e+01,6.307000000000000000e+07,6.970000000000000000e+07
6.399615736353033781e+07,-1.562593820000000141e-09,5.030000000000000426e+01,6.307000000000000000e+07,6.970000000000000000e+07
6.396744353932785988e+07,-1.563295240000000064e-09,5.030499999999999972e+01,6.307000000000000000e+07,6.970000000000000000e+07
6.396759493753800541e+07,-1.563291540000000125e-09,5.031000000000000227e+01,6.307000000000000000e+07,6.970000000000000000e+07
6.392408191929908097e+07,-1.564355670000000112e-09,5.031499999999999773e+01,6.307000000000000000e+07,6.970000000000000000e+07
6.388567183715341985e+07,-1.565296210000000242e-09,5.032000000000000028e+01,6.307000000000000000e+07,6.970000000000000000e+07
6.389446066334334016e+07,-1.565080900000000222e-09,5.032500000000000284e+01,6.307000000000000000e+07,6.970000000000000000e+07
6.387818012010235339e+07,-1.565479789999999949e-09,5.032999999999999829e+01,6.307000000000000000e+07,6.970000000000000000e+07
6.383507345722132921e+07,-1.566536930000000231e-09,5.033500000000000085e+01,6.307000000000000000e+07,6.970000000000000000e+07
6.384049926232621819e+07,-1.566403790000000224e-09,5.034000000000000341e+01,6.307000000000000000e+07,6.970000000000000000e+07
6.385789054820140451e+07,-1.565977190000000101e-09,5.034499999999999886e+01,6.307000000000000000e+07,6.970000000000000000e+07
6.384194898949111253e+07,-1.566368220000000177e-09,5.035000000000000142e+01,6.307000000000000000e+07,6.970000000000000000e+07
6.386207222908934206e+07,-1.565874650000000129e-09,5.035500000000000398e+01,6.307000000000000000e+07,6.970000000000000000e+07
6.391472405479405820e+07,-1.564584710000000290e-09,5.035999999999999943e+01,6.307000000000000000e+07,6.970000000000000000e+07
6.392809654098942131e+07,-1.564257430000000064e-09,5.036500000000000199e+01,6.307000000000000000e+07,6.970000000000000000e+07
6.393260950580342859e+07,-1.564147009999999937e-09,5.037000000000000455e+01,6.307000000000000000e+07,6.970000000000000000e+07
6.396119019187385589e+07,-1.563448079999999940e-09,5.037500000000000000e+01,6.307000000000000000e+07,6.970000000000000000e+07
6.395521824919686466e+07,-1.563594070000000113e-09,5.038000000000000256e+01,6.307000000000000000e+07,6.970000000000000000e+07
6.391965800119367987e+07,-1.564463940000000173e-09,5.038499999999999801e+01,6.307000000000000000e+07,6.970000000000000000e+07
6.393222447706205398e+07,-1.564156430000000128e-09,5.039000000000000057e+01,6.307000000000000000e+07,6.970000000000000000e+07
6.394744359127257764e+07,-1.563784169999999914e-09,5.039500000000000313e+01,6.307000000000000000e+07,6.970000000000000000e+07
6.391747139721917361e+07,-1.564517460000000153e-09,5.039999999999999858e+01,6.307000000000000000e+07,6.970000000000000000e+07
6.393227393378516287e+07,-1.564155220000000114e-09,5.040500000000000114e+01,6.307000000000000000e+07,6.970000000000000000e+07
6.398316700130609423e+07,-1.562911070000000148e-09,5.041000000000000369e+01,6.307000000000000000e+07,6.970000000000000000e+07
6.398377535255524516e+07,-1.562896209999999919e-09,5.041499999999999915e+01,6.307000000000000000e+07,6.970000000000000000e+07
6.397519031883405149e+07,-1.563105940000000104e-09,5.042000000000000171e+01,6.307000000000000000e+07,6.970000000000000000e+07
6.401981766746201366e+07,-1.562016320000000098e-09,5.042500000000000426e+01,6.307000000000000000e+07,6.970000000000000000e+07
6.403677985750240833e+07,-1.561602570000000142e-09,5.042999999999999972e+01,6.307000000000000000e+07,6.970000000000000000e+07
6.401550178906363249e+07,-1.562121630000000208e-09,5.043500000000000227e+01,6.307000000000000000e+07,6.970000000000000000e+07
6.402555613366363943e+07,-1.561876320000000138e-09,5.043999999999999773e+01,6.307000000000000000e+07,6.970000000000000000e+07
6.402961958978527784e+07,-1.561777200000000098e-09,5.044500000000000028e+01,6.307000000000000000e+07,6.970000000000000000e+07
6.399907677491807938e+07,-1.562522540000000042e-09,5.045000000000000284e+01,6.307000000000000000e+07,6.970000000000000000e+07
6.398390185504174978e+07,-1.562893120000000216e-09,5.045499999999999829e+01,6.307000000000000000e+07,6.970000000000000000e+07
6.398970308413027227e+07,-1.562751430000000172e-09,5.046000000000000085e+01,6.307000000000000000e+07,6.970000000000000000e+07
6.396439813240076602e+07,-1.563369670000000132e-09,5.046500000000000341e+01,6.307000000000000000e+07,6.970000000000000000e+07
6.393444274765274674e+07,-1.564102160000000116e-09,5.046999999999999886e+01,6.307000000000000000e+07,6.970000000000000000e+07
6.394289050716124475e+07,-1.563895520000000047e-09,5.047500000000000142e+01,6.307000000000000000e+07,6.970000000000000000e+07
6.391407330627194047e+07,-1.564600640000000116e-09,5.048000000000000398e+01,6.307000000000000000e+07,6.970000000000000000e+07
6.386110689485891908e+07,-1.565898320000000106e-09,5.048499999999999943e+01,6.307000000000000000e+07,6.970000000000000000e+07
6.386241236648101360e+07,-1.565866310000000200e-09,5.049000000000000199e+01,6.307000000000000000e+07,6.970000000000000000e+07
6.386781834564377367e+07,-1.565733770000000178e-09,5.049500000000000455e+01,6.307000000000000000e+07,6.970000000000000000e+07
6.384307841211359203e+07,-1.566340510000000194e-09,5.050000000000000000e+01,6.307000000000000000e+07,6.970000000000000000e+07
6.384223959495827556e+07,-1.566361090000000055e-09,5.050500000000000256e+01,6.307000000000000000e+07,6.970000000000000000e+07
6.386807084282185137e+07,-1.565727579999999900e-09,5.050999999999999801e+01,6.307000000000000000e+07,6.970000000000000000e+07
6.385877341064228863e+07,-1.565955540000000231e-09,5.051500000000000057e+01,6.307000000000000000e+07,6.970000000000000000e+07
6.384655130075823516e+07,-1.566255310000000125e-09,5.052000000000000313e+01,6.307000000000000000e+07,6.970000000000000000e+07
6.387794672082272917e+07,-1.565485510000000201e-09,5.052499999999999858e+01,6.307000000000000000e+07,6.970000000000000000e+07
6.387776310370706022e+07,-1.565490010000000188e-09,5.053000000000000114e+01,6.307000000000000000e+07,6.970000000000000000e+07
6.385648372778110951e+07,-1.566011690000000138e-09,5.053500000000000369e+01,6.307000000000000000e+07,6.970000000000000000e+07
6.386970008909312636e+07,-1.565687640000000031e-09,5.053999999999999915e+01,6.307000000000000000e+07,6.970000000000000000e+07
6.388644853303234279e+07,-1.565277180000000049e-09,5.054500000000000171e+01,6.307000000000000000e+07,6.970000000000000000e+07
6.385312228965445608e+07,-1.566094130000000114e-09,5.055000000000000426e+01,6.307000000000000000e+07,6.970000000000000000e+07
6.383016356038983911e+07,-1.566657430000000179e-09,5.055499999999999972e+01,6.307000000000000000e+07,6.970000000000000000e+07
6.383025115774032474e+07,-1.566655280000000114e-09,5.056000000000000227e+01,6.307000000000000000e+07,6.970000000000000000e+07
6.379939510262317955e+07,-1.567412980000000111e-09,5.056499999999999773e+01,6.307000000000000000e+07,6.970000000000000000e+07
6.376998238775118440e+07,-1.568135920000000152e-09,5.057000000000000028e+01,6.307000000000000000e+07,6.970000000000000000e+07
6.376580665872012824e+07,-1.568238610000000172e-09,5.057500000000000284e+01,6.307000000000000000e+07,6.970000000000000000e+07
6.372890559682352096e+07,-1.569146670000000163e-09,5.057999999999999829e+01,6.307000000000000000e+07,6.970000000000000000e+07
6.368234837065686285e+07,-1.570293850000000155e-09,5.058500000000000085e+01,6.307000000000000000e+07,6.970000000000000000e+07
6.368665189042936265e+07,-1.570187739999999996e-09,5.059000000000000341e+01,6.307000000000000000e+07,6.970000000000000000e+07
6.369034792266478390e+07,-1.570096620000000025e-09,5.059499999999999886e+01,6.307000000000000000e+07,6.970000000000000000e+07
6.365600255479546636e+07,-1.570943760000000160e-09,5.060000000000000142e+01,6.307000000000000000e+07,6.970000000000000000e+07
6.364495564751700312e+07,-1.571216430000000101e-09,5.060500000000000398e+01,6.307000000000000000e+07,6.970000000000000000e+07
6.363927386035726219e+07,-1.571356710000000275e-09,5.060999999999999943e+01,6.307000000000000000e+07,6.970000000000000000e+07
6.358001463459344208e+07,-1.572821280000000277e-09,5.061500000000000199e+01,6.307000000000000000e+07,6.970000000000000000e+07
6.351986180009075254e+07,-1.574310730000000269e-09,5.062000000000000455e+01,6.307000000000000000e+07,6.970000000000000000e+07
6.350705276939459890e+07,-1.574628260000000076e-09,5.062500000000000000e+01,6.307000000000000000e+07,6.970000000000000000e+07
6.347233870718715340e+07,-1.575489450000000140e-09,5.063000000000000256e+01,6.307000000000000000e+07,6.970000000000000000e+07
6.341960970861884952e+07,-1.576799360000000224e-09,5.063499999999999801e+01,6.307000000000000000e+07,6.970000000000000000e+07
6.340827157478646189e+07,-1.577081310000000146e-09,5.064000000000000057e+01,6.307000000000000000e+07,6.970000000000000000e+07
6.338815481144523621e+07,-1.577581810000000252e-09,5.064500000000000313e+01,6.307000000000000000e+07,6.970000000000000000e+07
6.333626151648784429e+07,-1.578874370000000181e-09,5.064999999999999858e+01,6.307000000000000000e+07,6.970000000000000000e+07
6.332051194279310852e+07,-1.579267080000000089e-09,5.065500000000000114e+01,6.307000000000000000e+07,6.970000000000000000e+07
6.334572561540499330e+07,-1.578638480000000094e-09,5.066000000000000369e+01,6.307000000000000000e+07,6.970000000000000000e+07
6.333314073725234717e+07,-1.578952170000000166e-09,5.066499999999999915e+01,6.307000000000000000e+07,6.970000000000000000e+07
6.330865650534873456e+07,-1.579562820000000230e-09,5.067000000000000171e+01,6.307000000000000000e+07,6.970000000000000000e+07
6.333555470124337077e+07,-1.578891990000000090e-09,5.067500000000000426e+01,6.307000000000000000e+07,6.970000000000000000e+07
6.333935813085250556e+07,-1.578797180000000018e-09,5.067999999999999972e+01,6.307000000000000000e+07,6.970000000000000000e+07
6.332801618643829226e+07,-1.579079940000000033e-09,5.068500000000000227e+01,6.307000000000000000e+07,6.970000000000000000e+07
6.335507935188843310e+07,-1.578405410000000162e-09,5.068999999999999773e+01,6.307000000000000000e+07,6.970000000000000000e+07
6.337459154442003369e+07,-1.577919440000000262e-09,5.069500000000000028e+01,6.307000000000000000e+07,6.970000000000000000e+07
6.335029959940437227e+07,-1.578524500000000239e-09,5.070000000000000284e+01,6.307000000000000000e+07,6.970000000000000000e+07
6.334812729600932449e+07,-1.578578630000000041e-09,5.070499999999999829e+01,6.307000000000000000e+07,6.970000000000000000e+07
6.337482087819845974e+07,-1.577913730000000055e-09,5.071000000000000085e+01,6.307000000000000000e+07,6.970000000000000000e+07
6.337426180471582711e+07,-1.577927650000000025e-09,5.071500000000000341e+01,6.307000000000000000e+07,6.970000000000000000e+07
6.338875752590155602e+07,-1.577566810000000019e-09,5.071999999999999886e+01,6.307000000000000000e+07,6.970000000000000000e+07
6.345318341004337370e+07,-1.575965060000000005e-09,5.072500000000000142e+01,6.307000000000000000e+07,6.970000000000000000e+07
6.348877376582410932e+07,-1.575081610000000041e-09,5.073000000000000398e+01,6.307000000000000000e+07,6.970000000000000000e+07
6.349958748762980849e+07,-1.574813380000000026e-09,5.073499999999999943e+01,6.307000000000000000e+07,6.970000000000000000e+07
6.357174936809839308e+07,-1.573025770000000281e-09,5.074000000000000199e+01,6.307000000000000000e+07,6.970000000000000000e+07
6.368040425135727972e+07,-1.570341790000000092e-09,5.074500000000000455e+01,6.307000000000000000e+07,6.970000000000000000e+07
6.374512922670764476e+07,-1.568747310000000203e-09,5.075000000000000000e+01,6.307000000000000000e+07,6.970000000000000000e+07
6.383033345872589201e+07,-1.566653260000000215e-09,5.075500000000000256e+01,6.307000000000000000e+07,6.970000000000000000e+07
6.391805929789578170e+07,-1.564503070000000157e-09,5.075999999999999801e+01,6.307000000000000000e+07,6.970000000000000000e+07
6.395903347155307233e+07,-1.563500800000000077e-09,5.076500000000000057e+01,6.307000000000000000e+07,6.970000000000000000e+07
6.400523593552464992e+07,-1.562372180000000253e-09,5.077000000000000313e+01,6.307000000000000000e+07,6.970000000000000000e+07
6.408078361929586530e+07,-1.560530229999999977e-09,5.077499999999999858e+01,6.307000000000000000e+07,6.970000000000000000e+07
6.411914095560180396e+07,-1.559596690000000011e-09,5.078000000000000114e+01,6.307000000000000000e+07,6.970000000000000000e+07
6.414109398665057123e+07,-1.559062900000000088e-09,5.078500000000000369e+01,6.307000000000000000e+07,6.970000000000000000e+07
6.420986454864863306e+07,-1.557393100000000095e-09,5.078999999999999915e+01,6.307000000000000000e+07,6.970000000000000000e+07
6.427425134026918560e+07,-1.555832980000000033e-09,5.079500000000000171e+01,6.307000000000000000e+07,6.970000000000000000e+07
6.430377266826145351e+07,-1.555118709999999943e-09,5.080000000000000426e+01,6.307000000000000000e+07,6.970000000000000000e+07
6.435275523940505832e+07,-1.553935020000000059e-09,5.080499999999999972e+01,6.307000000000000000e+07,6.970000000000000000e+07
6.441124923402141780e+07,-1.552523840000000284e-09,5.081000000000000227e+01,6.307000000000000000e+07,6.970000000000000000e+07
6.442803429481071234e+07,-1.552119370000000101e-09,5.081499999999999773e+01,6.307000000000000000e+07,6.970000000000000000e+07
6.445044778882115334e+07,-1.551579600000000009e-09,5.082000000000000028e+01,6.307000000000000000e+07,6.970000000000000000e+07
6.451492655727209151e+07,-1.550028890000000300e-09,5.082500000000000284e+01,6.307000000000000000e+07,6.970000000000000000e+07
6.454411452748990059e+07,-1.549327939999999989e-09,5.082999999999999829e+01,6.307000000000000000e+07,6.970000000000000000e+07
6.454455986983943731e+07,-1.549317250000000138e-09,5.083500000000000085e+01,6.307000000000000000e+07,6.970000000000000000e+07
6.459811070293215662e+07,-1.548032890000000134e-09,5.084000000000000341e+01,6.307000000000000000e+07,6.970000000000000000e+07
6.464001224126695842e+07,-1.547029410000000042e-09,5.084499999999999886e+01,6.307000000000000000e+07,6.970000000000000000e+07
6.463729852909553796e+07,-1.547094360000000066e-09,5.085000000000000142e+01,6.307000000000000000e+07,6.970000000000000000e+07
6.465399345379608870e+07,-1.546694870000000148e-09,5.085500000000000398e+01,6.307000000000000000e+07,6.970000000000000000e+07
6.469018737189321220e+07,-1.545829500000000075e-09,5.085999999999999943e+01,6.307000000000000000e+07,6.970000000000000000e+07
6.468097831195699424e+07,-1.546049590000000088e-09,5.086500000000000199e+01,6.307000000000000000e+07,6.970000000000000000e+07
6.468970863198900968e+07,-1.545840939999999958e-09,5.087000000000000455e+01,6.307000000000000000e+07,6.970000000000000000e+07
6.473642960814087838e+07,-1.544725290000000008e-09,5.087500000000000000e+01,6.307000000000000000e+07,6.970000000000000000e+07
6.475652866256061196e+07,-1.544245840000000202e-09,5.088000000000000256e+01,6.307000000000000000e+07,6.970000000000000000e+07
6.476009577189236134e+07,-1.544160779999999929e-09,5.088499999999999801e+01,6.307000000000000000e+07,6.970000000000000000e+07
6.480974267233343422e+07,-1.542977890000000093e-09,5.089000000000000057e+01,6.307000000000000000e+07,6.970000000000000000e+07
6.485370932573965192e+07,-1.541931850000000248e-09,5.089500000000000313e+01,6.307000000000000000e+07,6.970000000000000000e+07
6.485158830748690665e+07,-1.541982280000000111e-09,5.089999999999999858e+01,6.307000000000000000e+07,6.970000000000000000e+07
6.487756066703942418e+07,-1.541364979999999995e-09,5.090500000000000114e+01,6.307000000000000000e+07,6.970000000000000000e+07
6.491109208855494857e+07,-1.540568750000000207e-09,5.091000000000000369e+01,6.307000000000000000e+07,6.970000000000000000e+07
6.488467692748189718e+07,-1.541195930000000081e-09,5.091499999999999915e+01,6.307000000000000000e+07,6.970000000000000000e+07
6.485767793298580498e+07,-1.541837500000000157e-09,5.092000000000000171e+01,6.307000000000000000e+07,6.970000000000000000e+07
6.486847365584252030e+07,-1.541580900000000044e-09,5.092500000000000426e+01,6.307000000000000000e+07,6.970000000000000000e+07
6.484133257834679633e+07,-1.542226170000000059e-09,5.092999999999999972e+01,6.307000000000000000e+07,6.970000000000000000e+07
6.479408478731043637e+07,-1.543350760000000129e-09,5.093500000000000227e+01,6.307000000000000000e+07,6.970000000000000000e+07
6.479387571396858245e+07,-1.543355739999999980e-09,5.093999999999999773e+01,6.307000000000000000e+07,6.970000000000000000e+07
6.479080442254255712e+07,-1.543428900000000181e-09,5.094500000000000028e+01,6.307000000000000000e+07,6.970000000000000000e+07
6.475205376679013669e+07,-1.544352560000000182e-09,5.095000000000000284e+01,6.307000000000000000e+07,6.970000000000000000e+07
6.473622090670884401e+07,-1.544730270000000065e-09,5.095499999999999829e+01,6.307000000000000000e+07,6.970000000000000000e+07
6.473637051783981919e+07,-1.544726700000000085e-09,5.096000000000000085e+01,6.307000000000000000e+07,6.970000000000000000e+07
6.469572854862702638e+07,-1.545697100000000055e-09,5.096500000000000341e+01,6.307000000000000000e+07,6.970000000000000000e+07
6.466674622832011431e+07,-1.546389850000000027e-09,5.096999999999999886e+01,6.307000000000000000e+07,6.970000000000000000e+07
6.467677278322754055e+07,-1.546150120000000205e-09,5.097500000000000142e+01,6.307000000000000000e+07,6.970000000000000000e+07
6.464610732979868352e+07,-1.546883550000000033e-09,5.098000000000000398e+01,6.307000000000000000e+07,6.970000000000000000e+07
6.459529076946794987e+07,-1.548100470000000087e-09,5.098499999999999943e+01,6.307000000000000000e+07,6.970000000000000000e+07
6.459503290680909902e+07,-1.548106650000000114e-09,5.099000000000000199e+01,6.307000000000000000e+07,6.970000000000000000e+07
6.458334612890879065e+07,-1.548386790000000037e-09,5.099500000000000455e+01,6.307000000000000000e+07,6.970000000000000000e+07
6.454771743586051464e+07,-1.549241460000000008e-09,5.100000000000000000e+01,6.307000000000000000e+07,6.970000000000000000e+07
6.455149992252529413e+07,-1.549150679999999897e-09,5.100500000000000256e+01,6.307000000000000000e+07,6.970000000000000000e+07
6.457196920485302806e+07,-1.548659599999999982e-09,5.100999999999999801e+01,6.307000000000000000e+07,6.970000000000000000e+07
6.455506406557529420e+07,-1.549065150000000013e-09,5.101500000000000057e+01,6.307000000000000000e+07,6.970000000000000000e+07
6.453720188596549630e+07,-1.549493889999999950e-09,5.102000000000000313e+01,6.307000000000000000e+07,6.970000000000000000e+07
6.455410308751881868e+07,-1.549088210000000167e-09,5.102499999999999858e+01,6.307000000000000000e+07,6.970000000000000000e+07
6.454536391789584607e+07,-1.549297949999999983e-09,5.103000000000000114e+01,6.307000000000000000e+07,6.970000000000000000e+07
6.456999540532826632e+07,-1.548706940000000142e-09,5.103500000000000369e+01,6.307000000000000000e+07,6.970000000000000000e+07
6.467246365624195337e+07,-1.546253140000000040e-09,5.103999999999999915e+01,6.307000000000000000e+07,6.970000000000000000e+07
6.477499246893549711e+07,-1.543805660000000175e-09,5.104500000000000171e+01,6.307000000000000000e+07,6.970000000000000000e+07
6.485269401236283034e+07,-1.541955990000000043e-09,5.105000000000000426e+01,6.307000000000000000e+07,6.970000000000000000e+07
6.497374583111391962e+07,-1.539083189999999966e-09,5.105499999999999972e+01,6.307000000000000000e+07,6.970000000000000000e+07
6.511243374142464250e+07,-1.535804980000000068e-09,5.106000000000000227e+01,6.307000000000000000e+07,6.970000000000000000e+07
6.520950251390131563e+07,-1.533518830000000056e-09,5.106499999999999773e+01,6.307000000000000000e+07,6.970000000000000000e+07
6.531688965831023455e+07,-1.530997580000000166e-09,5.107000000000000028e+01,6.307000000000000000e+07,6.970000000000000000e+07
6.546180504970400780e+07,-1.527608349999999951e-09,5.107500000000000284e+01,6.307000000000000000e+07,6.970000000000000000e+07
6.557907831189248711e+07,-1.524876570000000035e-09,5.107999999999999829e+01,6.307000000000000000e+07,6.970000000000000000e+07
6.567078712985753268e+07,-1.522747090000000002e-09,5.108500000000000085e+01,6.307000000000000000e+07,6.970000000000000000e+07
6.577919049260207266e+07,-1.520237620000000063e-09,5.109000000000000341e+01,6.307000000000000000e+07,6.970000000000000000e+07
6.585272782873982191e+07,-1.518539979999999922e-09,5.109499999999999886e+01,6.307000000000000000e+07,6.970000000000000000e+07
6.588329973845054954e+07,-1.517835330000000086e-09,5.110000000000000142e+01,6.307000000000000000e+07,6.970000000000000000e+07
6.592848736975003779e+07,-1.516795000000000034e-09,5.110500000000000398e+01,6.307000000000000000e+07,6.970000000000000000e+07
6.595177579772959650e+07,-1.516259400000000113e-09,5.110999999999999943e+01,6.307000000000000000e+07,6.970000000000000000e+07
6.591071601269274950e+07,-1.517203969999999997e-09,5.111500000000000199e+01,6.307000000000000000e+07,6.970000000000000000e+07
6.586830634661617130e+07,-1.518180830000000000e-09,5.112000000000000455e+01,6.307000000000000000e+07,6.970000000000000000e+07
6.584602155440542847e+07,-1.518694640000000254e-09,5.112500000000000000e+01,6.307000000000000000e+07,6.970000000000000000e+07
6.577207177869308740e+07,-1.520402159999999946e-09,5.113000000000000256e+01,6.307000000000000000e+07,6.970000000000000000e+07
6.568947399291647971e+07,-1.522313910000000139e-09,5.113499999999999801e+01,6.307000000000000000e+07,6.970000000000000000e+07
6.566226212310691178e+07,-1.522944789999999951e-09,5.114000000000000057e+01,6.307000000000000000e+07,6.970000000000000000e+07
6.562113604295034707e+07,-1.523899250000000051e-09,5.114500000000000313e+01,6.307000000000000000e+07,6.970000000000000000e+07
6.554111210775110871e+07,-1.525759890000000040e-09,5.114999999999999858e+01,6.307000000000000000e+07,6.970000000000000000e+07
6.550026459159382433e+07,-1.526711390000000189e-09,5.115500000000000114e+01,6.307000000000000000e+07,6.970000000000000000e+07
6.547322079796142876e+07,-1.527342000000000039e-09,5.116000000000000369e+01,6.307000000000000000e+07,6.970000000000000000e+07
6.539419802402929217e+07,-1.529187650000000047e-09,5.116499999999999915e+01,6.307000000000000000e+07,6.970000000000000000e+07
6.532674244860583544e+07,-1.530766670000000136e-09,5.117000000000000171e+01,6.307000000000000000e+07,6.970000000000000000e+07
6.530198662095510215e+07,-1.531346980000000082e-09,5.117500000000000426e+01,6.307000000000000000e+07,6.970000000000000000e+07
6.525542244826989621e+07,-1.532439700000000250e-09,5.117999999999999972e+01,6.307000000000000000e+07,6.970000000000000000e+07
6.520253802444121987e+07,-1.533682629999999951e-09,5.118500000000000227e+01,6.307000000000000000e+07,6.970000000000000000e+07
6.520700354517436028e+07,-1.533577600000000261e-09,5.118999999999999773e+01,6.307000000000000000e+07,6.970000000000000000e+07
6.518668129195047915e+07,-1.534055700000000051e-09,5.119500000000000028e+01,6.307000000000000000e+07,6.970000000000000000e+07
6.512801174476881325e+07,-1.535437630000000221e-09,5.120000000000000284e+01,6.307000000000000000e+07,6.970000000000000000e+07
6.510142528633625060e+07,-1.536064680000000135e-09,5.120499999999999829e+01,6.307000000000000000e+07,6.970000000000000000e+07
6.508834375809942931e+07,-1.536373400000000194e-09,5.121000000000000085e+01,6.307000000000000000e+07,6.970000000000000000e+07
6.503347409481956065e+07,-1.537669660000000063e-09,5.121500000000000341e+01,6.307000000000000000e+07,6.970000000000000000e+07
6.499997247251165658e+07,-1.538462190000000119e-09,5.121999999999999886e+01,6.307000000000000000e+07,6.970000000000000000e+07
6.502804532790303975e+07,-1.537798030000000121e-09,5.122500000000000142e+01,6.307000000000000000e+07,6.970000000000000000e+07
6.503319284407782555e+07,-1.537676310000000115e-09,5.123000000000000398e+01,6.307000000000000000e+07,6.970000000000000000e+07
6.501779924021109939e+07,-1.538040370000000196e-09,5.123499999999999943e+01,6.307000000000000000e+07,6.970000000000000000e+07
6.503489349658218771e+07,-1.537636100000000077e-09,5.124000000000000199e+01,6.307000000000000000e+07,6.970000000000000000e+07
6.501902729818659276e+07,-1.538011320000000241e-09,5.124500000000000455e+01,6.307000000000000000e+07,6.970000000000000000e+07
6.495699002819262445e+07,-1.539480200000000211e-09,5.125000000000000000e+01,6.307000000000000000e+07,6.970000000000000000e+07
6.492128518150177598e+07,-1.540326869999999907e-09,5.125500000000000256e+01,6.307000000000000000e+07,6.970000000000000000e+07
6.488808848710761964e+07,-1.541114899999999976e-09,5.125999999999999801e+01,6.307000000000000000e+07,6.970000000000000000e+07
6.481625925715536624e+07,-1.542822760000000149e-09,5.126500000000000057e+01,6.307000000000000000e+07,6.970000000000000000e+07
6.475893409074000269e+07,-1.544188480000000280e-09,5.127000000000000313e+01,6.307000000000000000e+07,6.970000000000000000e+07
6.472788610284388810e+07,-1.544929180000000027e-09,5.127499999999999858e+01,6.307000000000000000e+07,6.970000000000000000e+07
6.465543563387481868e+07,-1.546660369999999903e-09,5.128000000000000114e+01,6.307000000000000000e+07,6.970000000000000000e+07
6.457031769261378050e+07,-1.548699210000000242e-09,5.128500000000000369e+01,6.307000000000000000e+07,6.970000000000000000e+07
6.453390250170253962e+07,-1.549573110000000263e-09,5.128999999999999915e+01,6.307000000000000000e+07,6.970000000000000000e+07
6.447609977366954833e+07,-1.550962300000000101e-09,5.129500000000000171e+01,6.307000000000000000e+07,6.970000000000000000e+07
6.438402091357822716e+07,-1.553180409999999972e-09,5.130000000000000426e+01,6.307000000000000000e+07,6.970000000000000000e+07
6.432615811705448478e+07,-1.554577529999999980e-09,5.130499999999999972e+01,6.307000000000000000e+07,6.970000000000000000e+07
6.429622722405005246e+07,-1.555301210000000216e-09,5.131000000000000227e+01,6.307000000000000000e+07,6.970000000000000000e+07
6.422612322417578846e+07,-1.556998850000000150e-09,5.131499999999999773e+01,6.307000000000000000e+07,6.970000000000000000e+07
6.416379240146319568e+07,-1.558511370000000135e-09,5.132000000000000028e+01,6.307000000000000000e+07,6.970000000000000000e+07
6.413963023041366786e+07,-1.559098480000000180e-09,5.132500000000000284e+01,6.307000000000000000e+07,6.970000000000000000e+07
6.406995003376806527e+07,-1.560794100000000215e-09,5.132999999999999829e+01,6.307000000000000000e+07,6.970000000000000000e+07
6.397799484544650465e+07,-1.563037420000000100e-09,5.133500000000000085e+01,6.307000000000000000e+07,6.970000000000000000e+07
6.392660448457659781e+07,-1.564293940000000163e-09,5.134000000000000341e+01,6.307000000000000000e+07,6.970000000000000000e+07
6.386011712111516297e+07,-1.565922590000000067e-09,5.134499999999999886e+01,6.307000000000000000e+07,6.970000000000000000e+07
6.376775070992636681e+07,-1.568190800000000193e-09,5.135000000000000142e+01,6.307000000000000000e+07,6.970000000000000000e+07
6.371537110199155658e+07,-1.569479990000000206e-09,5.135500000000000398e+01,6.307000000000000000e+07,6.970000000000000000e+07
6.367164380477930605e+07,-1.570557849999999938e-09,5.135999999999999943e+01,6.307000000000000000e+07,6.970000000000000000e+07
6.359678822228184342e+07,-1.572406450000000059e-09,5.136500000000000199e+01,6.307000000000000000e+07,6.970000000000000000e+07
6.355695857682851702e+07,-1.573391840000000010e-09,5.137000000000000455e+01,6.307000000000000000e+07,6.970000000000000000e+07
6.356147060013438016e+07,-1.573280150000000016e-09,5.137500000000000000e+01,6.307000000000000000e+07,6.970000000000000000e+07
6.353279507290467620e+07,-1.573990250000000142e-09,5.138000000000000256e+01,6.307000000000000000e+07,6.970000000000000000e+07
6.348766490540032834e+07,-1.575109120000000167e-09,5.138499999999999801e+01,6.307000000000000000e+07,6.970000000000000000e+07
6.348558876817534119e+07,-1.575160630000000084e-09,5.139000000000000057e+01,6.307000000000000000e+07,6.970000000000000000e+07
6.346970281352560222e+07,-1.575554880000000235e-09,5.139500000000000313e+01,6.307000000000000000e+07,6.970000000000000000e+07
6.342625563087198138e+07,-1.576634140000000000e-09,5.139999999999999858e+01,6.307000000000000000e+07,6.970000000000000000e+07
6.341895774151951075e+07,-1.576815570000000056e-09,5.140500000000000114e+01,6.307000000000000000e+07,6.970000000000000000e+07
6.340118322965411097e+07,-1.577257630000000186e-09,5.141000000000000369e+01,6.307000000000000000e+07,6.970000000000000000e+07
6.333361244456337392e+07,-1.578940410000000098e-09,5.141499999999999915e+01,6.307000000000000000e+07,6.970000000000000000e+07
6.328625458307189494e+07,-1.580121950000000124e-09,5.142000000000000171e+01,6.307000000000000000e+07,6.970000000000000000e+07
6.327502573458571732e+07,-1.580402360000000010e-09,5.142500000000000426e+01,6.307000000000000000e+07,6.970000000000000000e+07
6.323105932903271168e+07,-1.581501260000000203e-09,5.142999999999999972e+01,6.307000000000000000e+07,6.970000000000000000e+07
6.318935838125798106e+07,-1.582544950000000127e-09,5.143500000000000227e+01,6.307000000000000000e+07,6.970000000000000000e+07
6.319253209360707551e+07,-1.582465470000000103e-09,5.143999999999999773e+01,6.307000000000000000e+07,6.970000000000000000e+07
6.317265133621401340e+07,-1.582963480000000283e-09,5.144500000000000028e+01,6.307000000000000000e+07,6.970000000000000000e+07
6.311926149656122178e+07,-1.584302440000000115e-09,5.145000000000000284e+01,6.307000000000000000e+07,6.970000000000000000e+07
6.309953669859273732e+07,-1.584797690000000202e-09,5.145499999999999829e+01,6.307000000000000000e+07,6.970000000000000000e+07
6.308562822393976897e+07,-1.585147090000000118e-09,5.146000000000000085e+01,6.307000000000000000e+07,6.970000000000000000e+07
6.303666302463942021e+07,-1.586378389999999917e-09,5.146500000000000341e+01,6.307000000000000000e+07,6.970000000000000000e+07
6.301151606659130007e+07,-1.587011490000000106e-09,5.146999999999999886e+01,6.307000000000000000e+07,6.970000000000000000e+07
6.301519013926205784e+07,-1.586918960000000057e-09,5.147500000000000142e+01,6.307000000000000000e+07,6.970000000000000000e+07
6.298136063482944667e+07,-1.587771350000000005e-09,5.148000000000000398e+01,6.307000000000000000e+07,6.970000000000000000e+07
6.294196748080591112e+07,-1.588765080000000091e-09,5.148499999999999943e+01,6.307000000000000000e+07,6.970000000000000000e+07
6.293866954563245922e+07,-1.588848330000000159e-09,5.149000000000000199e+01,6.307000000000000000e+07,6.970000000000000000e+07
6.291537873381302506e+07,-1.589436510000000215e-09,5.149500000000000455e+01,6.307000000000000000e+07,6.970000000000000000e+07
6.285592639741986990e+07,-1.590939880000000177e-09,5.150000000000000000e+01,6.307000000000000000e+07,6.970000000000000000e+07
6.282417865160904825e+07,-1.591743850000000117e-09,5.150500000000000256e+01,6.307000000000000000e+07,6.970000000000000000e+07
6.280693750357999653e+07,-1.592180800000000024e-09,5.150999999999999801e+01,6.307000000000000000e+07,6.970000000000000000e+07
6.276148671242360026e+07,-1.593333830000000019e-09,5.151500000000000057e+01,6.307000000000000000e+07,6.970000000000000000e+07
6.275188646446766704e+07,-1.593577590000000009e-09,5.152000000000000313e+01,6.307000000000000000e+07,6.970000000000000000e+07
6.278071967183814943e+07,-1.592845710000000054e-09,5.152499999999999858e+01,6.307000000000000000e+07,6.970000000000000000e+07
6.278043904407665879e+07,-1.592852830000000132e-09,5.153000000000000114e+01,6.307000000000000000e+07,6.970000000000000000e+07
6.277494799472207576e+07,-1.592992160000000210e-09,5.153500000000000369e+01,6.307000000000000000e+07,6.970000000000000000e+07
6.280624245312340558e+07,-1.592198419999999933e-09,5.153999999999999915e+01,6.307000000000000000e+07,6.970000000000000000e+07
6.281468153229706734e+07,-1.591984510000000153e-09,5.154500000000000171e+01,6.307000000000000000e+07,6.970000000000000000e+07
6.279431104891962558e+07,-1.592500950000000129e-09,5.155000000000000426e+01,6.307000000000000000e+07,6.970000000000000000e+07
6.281504216990493238e+07,-1.591975369999999969e-09,5.155499999999999972e+01,6.307000000000000000e+07,6.970000000000000000e+07
6.284397611046577990e+07,-1.591242410000000166e-09,5.156000000000000227e+01,6.307000000000000000e+07,6.970000000000000000e+07
6.284550850158013403e+07,-1.591203609999999999e-09,5.156499999999999773e+01,6.307000000000000000e+07,6.970000000000000000e+07
6.287636060357382894e+07,-1.590422840000000010e-09,5.157000000000000028e+01,6.307000000000000000e+07,6.970000000000000000e+07
6.293313216883502156e+07,-1.588988130000000055e-09,5.157500000000000284e+01,6.307000000000000000e+07,6.970000000000000000e+07
6.295771319907134771e+07,-1.588367730000000193e-09,5.157999999999999829e+01,6.307000000000000000e+07,6.970000000000000000e+07
6.296909892850333452e+07,-1.588080530000000045e-09,5.158500000000000085e+01,6.307000000000000000e+07,6.970000000000000000e+07
6.301527551403278112e+07,-1.586916809999999992e-09,5.159000000000000341e+01,6.307000000000000000e+07,6.970000000000000000e+07
6.304612881606476009e+07,-1.586140209999999968e-09,5.159499999999999886e+01,6.307000000000000000e+07,6.970000000000000000e+07
6.304240304527588934e+07,-1.586233950000000030e-09,5.160000000000000142e+01,6.307000000000000000e+07,6.970000000000000000e+07
6.308368813281771541e+07,-1.585195839999999941e-09,5.160500000000000398e+01,6.307000000000000000e+07,6.970000000000000000e+07
6.312101093752671778e+07,-1.584258530000000138e-09,5.160999999999999943e+01,6.307000000000000000e+07,6.970000000000000000e+07
6.311240929129528999e+07,-1.584474450000000187e-09,5.161500000000000199e+01,6.307000000000000000e+07,6.970000000000000000e+07
6.312364225385262817e+07,-1.584192490000000014e-09,5.162000000000000455e+01,6.307000000000000000e+07,6.970000000000000000e+07
6.316436835322141647e+07,-1.583171059999999990e-09,5.162500000000000000e+01,6.307000000000000000e+07,6.970000000000000000e+07
6.316155411783014983e+07,-1.583241600000000101e-09,5.163000000000000256e+01,6.307000000000000000e+07,6.970000000000000000e+07
6.314054584168425202e+07,-1.583768380000000023e-09,5.163499999999999801e+01,6.307000000000000000e+07,6.970000000000000000e+07
6.314821125776883215e+07,-1.583576130000000157e-09,5.164000000000000057e+01,6.307000000000000000e+07,6.970000000000000000e+07
6.312732104561291635e+07,-1.584100170000000074e-09,5.164500000000000313e+01,6.307000000000000000e+07,6.970000000000000000e+07
6.308605923884423077e+07,-1.585136260000000264e-09,5.164999999999999858e+01,6.307000000000000000e+07,6.970000000000000000e+07
6.309410513542354107e+07,-1.584934120000000182e-09,5.165500000000000114e+01,6.307000000000000000e+07,6.970000000000000000e+07
6.311422009515239298e+07,-1.584428989999999923e-09,5.166000000000000369e+01,6.307000000000000000e+07,6.970000000000000000e+07
6.308801022207459062e+07,-1.585087240000000064e-09,5.166499999999999915e+01,6.307000000000000000e+07,6.970000000000000000e+07
6.308405226390085369e+07,-1.585186690000000127e-09,5.167000000000000171e+01,6.307000000000000000e+07,6.970000000000000000e+07
6.310823957962743938e+07,-1.584579140000000017e-09,5.167500000000000426e+01,6.307000000000000000e+07,6.970000000000000000e+07
6.308839828392238170e+07,-1.585077490000000058e-09,5.167999999999999972e+01,6.307000000000000000e+07,6.970000000000000000e+07
6.305887544244550169e+07,-1.585819590000000252e-09,5.168500000000000227e+01,6.307000000000000000e+07,6.970000000000000000e+07
6.306930811776985228e+07,-1.585557270000000094e-09,5.168999999999999773e+01,6.307000000000000000e+07,6.970000000000000000e+07
6.306410327988012880e+07,-1.585688130000000284e-09,5.169500000000000028e+01,6.307000000000000000e+07,6.970000000000000000e+07
6.303926823815703392e+07,-1.586312830000000070e-09,5.170000000000000284e+01,6.307000000000000000e+07,6.970000000000000000e+07
6.305576325073041022e+07,-1.585897860000000056e-09,5.170499999999999829e+01,6.307000000000000000e+07,6.970000000000000000e+07
6.307826725538959354e+07,-1.585332070000000065e-09,5.171000000000000085e+01,6.307000000000000000e+07,6.970000000000000000e+07
6.305738074093153328e+07,-1.585857180000000199e-09,5.171500000000000341e+01,6.307000000000000000e+07,6.970000000000000000e+07
6.305733779764151573e+07,-1.585858260000000047e-09,5.171999999999999886e+01,6.307000000000000000e+07,6.970000000000000000e+07
6.308009440440768749e+07,-1.585286150000000026e-09,5.172500000000000142e+01,6.307000000000000000e+07,6.970000000000000000e+07
6.305758909624312073e+07,-1.585851940000000017e-09,5.173000000000000398e+01,6.307000000000000000e+07,6.970000000000000000e+07
6.302982874039173871e+07,-1.586550399999999989e-09,5.173499999999999943e+01,6.307000000000000000e+07,6.970000000000000000e+07
6.304477621575798094e+07,-1.586174240000000187e-09,5.174000000000000199e+01,6.307000000000000000e+07,6.970000000000000000e+07
6.303533506851540506e+07,-1.586411810000000106e-09,5.174500000000000455e+01,6.307000000000000000e+07,6.970000000000000000e+07
6.300346740212882310e+07,-1.587214230000000172e-09,5.175000000000000000e+01,6.307000000000000000e+07,6.970000000000000000e+07
6.300827475700812042e+07,-1.587093130000000033e-09,5.175500000000000256e+01,6.307000000000000000e+07,6.970000000000000000e+07
6.300749544726740569e+07,-1.587112760000000003e-09,5.175999999999999801e+01,6.307000000000000000e+07,6.970000000000000000e+07
6.297022107390006632e+07,-1.588052230000000123e-09,5.176500000000000057e+01,6.307000000000000000e+07,6.970000000000000000e+07
6.295320642839868367e+07,-1.588481440000000086e-09,5.177000000000000313e+01,6.307000000000000000e+07,6.970000000000000000e+07
6.297459980602185428e+07,-1.587941810000000203e-09,5.177499999999999858e+01,6.307000000000000000e+07,6.970000000000000000e+07
6.296096754335050285e+07,-1.588285630000000078e-09,5.178000000000000114e+01,6.307000000000000000e+07,6.970000000000000000e+07
6.294082732671184838e+07,-1.588793860000000084e-09,5.178500000000000369e+01,6.307000000000000000e+07,6.970000000000000000e+07
6.297861900446460396e+07,-1.587840469999999994e-09,5.178999999999999915e+01,6.307000000000000000e+07,6.970000000000000000e+07
6.300128150906717777e+07,-1.587269300000000025e-09,5.179500000000000171e+01,6.307000000000000000e+07,6.970000000000000000e+07
6.299426520997636020e+07,-1.587446090000000091e-09,5.180000000000000426e+01,6.307000000000000000e+07,6.970000000000000000e+07
6.302507926727244258e+07,-1.586669960000000093e-09,5.180499999999999972e+01,6.307000000000000000e+07,6.970000000000000000e+07
6.305764555917918682e+07,-1.585850520000000102e-09,5.181000000000000227e+01,6.307000000000000000e+07,6.970000000000000000e+07
6.304349084215752035e+07,-1.586206580000000115e-09,5.181499999999999773e+01,6.307000000000000000e+07,6.970000000000000000e+07
6.304023312782532722e+07,-1.586288550000000064e-09,5.182000000000000028e+01,6.307000000000000000e+07,6.970000000000000000e+07
6.304627588453909755e+07,-1.586136510000000030e-09,5.182500000000000284e+01,6.307000000000000000e+07,6.970000000000000000e+07
6.301165225336032361e+07,-1.587008060000000129e-09,5.182999999999999829e+01,6.307000000000000000e+07,6.970000000000000000e+07
6.298396167582131922e+07,-1.587705780000000113e-09,5.183500000000000085e+01,6.307000000000000000e+07,6.970000000000000000e+07
6.300070479518460482e+07,-1.587283830000000231e-09,5.184000000000000341e+01,6.307000000000000000e+07,6.970000000000000000e+07
6.299842027051282674e+07,-1.587341390000000010e-09,5.184499999999999886e+01,6.307000000000000000e+07,6.970000000000000000e+07
6.297876536151278764e+07,-1.587836780000000100e-09,5.185000000000000142e+01,6.307000000000000000e+07,6.970000000000000000e+07
6.299565810615938902e+07,-1.587410990000000069e-09,5.185500000000000398e+01,6.307000000000000000e+07,6.970000000000000000e+07
6.299823611868674308e+07,-1.587346030000000000e-09,5.185999999999999943e+01,6.307000000000000000e+07,6.970000000000000000e+07
6.294699209875506908e+07,-1.588638260000000114e-09,5.186500000000000199e+01,6.307000000000000000e+07,6.970000000000000000e+07
6.292355932122015208e+07,-1.589229870000000146e-09,5.187000000000000455e+01,6.307000000000000000e+07,6.970000000000000000e+07
6.294876964741261303e+07,-1.588593400000000041e-09,5.187500000000000000e+01,6.307000000000000000e+07,6.970000000000000000e+07
6.295194301549829543e+07,-1.588513320000000032e-09,5.188000000000000256e+01,6.307000000000000000e+07,6.970000000000000000e+07
6.295334751529559493e+07,-1.588477879999999943e-09,5.188499999999999801e+01,6.307000000000000000e+07,6.970000000000000000e+07
6.298649033002426475e+07,-1.587642040000000102e-09,5.189000000000000057e+01,6.307000000000000000e+07,6.970000000000000000e+07
6.298332934564880282e+07,-1.587721720000000190e-09,5.189500000000000313e+01,6.307000000000000000e+07,6.970000000000000000e+07
6.296143927281350642e+07,-1.588273730000000214e-09,5.189999999999999858e+01,6.307000000000000000e+07,6.970000000000000000e+07
6.297847740764262527e+07,-1.587844040000000180e-09,5.190500000000000114e+01,6.307000000000000000e+07,6.970000000000000000e+07
6.298512203868126869e+07,-1.587676530000000095e-09,5.191000000000000369e+01,6.307000000000000000e+07,6.970000000000000000e+07
6.295662043321332335e+07,-1.588395299999999965e-09,5.191499999999999915e+01,6.307000000000000000e+07,6.970000000000000000e+07
6.299424655907786638e+07,-1.587446560000000117e-09,5.192000000000000171e+01,6.307000000000000000e+07,6.970000000000000000e+07
6.308668010169017315e+07,-1.585120660000000254e-09,5.192500000000000426e+01,6.307000000000000000e+07,6.970000000000000000e+07
6.315518092547816783e+07,-1.583401370000000035e-09,5.192999999999999972e+01,6.307000000000000000e+07,6.970000000000000000e+07
6.323637773807587475e+07,-1.581368249999999948e-09,5.193500000000000227e+01,6.307000000000000000e+07,6.970000000000000000e+07
6.336852343748841435e+07,-1.578070540000000038e-09,5.193999999999999773e+01,6.307000000000000000e+07,6.970000000000000000e+07
6.344566839386712760e+07,-1.576151730000000242e-09,5.194500000000000028e+01,6.307000000000000000e+07,6.970000000000000000e+07
6.346092492863867432e+07,-1.575772809999999932e-09,5.195000000000000284e+01,6.307000000000000000e+07,6.970000000000000000e+07
6.348517162244825065e+07,-1.575170980000000075e-09,5.195499999999999829e+01,6.307000000000000000e+07,6.970000000000000000e+07
6.350110887223839760e+07,-1.574775650000000283e-09,5.196000000000000085e+01,6.307000000000000000e+07,6.970000000000000000e+07
6.347294302360790223e+07,-1.575474450000000115e-09,5.196500000000000341e+01,6.307000000000000000e+07,6.970000000000000000e+07
6.346586478308103979e+07,-1.575650159999999919e-09,5.196999999999999886e+01,6.307000000000000000e+07,6.970000000000000000e+07
6.348833158746770024e+07,-1.575092580000000105e-09,5.197500000000000142e+01,6.307000000000000000e+07,6.970000000000000000e+07
6.346563438712264597e+07,-1.575655880000000171e-09,5.198000000000000398e+01,6.307000000000000000e+07,6.970000000000000000e+07
6.343466176869881153e+07,-1.576425210000000070e-09,5.198499999999999943e+01,6.307000000000000000e+07,6.970000000000000000e+07
6.343621223696206510e+07,-1.576386680000000071e-09,5.199000000000000199e+01,6.307000000000000000e+07,6.970000000000000000e+07
6.340219701673515886e+07,-1.577232409999999922e-09,5.199500000000000455e+01,6.307000000000000000e+07,6.970000000000000000e+07
6.334159202123969793e+07,-1.578741500000000136e-09,5.200000000000000000e+01,6.307000000000000000e+07,6.970000000000000000e+07
6.331949555409443378e+07,-1.579292430000000105e-09,5.200500000000000256e+01,6.307000000000000000e+07,6.970000000000000000e+07
6.330010341654395312e+07,-1.579776250000000147e-09,5.200999999999999801e+01,6.307000000000000000e+07,6.970000000000000000e+07
6.323183898118433356e+07,-1.581481759999999984e-09,5.201500000000000057e+01,6.307000000000000000e+07,6.970000000000000000e+07
6.318572066404198855e+07,-1.582636060000000053e-09,5.202000000000000313e+01,6.307000000000000000e+07,6.970000000000000000e+07
6.316905305136057734e+07,-1.583053650000000158e-09,5.202499999999999858e+01,6.307000000000000000e+07,6.970000000000000000e+07
6.311475068912944943e+07,-1.584415670000000144e-09,5.203000000000000114e+01,6.307000000000000000e+07,6.970000000000000000e+07
6.306283024191141129e+07,-1.585720140000000189e-09,5.203500000000000369e+01,6.307000000000000000e+07,6.970000000000000000e+07
6.305256549255791306e+07,-1.585978289999999969e-09,5.203999999999999915e+01,6.307000000000000000e+07,6.970000000000000000e+07
6.301052823382995278e+07,-1.587036370000000096e-09,5.204500000000000171e+01,6.307000000000000000e+07,6.970000000000000000e+07
6.294711493103300780e+07,-1.588635159999999953e-09,5.205000000000000426e+01,6.307000000000000000e+07,6.970000000000000000e+07
6.294235929451156408e+07,-1.588755190000000288e-09,5.205499999999999972e+01,6.307000000000000000e+07,6.970000000000000000e+07
6.294728016101461649e+07,-1.588630989999999988e-09,5.206000000000000227e+01,6.307000000000000000e+07,6.970000000000000000e+07
6.291623572715307027e+07,-1.589414860000000138e-09,5.206499999999999773e+01,6.307000000000000000e+07,6.970000000000000000e+07
6.291120295713354647e+07,-1.589542010000000138e-09,5.207000000000000028e+01,6.307000000000000000e+07,6.970000000000000000e+07
6.292178913476360589e+07,-1.589274580000000171e-09,5.207500000000000284e+01,6.307000000000000000e+07,6.970000000000000000e+07
6.289219019498930871e+07,-1.590022540000000206e-09,5.207999999999999829e+01,6.307000000000000000e+07,6.970000000000000000e+07
6.286804604440604150e+07,-1.590633180000000018e-09,5.208500000000000085e+01,6.307000000000000000e+07,6.970000000000000000e+07
6.287845797171486914e+07,-1.590369790000000057e-09,5.209000000000000341e+01,6.307000000000000000e+07,6.970000000000000000e+07
6.285486916306428611e+07,-1.590966640000000064e-09,5.209499999999999886e+01,6.307000000000000000e+07,6.970000000000000000e+07
6.282066218066412210e+07,-1.591832949999999982e-09,5.210000000000000142e+01,6.307000000000000000e+07,6.970000000000000000e+07
6.282536234245016426e+07,-1.591713860000000111e-09,5.210500000000000398e+01,6.307000000000000000e+07,6.970000000000000000e+07
6.282542352141512185e+07,-1.591712310000000030e-09,5.210999999999999943e+01,6.307000000000000000e+07,6.970000000000000000e+07
6.279561585625973344e+07,-1.592467859999999962e-09,5.211500000000000199e+01,6.307000000000000000e+07,6.970000000000000000e+07
6.280376532689780742e+07,-1.592261220000000100e-09,5.212000000000000455e+01,6.307000000000000000e+07,6.970000000000000000e+07
6.282639490146213770e+07,-1.591687700000000209e-09,5.212500000000000000e+01,6.307000000000000000e+07,6.970000000000000000e+07
6.280683415231142193e+07,-1.592183420000000115e-09,5.213000000000000256e+01,6.307000000000000000e+07,6.970000000000000000e+07
6.278951775716445595e+07,-1.592622520000000087e-09,5.213499999999999801e+01,6.307000000000000000e+07,6.970000000000000000e+07
6.279841611090853065e+07,-1.592396850000000238e-09,5.214000000000000057e+01,6.307000000000000000e+07,6.970000000000000000e+07
6.277056506671547890e+07,-1.593103390000000015e-09,5.214500000000000313e+01,6.307000000000000000e+07,6.970000000000000000e+07
6.273180027519688010e+07,-1.594087840000000121e-09,5.214999999999999858e+01,6.307000000000000000e+07,6.970000000000000000e+07
6.272949310611338913e+07,-1.594146470000000116e-09,5.215500000000000114e+01,6.307000000000000000e+07,6.970000000000000000e+07
6.271307590648349375e+07,-1.594563790000000053e-09,5.216000000000000369e+01,6.307000000000000000e+07,6.970000000000000000e+07
6.266681278896293044e+07,-1.595740960000000257e-09,5.216499999999999915e+01,6.307000000000000000e+07,6.970000000000000000e+07
6.266231340713959932e+07,-1.595855540000000096e-09,5.217000000000000171e+01,6.307000000000000000e+07,6.970000000000000000e+07
6.268464545877952129e+07,-1.595287000000000056e-09,5.217500000000000426e+01,6.307000000000000000e+07,6.970000000000000000e+07
6.266061835465735942e+07,-1.595898710000000085e-09,5.217999999999999972e+01,6.307000000000000000e+07,6.970000000000000000e+07
6.265084836328230053e+07,-1.596147580000000091e-09,5.218500000000000227e+01,6.307000000000000000e+07,6.970000000000000000e+07
6.267946737671303749e+07,-1.595418790000000253e-09,5.218999999999999773e+01,6.307000000000000000e+07,6.970000000000000000e+07
6.268247652447230369e+07,-1.595342200000000075e-09,5.219500000000000028e+01,6.307000000000000000e+07,6.970000000000000000e+07
6.266436471211708337e+07,-1.595803300000000236e-09,5.220000000000000284e+01,6.307000000000000000e+07,6.970000000000000000e+07
6.269090045278690755e+07,-1.595127830000000106e-09,5.220499999999999829e+01,6.307000000000000000e+07,6.970000000000000000e+07
6.269112486509810388e+07,-1.595122120000000106e-09,5.221000000000000085e+01,6.307000000000000000e+07,6.970000000000000000e+07
6.265345357959574461e+07,-1.596081209999999945e-09,5.221500000000000341e+01,6.307000000000000000e+07,6.970000000000000000e+07
6.264821432009248435e+07,-1.596214690000000225e-09,5.221999999999999886e+01,6.307000000000000000e+07,6.970000000000000000e+07
6.265396271527838707e+07,-1.596068240000000070e-09,5.222500000000000142e+01,6.307000000000000000e+07,6.970000000000000000e+07
6.262645886848555505e+07,-1.596769190000000174e-09,5.223000000000000398e+01,6.307000000000000000e+07,6.970000000000000000e+07
6.263583873493845016e+07,-1.596530070000000174e-09,5.223499999999999943e+01,6.307000000000000000e+07,6.970000000000000000e+07
6.268899753240433335e+07,-1.595176250000000114e-09,5.224000000000000199e+01,6.307000000000000000e+07,6.970000000000000000e+07
6.271011415686471015e+07,-1.594639100000000113e-09,5.224500000000000455e+01,6.307000000000000000e+07,6.970000000000000000e+07
6.271051056125894189e+07,-1.594629020000000084e-09,5.225000000000000000e+01,6.307000000000000000e+07,6.970000000000000000e+07
6.275511444455680251e+07,-1.593495620000000060e-09,5.225500000000000256e+01,6.307000000000000000e+07,6.970000000000000000e+07
6.277968348994771391e+07,-1.592872000000000122e-09,5.225999999999999801e+01,6.307000000000000000e+07,6.970000000000000000e+07
6.276662320036165416e+07,-1.593203440000000062e-09,5.226500000000000057e+01,6.307000000000000000e+07,6.970000000000000000e+07
6.278610844793368131e+07,-1.592709000000000068e-09,5.227000000000000313e+01,6.307000000000000000e+07,6.970000000000000000e+07
6.282685159071902186e+07,-1.591676130000000160e-09,5.227499999999999858e+01,6.307000000000000000e+07,6.970000000000000000e+07
6.283040586261971295e+07,-1.591586090000000244e-09,5.228000000000000114e+01,6.307000000000000000e+07,6.970000000000000000e+07
6.283693399647411704e+07,-1.591420740000000061e-09,5.228500000000000369e+01,6.307000000000000000e+07,6.970000000000000000e+07
6.287807248828163743e+07,-1.590379540000000063e-09,5.228999999999999915e+01,6.307000000000000000e+07,6.970000000000000000e+07
6.290318504112943262e+07,-1.589744620000000245e-09,5.229500000000000171e+01,6.307000000000000000e+07,6.970000000000000000e+07
6.291152750000328571e+07,-1.589533810000000212e-09,5.230000000000000426e+01,6.307000000000000000e+07,6.970000000000000000e+07
6.295782220028548688e+07,-1.588364979999999936e-09,5.230499999999999972e+01,6.307000000000000000e+07,6.970000000000000000e+07
6.299514300517964363e+07,-1.587423969999999988e-09,5.231000000000000227e+01,6.307000000000000000e+07,6.970000000000000000e+07
6.299633354409177601e+07,-1.587393969999999937e-09,5.231499999999999773e+01,6.307000000000000000e+07,6.970000000000000000e+07
6.305588611027452350e+07,-1.585894769999999939e-09,5.232000000000000028e+01,6.307000000000000000e+07,6.970000000000000000e+07
6.317257112155994773e+07,-1.582965490000000138e-09,5.232500000000000284e+01,6.307000000000000000e+07,6.970000000000000000e+07
6.326239649117395282e+07,-1.580717860000000080e-09,5.232999999999999829e+01,6.307000000000000000e+07,6.970000000000000000e+07
6.335782977232445776e+07,-1.578336890000000157e-09,5.233500000000000085e+01,6.307000000000000000e+07,6.970000000000000000e+07
6.348529616103335470e+07,-1.575167889999999958e-09,5.234000000000000341e+01,6.307000000000000000e+07,6.970000000000000000e+07
6.358518530802234262e+07,-1.572693380000000038e-09,5.234499999999999886e+01,6.307000000000000000e+07,6.970000000000000000e+07
6.367799636827830225e+07,-1.570401170000000120e-09,5.235000000000000142e+01,6.307000000000000000e+07,6.970000000000000000e+07
6.381374595182346553e+07,-1.567060490000000078e-09,5.235500000000000398e+01,6.307000000000000000e+07,6.970000000000000000e+07
6.394072112012787908e+07,-1.563948580000000045e-09,5.235999999999999943e+01,6.307000000000000000e+07,6.970000000000000000e+07
6.401558989585098624e+07,-1.562119480000000143e-09,5.236500000000000199e+01,6.307000000000000000e+07,6.970000000000000000e+07
6.409168946840680391e+07,-1.560264689999999951e-09,5.237000000000000455e+01,6.307000000000000000e+07,6.970000000000000000e+07
6.416898928997109085e+07,-1.558385150000000142e-09,5.237500000000000000e+01,6.307000000000000000e+07,6.970000000000000000e+07
6.419692823732896149e+07,-1.557706929999999963e-09,5.238000000000000256e+01,6.307000000000000000e+07,6.970000000000000000e+07
6.423834956108601391e+07,-1.556702510000000232e-09,5.238499999999999801e+01,6.307000000000000000e+07,6.970000000000000000e+07
6.429980788503400236e+07,-1.555214600000000069e-09,5.239000000000000057e+01,6.307000000000000000e+07,6.970000000000000000e+07
6.430796870136308670e+07,-1.555017239999999981e-09,5.239500000000000313e+01,6.307000000000000000e+07,6.970000000000000000e+07
6.429136806862223893e+07,-1.555418760000000051e-09,5.239999999999999858e+01,6.307000000000000000e+07,6.970000000000000000e+07
6.432020677762987465e+07,-1.554721370000000089e-09,5.240500000000000114e+01,6.307000000000000000e+07,6.970000000000000000e+07
6.433833357565294206e+07,-1.554283340000000127e-09,5.241000000000000369e+01,6.307000000000000000e+07,6.970000000000000000e+07
6.431762823343208432e+07,-1.554783700000000023e-09,5.241499999999999915e+01,6.307000000000000000e+07,6.970000000000000000e+07
6.432748225778887421e+07,-1.554545530000000119e-09,5.242000000000000171e+01,6.307000000000000000e+07,6.970000000000000000e+07
6.435316481431765854e+07,-1.553925130000000256e-09,5.242500000000000426e+01,6.307000000000000000e+07,6.970000000000000000e+07
6.435197296166911721e+07,-1.553953910000000042e-09,5.242999999999999972e+01,6.307000000000000000e+07,6.970000000000000000e+07
6.438503279773571342e+07,-1.553156000000000008e-09,5.243500000000000227e+01,6.307000000000000000e+07,6.970000000000000000e+07
6.446091555488561839e+07,-1.551327640000000093e-09,5.243999999999999773e+01,6.307000000000000000e+07,6.970000000000000000e+07
6.449522051396383345e+07,-1.550502490000000103e-09,5.244500000000000028e+01,6.307000000000000000e+07,6.970000000000000000e+07
6.450323837218182534e+07,-1.550309760000000167e-09,5.245000000000000284e+01,6.307000000000000000e+07,6.970000000000000000e+07
6.454217617255562544e+07,-1.549374470000000056e-09,5.245499999999999829e+01,6.307000000000000000e+07,6.970000000000000000e+07
6.456449533707789332e+07,-1.548838870000000135e-09,5.246000000000000085e+01,6.307000000000000000e+07,6.970000000000000000e+07
6.454789117553450912e+07,-1.549237290000000044e-09,5.246500000000000341e+01,6.307000000000000000e+07,6.970000000000000000e+07
6.456421229214019328e+07,-1.548845660000000190e-09,5.246999999999999886e+01,6.307000000000000000e+07,6.970000000000000000e+07
6.460183482777296007e+07,-1.547943650000000059e-09,5.247500000000000142e+01,6.307000000000000000e+07,6.970000000000000000e+07
6.459430898300136626e+07,-1.548124000000000061e-09,5.248000000000000398e+01,6.307000000000000000e+07,6.970000000000000000e+07
6.459609065751262754e+07,-1.548081300000000098e-09,5.248499999999999943e+01,6.307000000000000000e+07,6.970000000000000000e+07
6.462634070898249000e+07,-1.547356680000000224e-09,5.249000000000000199e+01,6.307000000000000000e+07,6.970000000000000000e+07
6.461205417214184254e+07,-1.547698820000000059e-09,5.249500000000000455e+01,6.307000000000000000e+07,6.970000000000000000e+07
6.458146964666406065e+07,-1.548431780000000069e-09,5.250000000000000000e+01,6.307000000000000000e+07,6.970000000000000000e+07
6.459645827050385624e+07,-1.548072490000000143e-09,5.250500000000000256e+01,6.307000000000000000e+07,6.970000000000000000e+07
6.458532074475012720e+07,-1.548339450000000084e-09,5.250999999999999801e+01,6.307000000000000000e+07,6.970000000000000000e+07
6.454312304835311323e+07,-1.549351740000000131e-09,5.251500000000000057e+01,6.307000000000000000e+07,6.970000000000000000e+07
6.453834146388434619e+07,-1.549466530000000079e-09,5.252000000000000313e+01,6.307000000000000000e+07,6.970000000000000000e+07
6.455407225001507998e+07,-1.549088950000000155e-09,5.252499999999999858e+01,6.307000000000000000e+07,6.970000000000000000e+07
6.454063573623390496e+07,-1.549411450000000181e-09,5.253000000000000114e+01,6.307000000000000000e+07,6.970000000000000000e+07
6.452578208925861865e+07,-1.549768120000000016e-09,5.253500000000000369e+01,6.307000000000000000e+07,6.970000000000000000e+07
6.452919556988488138e+07,-1.549686140000000022e-09,5.253999999999999915e+01,6.307000000000000000e+07,6.970000000000000000e+07
6.449473134477803111e+07,-1.550514250000000171e-09,5.254500000000000171e+01,6.307000000000000000e+07,6.970000000000000000e+07
6.442387279949551821e+07,-1.552219630000000050e-09,5.255000000000000426e+01,6.307000000000000000e+07,6.970000000000000000e+07
6.439551871842820197e+07,-1.552903090000000203e-09,5.255499999999999972e+01,6.307000000000000000e+07,6.970000000000000000e+07
6.435719996496394277e+07,-1.553827700000000094e-09,5.256000000000000227e+01,6.307000000000000000e+07,6.970000000000000000e+07
6.429047320430616289e+07,-1.555440410000000128e-09,5.256499999999999773e+01,6.307000000000000000e+07,6.970000000000000000e+07
6.426056724383516610e+07,-1.556164290000000014e-09,5.257000000000000028e+01,6.307000000000000000e+07,6.970000000000000000e+07
6.424805216931556910e+07,-1.556467419999999987e-09,5.257500000000000284e+01,6.307000000000000000e+07,6.970000000000000000e+07
6.418635486287666112e+07,-1.557963530000000282e-09,5.257999999999999829e+01,6.307000000000000000e+07,6.970000000000000000e+07
6.413119415868456662e+07,-1.559303570000000168e-09,5.258500000000000085e+01,6.307000000000000000e+07,6.970000000000000000e+07
6.410324869238667190e+07,-1.559983340000000221e-09,5.259000000000000341e+01,6.307000000000000000e+07,6.970000000000000000e+07
6.404554714367106557e+07,-1.561388800000000158e-09,5.259499999999999886e+01,6.307000000000000000e+07,6.970000000000000000e+07
6.397516535261143744e+07,-1.563106550000000133e-09,5.260000000000000142e+01,6.307000000000000000e+07,6.970000000000000000e+07
6.394772166321859509e+07,-1.563777370000000021e-09,5.260500000000000398e+01,6.307000000000000000e+07,6.970000000000000000e+07
6.391045296808356792e+07,-1.564689269999999955e-09,5.260999999999999943e+01,6.307000000000000000e+07,6.970000000000000000e+07
6.384820961607286334e+07,-1.566214630000000062e-09,5.261500000000000199e+01,6.307000000000000000e+07,6.970000000000000000e+07
6.383870971242767572e+07,-1.566447700000000201e-09,5.262000000000000455e+01,6.307000000000000000e+07,6.970000000000000000e+07
6.384481888536893576e+07,-1.566297810000000025e-09,5.262500000000000000e+01,6.307000000000000000e+07,6.970000000000000000e+07
6.382762374920436740e+07,-1.566719769999999951e-09,5.263000000000000256e+01,6.307000000000000000e+07,6.970000000000000000e+07
6.383407063599940389e+07,-1.566561540000000053e-09,5.263499999999999801e+01,6.307000000000000000e+07,6.970000000000000000e+07
6.386533345569080114e+07,-1.565794690000000035e-09,5.264000000000000057e+01,6.307000000000000000e+07,6.970000000000000000e+07
6.385879257697986811e+07,-1.565955070000000205e-09,5.264500000000000313e+01,6.307000000000000000e+07,6.970000000000000000e+07
6.384251104649411887e+07,-1.566354430000000165e-09,5.264999999999999858e+01,6.307000000000000000e+07,6.970000000000000000e+07
6.385646456282944232e+07,-1.566012160000000164e-09,5.265500000000000114e+01,6.307000000000000000e+07,6.970000000000000000e+07
6.384160947761890292e+07,-1.566376550000000061e-09,5.266000000000000369e+01,6.307000000000000000e+07,6.970000000000000000e+07
6.379131889712821692e+07,-1.567611420000000047e-09,5.266499999999999915e+01,6.307000000000000000e+07,6.970000000000000000e+07
6.377632408433987200e+07,-1.567979990000000159e-09,5.267000000000000171e+01,6.307000000000000000e+07,6.970000000000000000e+07
6.375403021898955107e+07,-1.568528289999999993e-09,5.267500000000000426e+01,6.307000000000000000e+07,6.970000000000000000e+07
6.367488561077418178e+07,-1.570477890000000050e-09,5.267999999999999972e+01,6.307000000000000000e+07,6.970000000000000000e+07
6.361418293221420795e+07,-1.571976490000000064e-09,5.268500000000000227e+01,6.307000000000000000e+07,6.970000000000000000e+07
6.359678822228184342e+07,-1.572406450000000059e-09,5.268999999999999773e+01,6.307000000000000000e+07,6.970000000000000000e+07
6.355510329461584240e+07,-1.573437770000000093e-09,5.269500000000000028e+01,6.307000000000000000e+07,6.970000000000000000e+07
6.350344088949218392e+07,-1.574717820000000129e-09,5.270000000000000284e+01,6.307000000000000000e+07,6.970000000000000000e+07
6.349765975247634202e+07,-1.574861190000000212e-09,5.270499999999999829e+01,6.307000000000000000e+07,6.970000000000000000e+07
6.349637479512418061e+07,-1.574893060000000114e-09,5.271000000000000085e+01,6.307000000000000000e+07,6.970000000000000000e+07
6.348598737921425700e+07,-1.575150740000000075e-09,5.271500000000000341e+01,6.307000000000000000e+07,6.970000000000000000e+07
6.351296026413261890e+07,-1.574481800000000083e-09,5.271999999999999886e+01,6.307000000000000000e+07,6.970000000000000000e+07
6.354936201778680086e+07,-1.573579920000000118e-09,5.272500000000000142e+01,6.307000000000000000e+07,6.970000000000000000e+07
6.356591255309874564e+07,-1.573170210000000167e-09,5.273000000000000398e+01,6.307000000000000000e+07,6.970000000000000000e+07
6.360066677921440452e+07,-1.572310560000000139e-09,5.273499999999999943e+01,6.307000000000000000e+07,6.970000000000000000e+07
6.365907337419915199e+07,-1.570867980000000074e-09,5.274000000000000199e+01,6.307000000000000000e+07,6.970000000000000000e+07
6.366803182599374652e+07,-1.570646950000000009e-09,5.274500000000000455e+01,6.307000000000000000e+07,6.970000000000000000e+07
6.367235814137661457e+07,-1.570540230000000029e-09,5.275000000000000000e+01,6.307000000000000000e+07,6.970000000000000000e+07
6.372842229705312848e+07,-1.569158570000000027e-09,5.275500000000000256e+01,6.307000000000000000e+07,6.970000000000000000e+07
6.376661907147474587e+07,-1.568218630000000089e-09,5.275999999999999801e+01,6.307000000000000000e+07,6.970000000000000000e+07
6.376149243515800685e+07,-1.568344720000000123e-09,5.276500000000000057e+01,6.307000000000000000e+07,6.970000000000000000e+07
6.378779464307931066e+07,-1.567698030000000193e-09,5.277000000000000313e+01,6.307000000000000000e+07,6.970000000000000000e+07
6.381335420914894342e+07,-1.567070110000000125e-09,5.277499999999999858e+01,6.307000000000000000e+07,6.970000000000000000e+07
6.379085906588545442e+07,-1.567622719999999927e-09,5.278000000000000114e+01,6.307000000000000000e+07,6.970000000000000000e+07
6.377702734892864525e+07,-1.567962700000000066e-09,5.278500000000000369e+01,6.307000000000000000e+07,6.970000000000000000e+07
6.379799614959954470e+07,-1.567447349999999983e-09,5.278999999999999915e+01,6.307000000000000000e+07,6.970000000000000000e+07
6.379589437566400319e+07,-1.567498990000000066e-09,5.279500000000000171e+01,6.307000000000000000e+07,6.970000000000000000e+07
6.379709054644504935e+07,-1.567469600000000044e-09,5.280000000000000426e+01,6.307000000000000000e+07,6.970000000000000000e+07
6.384555627139193565e+07,-1.566279720000000090e-09,5.280499999999999972e+01,6.307000000000000000e+07,6.970000000000000000e+07
6.386901150416299701e+07,-1.565704519999999953e-09,5.281000000000000227e+01,6.307000000000000000e+07,6.970000000000000000e+07
6.386520701373579353e+07,-1.565797789999999989e-09,5.281499999999999773e+01,6.307000000000000000e+07,6.970000000000000000e+07
6.390887923126309365e+07,-1.564727800000000160e-09,5.282000000000000028e+01,6.307000000000000000e+07,6.970000000000000000e+07
6.396300011646382511e+07,-1.563403840000000147e-09,5.282500000000000284e+01,6.307000000000000000e+07,6.970000000000000000e+07
6.398214846872003376e+07,-1.562935950000000138e-09,5.282999999999999829e+01,6.307000000000000000e+07,6.970000000000000000e+07
6.401683284209483117e+07,-1.562089150000000070e-09,5.283500000000000085e+01,6.307000000000000000e+07,6.970000000000000000e+07
6.407384792898746580e+07,-1.560699150000000140e-09,5.284000000000000341e+01,6.307000000000000000e+07,6.970000000000000000e+07
6.409147422330955416e+07,-1.560269930000000133e-09,5.284499999999999886e+01,6.307000000000000000e+07,6.970000000000000000e+07
6.409996887561912090e+07,-1.560063159999999899e-09,5.285000000000000142e+01,6.307000000000000000e+07,6.970000000000000000e+07
6.414690935443859547e+07,-1.558921559999999949e-09,5.285500000000000398e+01,6.307000000000000000e+07,6.970000000000000000e+07
6.416818635647680610e+07,-1.558404649999999947e-09,5.285999999999999943e+01,6.307000000000000000e+07,6.970000000000000000e+07
6.416339099722947180e+07,-1.558521120000000141e-09,5.286500000000000199e+01,6.307000000000000000e+07,6.970000000000000000e+07
6.420759373194683343e+07,-1.557448179999999992e-09,5.287000000000000455e+01,6.307000000000000000e+07,6.970000000000000000e+07
6.425852365861970931e+07,-1.556213780000000032e-09,5.287500000000000000e+01,6.307000000000000000e+07,6.970000000000000000e+07
6.424632266255880892e+07,-1.556509320000000109e-09,5.288000000000000256e+01,6.307000000000000000e+07,6.970000000000000000e+07
6.426065065823758394e+07,-1.556162270000000114e-09,5.288499999999999801e+01,6.307000000000000000e+07,6.970000000000000000e+07
6.429934069385033101e+07,-1.555225899999999949e-09,5.289000000000000057e+01,6.307000000000000000e+07,6.970000000000000000e+07
6.429550419473513961e+07,-1.555318699999999959e-09,5.289500000000000313e+01,6.307000000000000000e+07,6.970000000000000000e+07
6.429271640545800328e+07,-1.555386140000000116e-09,5.289999999999999858e+01,6.307000000000000000e+07,6.970000000000000000e+07
6.434411521076352894e+07,-1.554143680000000027e-09,5.290500000000000114e+01,6.307000000000000000e+07,6.970000000000000000e+07
6.438037242538947612e+07,-1.553268429999999989e-09,5.291000000000000369e+01,6.307000000000000000e+07,6.970000000000000000e+07
6.438338544503089786e+07,-1.553195740000000227e-09,5.291499999999999915e+01,6.307000000000000000e+07,6.970000000000000000e+07
6.442006624508671463e+07,-1.552311350000000212e-09,5.292000000000000171e+01,6.307000000000000000e+07,6.970000000000000000e+07
6.446567154318743944e+07,-1.551213190000000006e-09,5.292500000000000426e+01,6.307000000000000000e+07,6.970000000000000000e+07
6.448294111853076518e+07,-1.550797750000000173e-09,5.292999999999999972e+01,6.307000000000000000e+07,6.970000000000000000e+07
6.450954489677246660e+07,-1.550158200000000203e-09,5.293500000000000227e+01,6.307000000000000000e+07,6.970000000000000000e+07
6.456118774301718175e+07,-1.548918220000000201e-09,5.293999999999999773e+01,6.307000000000000000e+07,6.970000000000000000e+07
6.456795752347842604e+07,-1.548755820000000131e-09,5.294500000000000028e+01,6.307000000000000000e+07,6.970000000000000000e+07
6.457693509096510708e+07,-1.548540510000000111e-09,5.295000000000000284e+01,6.307000000000000000e+07,6.970000000000000000e+07
6.463566915782877058e+07,-1.547133360000000091e-09,5.295499999999999829e+01,6.307000000000000000e+07,6.970000000000000000e+07
6.468473124487078935e+07,-1.545959890000000032e-09,5.296000000000000085e+01,6.307000000000000000e+07,6.970000000000000000e+07
6.472140696261505038e+07,-1.545083840000000153e-09,5.296500000000000341e+01,6.307000000000000000e+07,6.970000000000000000e+07
6.482368143397451192e+07,-1.542646110000000086e-09,5.296999999999999886e+01,6.307000000000000000e+07,6.970000000000000000e+07
6.493355670563417673e+07,-1.540035770000000170e-09,5.297500000000000142e+01,6.307000000000000000e+07,6.970000000000000000e+07
6.499051872819430381e+07,-1.538685980000000071e-09,5.298000000000000398e+01,6.307000000000000000e+07,6.970000000000000000e+07
6.505004765273766220e+07,-1.537277889999999999e-09,5.298499999999999943e+01,6.307000000000000000e+07,6.970000000000000000e+07
6.511534437685666978e+07,-1.535736330000000105e-09,5.299000000000000199e+01,6.307000000000000000e+07,6.970000000000000000e+07
6.513660690204942971e+07,-1.535235020000000113e-09,5.299500000000000455e+01,6.307000000000000000e+07,6.970000000000000000e+07
6.515760608453192562e+07,-1.534740240000000259e-09,5.300000000000000000e+01,6.307000000000000000e+07,6.970000000000000000e+07
6.522783073505771160e+07,-1.533087930000000009e-09,5.300500000000000256e+01,6.307000000000000000e+07,6.970000000000000000e+07
6.527074559830082953e+07,-1.532079940000000092e-09,5.300999999999999801e+01,6.307000000000000000e+07,6.970000000000000000e+07
6.527147624282422662e+07,-1.532062790000000001e-09,5.301500000000000057e+01,6.307000000000000000e+07,6.970000000000000000e+07
6.531983865529549867e+07,-1.530928459999999970e-09,5.302000000000000313e+01,6.307000000000000000e+07,6.970000000000000000e+07
6.537547745182130486e+07,-1.529625540000000212e-09,5.302499999999999858e+01,6.307000000000000000e+07,6.970000000000000000e+07
6.537545180811306089e+07,-1.529626139999999990e-09,5.303000000000000114e+01,6.307000000000000000e+07,6.970000000000000000e+07
6.538296242788332701e+07,-1.529450430000000186e-09,5.303500000000000369e+01,6.307000000000000000e+07,6.970000000000000000e+07
6.541022819345799834e+07,-1.528812890000000070e-09,5.303999999999999915e+01,6.307000000000000000e+07,6.970000000000000000e+07
6.539620243467707187e+07,-1.529140780000000119e-09,5.304500000000000171e+01,6.307000000000000000e+07,6.970000000000000000e+07
6.536995981675884128e+07,-1.529754650000000258e-09,5.305000000000000426e+01,6.307000000000000000e+07,6.970000000000000000e+07
6.538042962892525643e+07,-1.529509680000000255e-09,5.305499999999999972e+01,6.307000000000000000e+07,6.970000000000000000e+07
6.537734265814730525e+07,-1.529581899999999991e-09,5.306000000000000227e+01,6.307000000000000000e+07,6.970000000000000000e+07
6.536219371365899593e+07,-1.529936409999999923e-09,5.306499999999999773e+01,6.307000000000000000e+07,6.970000000000000000e+07
6.539794821523636580e+07,-1.529099960000000053e-09,5.307000000000000028e+01,6.307000000000000000e+07,6.970000000000000000e+07
6.544340551147607714e+07,-1.528037840000000127e-09,5.307500000000000284e+01,6.307000000000000000e+07,6.970000000000000000e+07
6.544795034788629413e+07,-1.527931729999999968e-09,5.307999999999999829e+01,6.307000000000000000e+07,6.970000000000000000e+07
6.547554129399324954e+07,-1.527287870000000237e-09,5.308500000000000085e+01,6.307000000000000000e+07,6.970000000000000000e+07
6.554810915925884247e+07,-1.525597020000000151e-09,5.309000000000000341e+01,6.307000000000000000e+07,6.970000000000000000e+07
6.559823411652902514e+07,-1.524431279999999992e-09,5.309499999999999886e+01,6.307000000000000000e+07,6.970000000000000000e+07
6.565808192716975510e+07,-1.523041750000000088e-09,5.310000000000000142e+01,6.307000000000000000e+07,6.970000000000000000e+07
6.576360781888260692e+07,-1.520597839999999995e-09,5.310500000000000398e+01,6.307000000000000000e+07,6.970000000000000000e+07
6.583476410380291194e+07,-1.518954330000000069e-09,5.310999999999999943e+01,6.307000000000000000e+07,6.970000000000000000e+07
6.590504642124097049e+07,-1.517334490000000120e-09,5.311500000000000199e+01,6.307000000000000000e+07,6.970000000000000000e+07
6.604291161957930028e+07,-1.514167040000000208e-09,5.312000000000000455e+01,6.307000000000000000e+07,6.970000000000000000e+07
6.616942023650908470e+07,-1.511272120000000235e-09,5.312500000000000000e+01,6.307000000000000000e+07,6.970000000000000000e+07
6.622710018370138854e+07,-1.509955890000000122e-09,5.313000000000000256e+01,6.307000000000000000e+07,6.970000000000000000e+07
6.629032368298909813e+07,-1.508515789999999938e-09,5.313499999999999801e+01,6.307000000000000000e+07,6.970000000000000000e+07
6.637161122648192942e+07,-1.506668260000000241e-09,5.314000000000000057e+01,6.307000000000000000e+07,6.970000000000000000e+07
6.640143322447105497e+07,-1.505991590000000142e-09,5.314500000000000313e+01,6.307000000000000000e+07,6.970000000000000000e+07
6.642659387091383338e+07,-1.505421160000000161e-09,5.314999999999999858e+01,6.307000000000000000e+07,6.970000000000000000e+07
6.647839276732105017e+07,-1.504248160000000128e-09,5.315500000000000114e+01,6.307000000000000000e+07,6.970000000000000000e+07
6.648609663357888162e+07,-1.504073860000000194e-09,5.316000000000000369e+01,6.307000000000000000e+07,6.970000000000000000e+07
6.646459480218687654e+07,-1.504560440000000123e-09,5.316499999999999915e+01,6.307000000000000000e+07,6.970000000000000000e+07
6.648991961621379852e+07,-1.503987380000000213e-09,5.317000000000000171e+01,6.307000000000000000e+07,6.970000000000000000e+07
6.652741857037313282e+07,-1.503139640000000301e-09,5.317500000000000426e+01,6.307000000000000000e+07,6.970000000000000000e+07
6.652242786026865244e+07,-1.503252410000000142e-09,5.317999999999999972e+01,6.307000000000000000e+07,6.970000000000000000e+07
6.653062086129225045e+07,-1.503067289999999985e-09,5.318500000000000227e+01,6.307000000000000000e+07,6.970000000000000000e+07
6.655400892099253088e+07,-1.502539090000000148e-09,5.318999999999999773e+01,6.307000000000000000e+07,6.970000000000000000e+07
6.653310058014402539e+07,-1.503011270000000036e-09,5.319500000000000028e+01,6.307000000000000000e+07,6.970000000000000000e+07
6.649495850850903988e+07,-1.503873409999999989e-09,5.320000000000000284e+01,6.307000000000000000e+07,6.970000000000000000e+07
6.648703288770443946e+07,-1.504052680000000143e-09,5.320499999999999829e+01,6.307000000000000000e+07,6.970000000000000000e+07
6.646027605166225135e+07,-1.504658210000000146e-09,5.321000000000000085e+01,6.307000000000000000e+07,6.970000000000000000e+07
6.641386715170395374e+07,-1.505709640000000221e-09,5.321500000000000341e+01,6.307000000000000000e+07,6.970000000000000000e+07
6.642630000022186339e+07,-1.505427820000000051e-09,5.321999999999999886e+01,6.307000000000000000e+07,6.970000000000000000e+07
6.645913561001907289e+07,-1.504684029999999981e-09,5.322500000000000142e+01,6.307000000000000000e+07,6.970000000000000000e+07
6.645080874554841220e+07,-1.504872580000000114e-09,5.323000000000000398e+01,6.307000000000000000e+07,6.970000000000000000e+07
6.645412245955692232e+07,-1.504797540000000016e-09,5.323499999999999943e+01,6.307000000000000000e+07,6.970000000000000000e+07
6.648148956883157790e+07,-1.504178090000000043e-09,5.324000000000000199e+01,6.307000000000000000e+07,6.970000000000000000e+07
6.645820014140842855e+07,-1.504705210000000032e-09,5.324500000000000455e+01,6.307000000000000000e+07,6.970000000000000000e+07
6.643339818982408941e+07,-1.505266970000000268e-09,5.325000000000000000e+01,6.307000000000000000e+07,6.970000000000000000e+07
6.645300872509397566e+07,-1.504822760000000074e-09,5.325500000000000256e+01,6.307000000000000000e+07,6.970000000000000000e+07
6.644272412271999568e+07,-1.505055690000000210e-09,5.325999999999999801e+01,6.307000000000000000e+07,6.970000000000000000e+07
6.640020573970948160e+07,-1.506019430000000083e-09,5.326500000000000057e+01,6.307000000000000000e+07,6.970000000000000000e+07
6.641063463244333118e+07,-1.505782930000000174e-09,5.327000000000000313e+01,6.307000000000000000e+07,6.970000000000000000e+07
6.642279934424224496e+07,-1.505507160000000072e-09,5.327499999999999858e+01,6.307000000000000000e+07,6.970000000000000000e+07
6.639529669528432935e+07,-1.506130780000000010e-09,5.328000000000000114e+01,6.307000000000000000e+07,6.970000000000000000e+07
6.639125361624859273e+07,-1.506222500000000172e-09,5.328500000000000369e+01,6.307000000000000000e+07,6.970000000000000000e+07
6.641011553567030281e+07,-1.505794700000000080e-09,5.328999999999999915e+01,6.307000000000000000e+07,6.970000000000000000e+07
6.639584201085490733e+07,-1.506118410000000120e-09,5.329500000000000171e+01,6.307000000000000000e+07,6.970000000000000000e+07
6.638001298870990425e+07,-1.506477560000000042e-09,5.330000000000000426e+01,6.307000000000000000e+07,6.970000000000000000e+07
6.640081947641745210e+07,-1.506005510000000113e-09,5.330499999999999972e+01,6.307000000000000000e+07,6.970000000000000000e+07
6.638614096366786212e+07,-1.506338500000000133e-09,5.331000000000000227e+01,6.307000000000000000e+07,6.970000000000000000e+07
6.635093838042096794e+07,-1.507137690000000079e-09,5.331499999999999773e+01,6.307000000000000000e+07,6.970000000000000000e+07
6.636445796769227087e+07,-1.506830660000000103e-09,5.332000000000000028e+01,6.307000000000000000e+07,6.970000000000000000e+07
6.637674190824371576e+07,-1.506551800000000091e-09,5.332500000000000284e+01,6.307000000000000000e+07,6.970000000000000000e+07
6.634852856844564527e+07,-1.507192429999999910e-09,5.332999999999999829e+01,6.307000000000000000e+07,6.970000000000000000e+07
6.635723844000501931e+07,-1.506994600000000209e-09,5.333500000000000085e+01,6.307000000000000000e+07,6.970000000000000000e+07
6.639286867292725295e+07,-1.506185860000000114e-09,5.334000000000000341e+01,6.307000000000000000e+07,6.970000000000000000e+07
6.639863749995850772e+07,-1.506054999999999924e-09,5.334499999999999886e+01,6.307000000000000000e+07,6.970000000000000000e+07
6.641204642265799642e+07,-1.505750920000000269e-09,5.335000000000000142e+01,6.307000000000000000e+07,6.970000000000000000e+07
6.647179043236555159e+07,-1.504397570000000234e-09,5.335500000000000398e+01,6.307000000000000000e+07,6.970000000000000000e+07
6.651184792507610470e+07,-1.503491530000000142e-09,5.335999999999999943e+01,6.307000000000000000e+07,6.970000000000000000e+07
6.654622111194436252e+07,-1.502714930000000118e-09,5.336500000000000199e+01,6.307000000000000000e+07,6.970000000000000000e+07
6.662140097784360498e+07,-1.501019170000000080e-09,5.337000000000000455e+01,6.307000000000000000e+07,6.970000000000000000e+07
6.669520421064431965e+07,-1.499358180000000041e-09,5.337500000000000000e+01,6.307000000000000000e+07,6.970000000000000000e+07
6.672391400557908416e+07,-1.498713039999999984e-09,5.338000000000000256e+01,6.307000000000000000e+07,6.970000000000000000e+07
6.675311595701796561e+07,-1.498057409999999934e-09,5.338499999999999801e+01,6.307000000000000000e+07,6.970000000000000000e+07
6.678973967470030487e+07,-1.497235960000000089e-09,5.339000000000000057e+01,6.307000000000000000e+07,6.970000000000000000e+07
6.679732981414718181e+07,-1.497065830000000119e-09,5.339500000000000313e+01,6.307000000000000000e+07,6.970000000000000000e+07
6.680180939915352315e+07,-1.496965440000000213e-09,5.339999999999999858e+01,6.307000000000000000e+07,6.970000000000000000e+07
6.683796702912495285e+07,-1.496155620000000063e-09,5.340500000000000114e+01,6.307000000000000000e+07,6.970000000000000000e+07
6.684160183332075924e+07,-1.496074260000000143e-09,5.341000000000000369e+01,6.307000000000000000e+07,6.970000000000000000e+07
6.680645471940336376e+07,-1.496861350000000160e-09,5.341499999999999915e+01,6.307000000000000000e+07,6.970000000000000000e+07
6.680427322619073093e+07,-1.496910229999999943e-09,5.342000000000000171e+01,6.307000000000000000e+07,6.970000000000000000e+07
6.680600484171175957e+07,-1.496871429999999982e-09,5.342500000000000426e+01,6.307000000000000000e+07,6.970000000000000000e+07
6.677415703369323164e+07,-1.497585360000000005e-09,5.342999999999999972e+01,6.307000000000000000e+07,6.970000000000000000e+07
6.677730241093707085e+07,-1.497514820000000101e-09,5.343500000000000227e+01,6.307000000000000000e+07,6.970000000000000000e+07
6.680213337689901143e+07,-1.496958180000000132e-09,5.343999999999999773e+01,6.307000000000000000e+07,6.970000000000000000e+07
6.677835792218204588e+07,-1.497491150000000124e-09,5.344500000000000028e+01,6.307000000000000000e+07,6.970000000000000000e+07
6.676276543632081151e+07,-1.497840890000000107e-09,5.345000000000000284e+01,6.307000000000000000e+07,6.970000000000000000e+07
6.679213346297241002e+07,-1.497182300000000106e-09,5.345499999999999829e+01,6.307000000000000000e+07,6.970000000000000000e+07
6.679120956349132210e+07,-1.497203010000000132e-09,5.346000000000000085e+01,6.307000000000000000e+07,6.970000000000000000e+07
6.676673130220390111e+07,-1.497751920000000201e-09,5.346500000000000341e+01,6.307000000000000000e+07,6.970000000000000000e+07
6.678852455600325018e+07,-1.497263200000000046e-09,5.346999999999999886e+01,6.307000000000000000e+07,6.970000000000000000e+07
6.679416158111505955e+07,-1.497136840000000049e-09,5.347500000000000142e+01,6.307000000000000000e+07,6.970000000000000000e+07
6.675539036593015492e+07,-1.498006370000000042e-09,5.348000000000000398e+01,6.307000000000000000e+07,6.970000000000000000e+07
6.675678966785405576e+07,-1.497974970000000166e-09,5.348499999999999943e+01,6.307000000000000000e+07,6.970000000000000000e+07
6.678086773817414790e+07,-1.497434870000000051e-09,5.349000000000000199e+01,6.307000000000000000e+07,6.970000000000000000e+07
6.675217174853175133e+07,-1.498078600000000030e-09,5.349500000000000455e+01,6.307000000000000000e+07,6.970000000000000000e+07
6.672859658744484931e+07,-1.498607870000000084e-09,5.350000000000000000e+01,6.307000000000000000e+07,6.970000000000000000e+07
6.674326212419054657e+07,-1.498278580000000209e-09,5.350500000000000256e+01,6.307000000000000000e+07,6.970000000000000000e+07
6.672051902158628404e+07,-1.498789300000000140e-09,5.350999999999999801e+01,6.307000000000000000e+07,6.970000000000000000e+07
6.666418231480573863e+07,-1.500055900000000025e-09,5.351500000000000057e+01,6.307000000000000000e+07,6.970000000000000000e+07
6.666163326894397289e+07,-1.500113260000000153e-09,5.352000000000000313e+01,6.307000000000000000e+07,6.970000000000000000e+07
6.664915393497871608e+07,-1.500394140000000065e-09,5.352499999999999858e+01,6.307000000000000000e+07,6.970000000000000000e+07
6.658714962432828546e+07,-1.501791270000000117e-09,5.353000000000000114e+01,6.307000000000000000e+07,6.970000000000000000e+07
6.656706946111940593e+07,-1.502244290000000059e-09,5.353500000000000369e+01,6.307000000000000000e+07,6.970000000000000000e+07
6.659317887400657684e+07,-1.501655299999999911e-09,5.353999999999999915e+01,6.307000000000000000e+07,6.970000000000000000e+07
6.659042063503954560e+07,-1.501717500000000093e-09,5.354500000000000171e+01,6.307000000000000000e+07,6.970000000000000000e+07
6.658024550799728930e+07,-1.501947000000000045e-09,5.355000000000000426e+01,6.307000000000000000e+07,6.970000000000000000e+07
6.659649793258497864e+07,-1.501580460000000084e-09,5.355499999999999972e+01,6.307000000000000000e+07,6.970000000000000000e+07
6.656467095265932381e+07,-1.502298420000000068e-09,5.356000000000000227e+01,6.307000000000000000e+07,6.970000000000000000e+07
6.648997310926070809e+07,-1.503986169999999993e-09,5.356499999999999773e+01,6.307000000000000000e+07,6.970000000000000000e+07
6.644766711643099040e+07,-1.504943730000000047e-09,5.357000000000000028e+01,6.307000000000000000e+07,6.970000000000000000e+07
6.638218801267793030e+07,-1.506428200000000189e-09,5.357500000000000284e+01,6.307000000000000000e+07,6.970000000000000000e+07
6.627111602368585765e+07,-1.508953010000000014e-09,5.357999999999999829e+01,6.307000000000000000e+07,6.970000000000000000e+07
6.620181955701052397e+07,-1.510532500000000129e-09,5.358500000000000085e+01,6.307000000000000000e+07,6.970000000000000000e+07
6.615249551325660944e+07,-1.511658770000000031e-09,5.359000000000000341e+01,6.307000000000000000e+07,6.970000000000000000e+07
6.604403215063111484e+07,-1.514141350000000125e-09,5.359499999999999886e+01,6.307000000000000000e+07,6.970000000000000000e+07
6.593195698087494075e+07,-1.516715180000000149e-09,5.360000000000000142e+01,6.307000000000000000e+07,6.970000000000000000e+07
6.585634994104474783e+07,-1.518456459999999892e-09,5.360500000000000398e+01,6.307000000000000000e+07,6.970000000000000000e+07
6.575302055568298697e+07,-1.520842680000000040e-09,5.360999999999999943e+01,6.307000000000000000e+07,6.970000000000000000e+07
6.564342268298099190e+07,-1.523381870000000024e-09,5.361500000000000199e+01,6.307000000000000000e+07,6.970000000000000000e+07
6.557655652793274820e+07,-1.524935210000000075e-09,5.362000000000000455e+01,6.307000000000000000e+07,6.970000000000000000e+07
6.550311818423678726e+07,-1.526644880000000246e-09,5.362500000000000000e+01,6.307000000000000000e+07,6.970000000000000000e+07
6.539710867218697071e+07,-1.529119590000000230e-09,5.363000000000000256e+01,6.307000000000000000e+07,6.970000000000000000e+07
6.531099758172968775e+07,-1.531135700000000230e-09,5.363499999999999801e+01,6.307000000000000000e+07,6.970000000000000000e+07
6.523767114352791011e+07,-1.532856680000000119e-09,5.364000000000000057e+01,6.307000000000000000e+07,6.970000000000000000e+07
6.512106422614450753e+07,-1.535601440000000161e-09,5.364500000000000313e+01,6.307000000000000000e+07,6.970000000000000000e+07
6.502208052321447432e+07,-1.537939100000000091e-09,5.364999999999999858e+01,6.307000000000000000e+07,6.970000000000000000e+07
6.496280405239529908e+07,-1.539342420000000214e-09,5.365500000000000114e+01,6.307000000000000000e+07,6.970000000000000000e+07
6.486969607931124419e+07,-1.541551850000000090e-09,5.366000000000000369e+01,6.307000000000000000e+07,6.970000000000000000e+07
6.475990117690888792e+07,-1.544165419999999919e-09,5.366499999999999915e+01,6.307000000000000000e+07,6.970000000000000000e+07
6.469333911364004761e+07,-1.545754190000000222e-09,5.367000000000000171e+01,6.307000000000000000e+07,6.970000000000000000e+07
6.460473379945692420e+07,-1.547874190000000003e-09,5.367500000000000426e+01,6.307000000000000000e+07,6.970000000000000000e+07
6.445982316878521442e+07,-1.551353930000000161e-09,5.367999999999999972e+01,6.307000000000000000e+07,6.970000000000000000e+07
6.434002333175133169e+07,-1.554242520000000267e-09,5.368500000000000227e+01,6.307000000000000000e+07,6.970000000000000000e+07
6.425219634728447348e+07,-1.556367030000000287e-09,5.368999999999999773e+01,6.307000000000000000e+07,6.970000000000000000e+07
6.414667439873573929e+07,-1.558927270000000156e-09,5.369500000000000028e+01,6.307000000000000000e+07,6.970000000000000000e+07
6.408999342552028596e+07,-1.560305980000000251e-09,5.370000000000000284e+01,6.307000000000000000e+07,6.970000000000000000e+07
6.409340490848958492e+07,-1.560222930000000040e-09,5.370499999999999829e+01,6.307000000000000000e+07,6.970000000000000000e+07
6.407734022188662738e+07,-1.560614090000000074e-09,5.371000000000000085e+01,6.307000000000000000e+07,6.970000000000000000e+07
6.405722185507113487e+07,-1.561104230000000145e-09,5.371500000000000341e+01,6.307000000000000000e+07,6.970000000000000000e+07
6.407721334965696186e+07,-1.560617179999999984e-09,5.371999999999999886e+01,6.307000000000000000e+07,6.970000000000000000e+07
6.408679258939550817e+07,-1.560383910000000195e-09,5.372500000000000142e+01,6.307000000000000000e+07,6.970000000000000000e+07
6.406168412440448254e+07,-1.560995490000000058e-09,5.373000000000000398e+01,6.307000000000000000e+07,6.970000000000000000e+07
6.407161997440954298e+07,-1.560753419999999945e-09,5.373499999999999943e+01,6.307000000000000000e+07,6.970000000000000000e+07
6.410004612126518786e+07,-1.560061280000000002e-09,5.374000000000000199e+01,6.307000000000000000e+07,6.970000000000000000e+07
6.407714437079147249e+07,-1.560618860000000023e-09,5.374500000000000455e+01,6.307000000000000000e+07,6.970000000000000000e+07
6.407085806345652044e+07,-1.560771980000000113e-09,5.375000000000000000e+01,6.307000000000000000e+07,6.970000000000000000e+07
6.412424220695839822e+07,-1.559472620000000083e-09,5.375500000000000256e+01,6.307000000000000000e+07,6.970000000000000000e+07
6.413774653451409191e+07,-1.559144270000000053e-09,5.375999999999999801e+01,6.307000000000000000e+07,6.970000000000000000e+07
6.412733369627694786e+07,-1.559397439999999982e-09,5.376500000000000057e+01,6.307000000000000000e+07,6.970000000000000000e+07
6.416721174574137479e+07,-1.558428320000000131e-09,5.377000000000000313e+01,6.307000000000000000e+07,6.970000000000000000e+07
6.419467811610420048e+07,-1.557761530000000204e-09,5.377499999999999858e+01,6.307000000000000000e+07,6.970000000000000000e+07
6.418380598929902166e+07,-1.558025400000000028e-09,5.378000000000000114e+01,6.307000000000000000e+07,6.970000000000000000e+07
6.421056586273904145e+07,-1.557376090000000008e-09,5.378500000000000369e+01,6.307000000000000000e+07,6.970000000000000000e+07
6.425641620556583256e+07,-1.556264820000000131e-09,5.378999999999999915e+01,6.307000000000000000e+07,6.970000000000000000e+07
6.426818197157828510e+07,-1.555979910000000051e-09,5.379500000000000171e+01,6.307000000000000000e+07,6.970000000000000000e+07
6.428886127139413357e+07,-1.555479410000000152e-09,5.380000000000000426e+01,6.307000000000000000e+07,6.970000000000000000e+07
6.433760959903752804e+07,-1.554300830000000077e-09,5.380499999999999972e+01,6.307000000000000000e+07,6.970000000000000000e+07
6.434898234304463863e+07,-1.554026130000000192e-09,5.381000000000000227e+01,6.307000000000000000e+07,6.970000000000000000e+07
6.433426147085671872e+07,-1.554381720000000179e-09,5.381499999999999773e+01,6.307000000000000000e+07,6.970000000000000000e+07
6.434734221732473373e+07,-1.554065740000000039e-09,5.382000000000000028e+01,6.307000000000000000e+07,6.970000000000000000e+07
6.434964777512443811e+07,-1.554010060000000157e-09,5.382500000000000284e+01,6.307000000000000000e+07,6.970000000000000000e+07
6.432253521560710669e+07,-1.554665090000000222e-09,5.382999999999999829e+01,6.307000000000000000e+07,6.970000000000000000e+07
6.432251039128547907e+07,-1.554665690000000000e-09,5.383500000000000085e+01,6.307000000000000000e+07,6.970000000000000000e+07
6.433722547169174254e+07,-1.554310110000000265e-09,5.384000000000000341e+01,6.307000000000000000e+07,6.970000000000000000e+07
6.431044390226023644e+07,-1.554957390000000135e-09,5.384499999999999886e+01,6.307000000000000000e+07,6.970000000000000000e+07
6.428866949808967859e+07,-1.555484050000000142e-09,5.385000000000000142e+01,6.307000000000000000e+07,6.970000000000000000e+07
6.429875154650554061e+07,-1.555240149999999942e-09,5.385500000000000398e+01,6.307000000000000000e+07,6.970000000000000000e+07
6.428061646551076323e+07,-1.555678920000000099e-09,5.385999999999999943e+01,6.307000000000000000e+07,6.970000000000000000e+07
6.424228737131088972e+07,-1.556607090000000131e-09,5.386500000000000199e+01,6.307000000000000000e+07,6.970000000000000000e+07
6.423256711267513037e+07,-1.556842650000000196e-09,5.387000000000000455e+01,6.307000000000000000e+07,6.970000000000000000e+07
6.420758837254765630e+07,-1.557448310000000158e-09,5.387500000000000000e+01,6.307000000000000000e+07,6.970000000000000000e+07
6.414787799910092354e+07,-1.558898020000000138e-09,5.388000000000000256e+01,6.307000000000000000e+07,6.970000000000000000e+07
6.412138619561967254e+07,-1.559542080000000139e-09,5.388499999999999801e+01,6.307000000000000000e+07,6.970000000000000000e+07
6.411184881338713318e+07,-1.559774080000000062e-09,5.389000000000000057e+01,6.307000000000000000e+07,6.970000000000000000e+07
6.406036474792976677e+07,-1.561027640000000174e-09,5.389500000000000313e+01,6.307000000000000000e+07,6.970000000000000000e+07
6.401326436774678528e+07,-1.562176230000000036e-09,5.389999999999999858e+01,6.307000000000000000e+07,6.970000000000000000e+07
6.400661080758536607e+07,-1.562338620000000061e-09,5.390500000000000114e+01,6.307000000000000000e+07,6.970000000000000000e+07
6.397662693266032636e+07,-1.563070840000000082e-09,5.391000000000000369e+01,6.307000000000000000e+07,6.970000000000000000e+07
6.394093003885875642e+07,-1.563943470000000030e-09,5.391499999999999915e+01,6.307000000000000000e+07,6.970000000000000000e+07
6.393410184254884720e+07,-1.564110500000000045e-09,5.392000000000000171e+01,6.307000000000000000e+07,6.970000000000000000e+07
6.390841239405750483e+07,-1.564739230000000206e-09,5.392500000000000426e+01,6.307000000000000000e+07,6.970000000000000000e+07
6.385270560036436468e+07,-1.566104350000000145e-09,5.392999999999999972e+01,6.307000000000000000e+07,6.970000000000000000e+07
6.383233074870269001e+07,-1.566604240000000016e-09,5.393500000000000227e+01,6.307000000000000000e+07,6.970000000000000000e+07
6.382317528887661546e+07,-1.566828970000000019e-09,5.393999999999999773e+01,6.307000000000000000e+07,6.970000000000000000e+07
6.376725868827304989e+07,-1.568202900000000121e-09,5.394500000000000028e+01,6.307000000000000000e+07,6.970000000000000000e+07
6.374126350290942192e+07,-1.568842450000000091e-09,5.395000000000000284e+01,6.307000000000000000e+07,6.970000000000000000e+07
6.375788976788774878e+07,-1.568433339999999918e-09,5.395499999999999829e+01,6.307000000000000000e+07,6.970000000000000000e+07
6.373793287162976712e+07,-1.568924430000000085e-09,5.396000000000000085e+01,6.307000000000000000e+07,6.970000000000000000e+07
6.370894816768669337e+07,-1.569638220000000104e-09,5.396500000000000341e+01,6.307000000000000000e+07,6.970000000000000000e+07
6.372677547767169029e+07,-1.569199120000000132e-09,5.396999999999999886e+01,6.307000000000000000e+07,6.970000000000000000e+07
6.374073044850139320e+07,-1.568855570000000013e-09,5.397500000000000142e+01,6.307000000000000000e+07,6.970000000000000000e+07
6.372932635788664967e+07,-1.569136310000000128e-09,5.398000000000000398e+01,6.307000000000000000e+07,6.970000000000000000e+07
6.374419221087149531e+07,-1.568770370000000151e-09,5.398499999999999943e+01,6.307000000000000000e+07,6.970000000000000000e+07
6.375838692964288592e+07,-1.568421110000000238e-09,5.399000000000000199e+01,6.307000000000000000e+07,6.970000000000000000e+07
6.371938391129522771e+07,-1.569381149999999966e-09,5.399500000000000455e+01,6.307000000000000000e+07,6.970000000000000000e+07
6.369959637260355055e+07,-1.569868660000000108e-09,5.400000000000000000e+01,6.307000000000000000e+07,6.970000000000000000e+07
6.371441831673311442e+07,-1.569503460000000119e-09,5.400500000000000256e+01,6.307000000000000000e+07,6.970000000000000000e+07
6.369014591157666594e+07,-1.570101600000000289e-09,5.400999999999999801e+01,6.307000000000000000e+07,6.970000000000000000e+07
6.364733065004673600e+07,-1.571157800000000106e-09,5.401500000000000057e+01,6.307000000000000000e+07,6.970000000000000000e+07
6.365301347082994878e+07,-1.571017530000000184e-09,5.402000000000000313e+01,6.307000000000000000e+07,6.970000000000000000e+07
6.365241139299488813e+07,-1.571032390000000206e-09,5.402499999999999858e+01,6.307000000000000000e+07,6.970000000000000000e+07
6.362216496213237941e+07,-1.571779269999999979e-09,5.403000000000000114e+01,6.307000000000000000e+07,6.970000000000000000e+07
6.363076765742508322e+07,-1.571566770000000069e-09,5.403500000000000369e+01,6.307000000000000000e+07,6.970000000000000000e+07
6.365372738945605606e+07,-1.570999910000000068e-09,5.403999999999999915e+01,6.307000000000000000e+07,6.970000000000000000e+07
6.363185115471542627e+07,-1.571540010000000183e-09,5.404500000000000171e+01,6.307000000000000000e+07,6.970000000000000000e+07
6.362456336211840063e+07,-1.571720020000000117e-09,5.405000000000000426e+01,6.307000000000000000e+07,6.970000000000000000e+07
6.366243386603129655e+07,-1.570785060000000029e-09,5.405499999999999972e+01,6.307000000000000000e+07,6.970000000000000000e+07
6.366857704232082516e+07,-1.570633500000000065e-09,5.406000000000000227e+01,6.307000000000000000e+07,6.970000000000000000e+07
6.365863489914052933e+07,-1.570878800000000091e-09,5.406499999999999773e+01,6.307000000000000000e+07,6.970000000000000000e+07
6.369610658886093646e+07,-1.569954670000000064e-09,5.407000000000000028e+01,6.307000000000000000e+07,6.970000000000000000e+07
6.371431723466865718e+07,-1.569505950000000044e-09,5.407500000000000284e+01,6.307000000000000000e+07,6.970000000000000000e+07
6.370609331454496086e+07,-1.569708560000000152e-09,5.407999999999999829e+01,6.307000000000000000e+07,6.970000000000000000e+07
6.372708412291190773e+07,-1.569191519999999984e-09,5.408500000000000085e+01,6.307000000000000000e+07,6.970000000000000000e+07
6.374497928606898338e+07,-1.568751000000000097e-09,5.409000000000000341e+01,6.307000000000000000e+07,6.970000000000000000e+07
6.371996817366005480e+07,-1.569366760000000177e-09,5.409499999999999886e+01,6.307000000000000000e+07,6.970000000000000000e+07
6.370956511583270878e+07,-1.569623020000000222e-09,5.410000000000000142e+01,6.307000000000000000e+07,6.970000000000000000e+07
6.373443401171245426e+07,-1.569010559999999954e-09,5.410500000000000398e+01,6.307000000000000000e+07,6.970000000000000000e+07
6.372394379713839293e+07,-1.569268850000000150e-09,5.410999999999999943e+01,6.307000000000000000e+07,6.970000000000000000e+07
6.371383943342800438e+07,-1.569517719999999950e-09,5.411500000000000199e+01,6.307000000000000000e+07,6.970000000000000000e+07
6.375389080432495475e+07,-1.568531719999999970e-09,5.412000000000000455e+01,6.307000000000000000e+07,6.970000000000000000e+07
6.377181973538087308e+07,-1.568090740000000101e-09,5.412500000000000000e+01,6.307000000000000000e+07,6.970000000000000000e+07
6.375887109052918106e+07,-1.568409200000000122e-09,5.413000000000000256e+01,6.307000000000000000e+07,6.970000000000000000e+07
6.377527389391496778e+07,-1.568005810000000201e-09,5.413499999999999801e+01,6.307000000000000000e+07,6.970000000000000000e+07
6.378915978245548904e+07,-1.567664480000000045e-09,5.414000000000000057e+01,6.307000000000000000e+07,6.970000000000000000e+07
6.375135177569413185e+07,-1.568594190000000114e-09,5.414500000000000313e+01,6.307000000000000000e+07,6.970000000000000000e+07
6.372675111106953025e+07,-1.569199720000000117e-09,5.414999999999999858e+01,6.307000000000000000e+07,6.970000000000000000e+07
6.372335946186489612e+07,-1.569283240000000147e-09,5.415500000000000114e+01,6.307000000000000000e+07,6.970000000000000000e+07
6.368285043827205896e+07,-1.570281470000000220e-09,5.416000000000000369e+01,6.307000000000000000e+07,6.970000000000000000e+07
6.364903332362325490e+07,-1.571115770000000026e-09,5.416499999999999915e+01,6.307000000000000000e+07,6.970000000000000000e+07
6.365934327035310864e+07,-1.570861319999999978e-09,5.417000000000000171e+01,6.307000000000000000e+07,6.970000000000000000e+07
6.364580792208154500e+07,-1.571195390000000053e-09,5.417500000000000426e+01,6.307000000000000000e+07,6.970000000000000000e+07
6.359875191265296191e+07,-1.572357900000000092e-09,5.417999999999999972e+01,6.307000000000000000e+07,6.970000000000000000e+07
6.359008225421652943e+07,-1.572572270000000061e-09,5.418500000000000227e+01,6.307000000000000000e+07,6.970000000000000000e+07
6.359934771745789051e+07,-1.572343170000000029e-09,5.418999999999999773e+01,6.307000000000000000e+07,6.970000000000000000e+07
6.356237518256385624e+07,-1.573257759999999952e-09,5.419500000000000028e+01,6.307000000000000000e+07,6.970000000000000000e+07
6.354327937523993850e+07,-1.573730550000000075e-09,5.420000000000000284e+01,6.307000000000000000e+07,6.970000000000000000e+07
6.354276618156889826e+07,-1.573743260000000239e-09,5.420499999999999829e+01,6.307000000000000000e+07,6.970000000000000000e+07
6.349986692015390098e+07,-1.574806450000000175e-09,5.421000000000000085e+01,6.307000000000000000e+07,6.970000000000000000e+07
6.345175088253771514e+07,-1.576000640000000097e-09,5.421500000000000341e+01,6.307000000000000000e+07,6.970000000000000000e+07
6.344386830715169013e+07,-1.576196450000000105e-09,5.421999999999999886e+01,6.307000000000000000e+07,6.970000000000000000e+07
6.341115086356157809e+07,-1.577009700000000231e-09,5.422500000000000142e+01,6.307000000000000000e+07,6.970000000000000000e+07
6.334647559435448050e+07,-1.578619790000000175e-09,5.423000000000000398e+01,6.307000000000000000e+07,6.970000000000000000e+07
6.333266302042792737e+07,-1.578964080000000075e-09,5.423499999999999943e+01,6.307000000000000000e+07,6.970000000000000000e+07
6.332546805689879507e+07,-1.579143479999999980e-09,5.424000000000000199e+01,6.307000000000000000e+07,6.970000000000000000e+07
6.327605430925527960e+07,-1.580376669999999927e-09,5.424500000000000455e+01,6.307000000000000000e+07,6.970000000000000000e+07
6.326097256508263201e+07,-1.580753440000000172e-09,5.425000000000000000e+01,6.307000000000000000e+07,6.970000000000000000e+07
6.326546707496174425e+07,-1.580641140000000149e-09,5.425500000000000256e+01,6.307000000000000000e+07,6.970000000000000000e+07
6.322973676309803873e+07,-1.581534340000000119e-09,5.425999999999999801e+01,6.307000000000000000e+07,6.970000000000000000e+07
6.319384791207399964e+07,-1.582432520000000146e-09,5.426500000000000057e+01,6.307000000000000000e+07,6.970000000000000000e+07
6.320469601789937168e+07,-1.582160920000000008e-09,5.427000000000000313e+01,6.307000000000000000e+07,6.970000000000000000e+07
6.318641854943975061e+07,-1.582618580000000147e-09,5.427499999999999858e+01,6.307000000000000000e+07,6.970000000000000000e+07
6.311924834922809154e+07,-1.584302770000000137e-09,5.428000000000000114e+01,6.307000000000000000e+07,6.970000000000000000e+07
6.308907531402208656e+07,-1.585060480000000178e-09,5.428500000000000369e+01,6.307000000000000000e+07,6.970000000000000000e+07
6.307258753518024087e+07,-1.585474829999999912e-09,5.428999999999999915e+01,6.307000000000000000e+07,6.970000000000000000e+07
6.300041664065536857e+07,-1.587291090000000105e-09,5.429500000000000171e+01,6.307000000000000000e+07,6.970000000000000000e+07
6.293890959988117963e+07,-1.588842270000000047e-09,5.430000000000000426e+01,6.307000000000000000e+07,6.970000000000000000e+07
6.291780370935057849e+07,-1.589375250000000084e-09,5.430499999999999972e+01,6.307000000000000000e+07,6.970000000000000000e+07
6.287208090429668874e+07,-1.590531100000000027e-09,5.431000000000000227e+01,6.307000000000000000e+07,6.970000000000000000e+07
6.282077899537500739e+07,-1.591829990000000031e-09,5.431499999999999773e+01,6.307000000000000000e+07,6.970000000000000000e+07
6.282409379385906458e+07,-1.591746000000000182e-09,5.432000000000000028e+01,6.307000000000000000e+07,6.970000000000000000e+07
6.281360674630699307e+07,-1.592011750000000109e-09,5.432500000000000284e+01,6.307000000000000000e+07,6.970000000000000000e+07
6.276352088012732565e+07,-1.593282190000000143e-09,5.432999999999999829e+01,6.307000000000000000e+07,6.970000000000000000e+07
6.275373728470439464e+07,-1.593530590000000123e-09,5.433500000000000085e+01,6.307000000000000000e+07,6.970000000000000000e+07
6.277921448010116071e+07,-1.592883899999999986e-09,5.434000000000000341e+01,6.307000000000000000e+07,6.970000000000000000e+07
6.276723227600549906e+07,-1.593187980000000055e-09,5.434499999999999886e+01,6.307000000000000000e+07,6.970000000000000000e+07
6.277241186646661162e+07,-1.593056520000000088e-09,5.435000000000000142e+01,6.307000000000000000e+07,6.970000000000000000e+07
6.280582077563920617e+07,-1.592209109999999991e-09,5.435500000000000398e+01,6.307000000000000000e+07,6.970000000000000000e+07
6.280323482128871977e+07,-1.592274670000000044e-09,5.435999999999999943e+01,6.307000000000000000e+07,6.970000000000000000e+07
6.282751749265731871e+07,-1.591659260000000077e-09,5.436500000000000199e+01,6.307000000000000000e+07,6.970000000000000000e+07
6.293833957306130230e+07,-1.588856660000000043e-09,5.437000000000000455e+01,6.307000000000000000e+07,6.970000000000000000e+07
6.305957609574668854e+07,-1.585801969999999929e-09,5.437500000000000000e+01,6.307000000000000000e+07,6.970000000000000000e+07
6.317828762403177470e+07,-1.582822260000000058e-09,5.438000000000000256e+01,6.307000000000000000e+07,6.970000000000000000e+07
6.334008388722705841e+07,-1.578779090000000083e-09,5.438499999999999801e+01,6.307000000000000000e+07,6.970000000000000000e+07
6.351418376839521527e+07,-1.574451470000000217e-09,5.439000000000000057e+01,6.307000000000000000e+07,6.970000000000000000e+07
6.365963748408301920e+07,-1.570854060000000104e-09,5.439500000000000313e+01,6.307000000000000000e+07,6.970000000000000000e+07
6.382957157157519460e+07,-1.566671960000000179e-09,5.439999999999999858e+01,6.307000000000000000e+07,6.970000000000000000e+07
6.403168144166767597e+07,-1.561726910000000032e-09,5.440500000000000114e+01,6.307000000000000000e+07,6.970000000000000000e+07
6.419739394145953655e+07,-1.557695630000000083e-09,5.441000000000000369e+01,6.307000000000000000e+07,6.970000000000000000e+07
6.436283751550178975e+07,-1.553691600000000136e-09,5.441499999999999915e+01,6.307000000000000000e+07,6.970000000000000000e+07
6.457768948543863744e+07,-1.548522420000000176e-09,5.442000000000000171e+01,6.307000000000000000e+07,6.970000000000000000e+07
6.478952578317319602e+07,-1.543459360000000006e-09,5.442500000000000426e+01,6.307000000000000000e+07,6.970000000000000000e+07
6.498089756554265320e+07,-1.538913800000000191e-09,5.442999999999999972e+01,6.307000000000000000e+07,6.970000000000000000e+07
6.519797577236700058e+07,-1.533789950000000123e-09,5.443500000000000227e+01,6.307000000000000000e+07,6.970000000000000000e+07
6.538556682005751133e+07,-1.529389509999999915e-09,5.443999999999999773e+01,6.307000000000000000e+07,6.970000000000000000e+07
6.551710270897364616e+07,-1.526319020000000141e-09,5.444500000000000028e+01,6.307000000000000000e+07,6.970000000000000000e+07
6.567861811504428089e+07,-1.522565530000000194e-09,5.445000000000000284e+01,6.307000000000000000e+07,6.970000000000000000e+07
6.587159476132165641e+07,-1.518105040000000076e-09,5.445499999999999829e+01,6.307000000000000000e+07,6.970000000000000000e+07
6.602832332469406724e+07,-1.514501579999999896e-09,5.446000000000000085e+01,6.307000000000000000e+07,6.970000000000000000e+07
6.617285351194322109e+07,-1.511193710000000014e-09,5.446500000000000341e+01,6.307000000000000000e+07,6.970000000000000000e+07
6.634979552485889196e+07,-1.507163650000000124e-09,5.446999999999999886e+01,6.307000000000000000e+07,6.970000000000000000e+07
6.649174461770936847e+07,-1.503946100000000165e-09,5.447500000000000142e+01,6.307000000000000000e+07,6.970000000000000000e+07
6.659045655276028812e+07,-1.501716690000000207e-09,5.448000000000000398e+01,6.307000000000000000e+07,6.970000000000000000e+07
6.672710852641728520e+07,-1.498641290000000067e-09,5.448499999999999943e+01,6.307000000000000000e+07,6.970000000000000000e+07
6.688422455102241784e+07,-1.495120870000000053e-09,5.449000000000000199e+01,6.307000000000000000e+07,6.970000000000000000e+07
6.701122273803366721e+07,-1.492287350000000006e-09,5.449500000000000455e+01,6.307000000000000000e+07,6.970000000000000000e+07
6.716740594695912302e+07,-1.488817360000000269e-09,5.450000000000000000e+01,6.307000000000000000e+07,6.970000000000000000e+07
6.733990001061882079e+07,-1.485003690000000246e-09,5.450500000000000256e+01,6.307000000000000000e+07,6.970000000000000000e+07
6.744645788233432174e+07,-1.482657550000000177e-09,5.450999999999999801e+01,6.307000000000000000e+07,6.970000000000000000e+07
6.753493769736535847e+07,-1.480715070000000197e-09,5.451500000000000057e+01,6.307000000000000000e+07,6.970000000000000000e+07
6.767247316111406684e+07,-1.477705709999999974e-09,5.452000000000000313e+01,6.307000000000000000e+07,6.970000000000000000e+07
6.778528382301625609e+07,-1.475246459999999997e-09,5.452499999999999858e+01,6.307000000000000000e+07,6.970000000000000000e+07
6.786124075511048734e+07,-1.473595220000000170e-09,5.453000000000000114e+01,6.307000000000000000e+07,6.970000000000000000e+07
6.794245844486370683e+07,-1.471833700000000015e-09,5.453500000000000369e+01,6.307000000000000000e+07,6.970000000000000000e+07
6.798373690326450765e+07,-1.470940030000000019e-09,5.453999999999999915e+01,6.307000000000000000e+07,6.970000000000000000e+07
6.796692745622043312e+07,-1.471303819999999932e-09,5.454500000000000171e+01,6.307000000000000000e+07,6.970000000000000000e+07
6.798372165136593580e+07,-1.470940360000000042e-09,5.455000000000000426e+01,6.307000000000000000e+07,6.970000000000000000e+07
6.803580237142463028e+07,-1.469814369999999939e-09,5.455499999999999972e+01,6.307000000000000000e+07,6.970000000000000000e+07
6.804727464642857015e+07,-1.469566570000000150e-09,5.456000000000000227e+01,6.307000000000000000e+07,6.970000000000000000e+07
6.806129199756903946e+07,-1.469263909999999996e-09,5.456499999999999773e+01,6.307000000000000000e+07,6.970000000000000000e+07
6.810928720872509480e+07,-1.468228550000000164e-09,5.457000000000000028e+01,6.307000000000000000e+07,6.970000000000000000e+07
6.807738159903502464e+07,-1.468916660000000145e-09,5.457500000000000284e+01,6.307000000000000000e+07,6.970000000000000000e+07
6.798207125150580704e+07,-1.470976070000000093e-09,5.457999999999999829e+01,6.307000000000000000e+07,6.970000000000000000e+07
6.791147817597076297e+07,-1.472505130000000138e-09,5.458500000000000085e+01,6.307000000000000000e+07,6.970000000000000000e+07
6.782298434397289157e+07,-1.474426420000000022e-09,5.459000000000000341e+01,6.307000000000000000e+07,6.970000000000000000e+07
6.767185721541298926e+07,-1.477719159999999919e-09,5.459499999999999886e+01,6.307000000000000000e+07,6.970000000000000000e+07
6.755142049592645466e+07,-1.480353770000000003e-09,5.460000000000000142e+01,6.307000000000000000e+07,6.970000000000000000e+07
6.748188062580832839e+07,-1.481879270000000114e-09,5.460500000000000398e+01,6.307000000000000000e+07,6.970000000000000000e+07
6.739836579182463884e+07,-1.483715500000000138e-09,5.460999999999999943e+01,6.307000000000000000e+07,6.970000000000000000e+07
6.732145715058930218e+07,-1.485410509999999937e-09,5.461500000000000199e+01,6.307000000000000000e+07,6.970000000000000000e+07
6.729133572507376969e+07,-1.486075419999999968e-09,5.462000000000000455e+01,6.307000000000000000e+07,6.970000000000000000e+07
6.723299754641915858e+07,-1.487364890000000195e-09,5.462500000000000000e+01,6.307000000000000000e+07,6.970000000000000000e+07
6.717099184713430703e+07,-1.488737880000000038e-09,5.463000000000000256e+01,6.307000000000000000e+07,6.970000000000000000e+07
6.717164743872661889e+07,-1.488723350000000038e-09,5.463499999999999801e+01,6.307000000000000000e+07,6.970000000000000000e+07
6.718345794924215972e+07,-1.488461639999999910e-09,5.464000000000000057e+01,6.307000000000000000e+07,6.970000000000000000e+07
6.714360605304712057e+07,-1.489345090000000080e-09,5.464500000000000313e+01,6.307000000000000000e+07,6.970000000000000000e+07
6.713150940513117611e+07,-1.489613460000000098e-09,5.464999999999999858e+01,6.307000000000000000e+07,6.970000000000000000e+07
6.712247706158146262e+07,-1.489813910000000096e-09,5.465500000000000114e+01,6.307000000000000000e+07,6.970000000000000000e+07
6.703807772870702296e+07,-1.491689550000000110e-09,5.466000000000000369e+01,6.307000000000000000e+07,6.970000000000000000e+07
6.692566049553406239e+07,-1.494195189999999945e-09,5.466499999999999915e+01,6.307000000000000000e+07,6.970000000000000000e+07
6.684963947788881510e+07,-1.495894379999999960e-09,5.467000000000000171e+01,6.307000000000000000e+07,6.970000000000000000e+07
6.674211195001495630e+07,-1.498304400000000251e-09,5.467500000000000426e+01,6.307000000000000000e+07,6.970000000000000000e+07
6.661240952685884386e+07,-1.501221780000000187e-09,5.467999999999999972e+01,6.307000000000000000e+07,6.970000000000000000e+07
6.652861491195925325e+07,-1.503112610000000246e-09,5.468500000000000227e+01,6.307000000000000000e+07,6.970000000000000000e+07
6.645528348577898741e+07,-1.504771249999999949e-09,5.468999999999999773e+01,6.307000000000000000e+07,6.970000000000000000e+07
6.635572550642955303e+07,-1.507028960000000036e-09,5.469500000000000028e+01,6.307000000000000000e+07,6.970000000000000000e+07
6.630390738076133281e+07,-1.508206740000000270e-09,5.470000000000000284e+01,6.307000000000000000e+07,6.970000000000000000e+07
6.630143900179100037e+07,-1.508262889999999971e-09,5.470499999999999829e+01,6.307000000000000000e+07,6.970000000000000000e+07
6.626059523482953757e+07,-1.509192600000000040e-09,5.471000000000000085e+01,6.307000000000000000e+07,6.970000000000000000e+07
6.622119930777126551e+07,-1.510090439999999999e-09,5.471500000000000341e+01,6.307000000000000000e+07,6.970000000000000000e+07
6.620186075423674285e+07,-1.510531560000000078e-09,5.471999999999999886e+01,6.307000000000000000e+07,6.970000000000000000e+07
6.615035608141325414e+07,-1.511707660000000065e-09,5.472500000000000142e+01,6.307000000000000000e+07,6.970000000000000000e+07
6.607122398660286516e+07,-1.513518200000000213e-09,5.473000000000000398e+01,6.307000000000000000e+07,6.970000000000000000e+07
6.602572022687836736e+07,-1.514561290000000152e-09,5.473499999999999943e+01,6.307000000000000000e+07,6.970000000000000000e+07
6.597392462436888367e+07,-1.515750360000000014e-09,5.474000000000000199e+01,6.307000000000000000e+07,6.970000000000000000e+07
6.589542094894374907e+07,-1.517556130000000007e-09,5.474500000000000455e+01,6.307000000000000000e+07,6.970000000000000000e+07
6.583298018876936287e+07,-1.518995489999999996e-09,5.475000000000000000e+01,6.307000000000000000e+07,6.970000000000000000e+07
6.579600653506991267e+07,-1.519849080000000119e-09,5.475500000000000256e+01,6.307000000000000000e+07,6.970000000000000000e+07
6.572468730329833925e+07,-1.521498300000000046e-09,5.475999999999999801e+01,6.307000000000000000e+07,6.970000000000000000e+07
6.566968526568746567e+07,-1.522772640000000082e-09,5.476500000000000057e+01,6.307000000000000000e+07,6.970000000000000000e+07
6.565994303159494698e+07,-1.522998580000000099e-09,5.477000000000000313e+01,6.307000000000000000e+07,6.970000000000000000e+07
6.561489102131014317e+07,-1.524044290000000129e-09,5.477499999999999858e+01,6.307000000000000000e+07,6.970000000000000000e+07
6.554171006592925638e+07,-1.525745970000000069e-09,5.478000000000000114e+01,6.307000000000000000e+07,6.970000000000000000e+07
6.552524357059922069e+07,-1.526129389999999952e-09,5.478500000000000369e+01,6.307000000000000000e+07,6.970000000000000000e+07
6.551288002875229716e+07,-1.526417399999999986e-09,5.478999999999999915e+01,6.307000000000000000e+07,6.970000000000000000e+07
6.545552947727259994e+07,-1.527754810000000151e-09,5.479500000000000171e+01,6.307000000000000000e+07,6.970000000000000000e+07
6.543007403582995385e+07,-1.528349180000000070e-09,5.480000000000000426e+01,6.307000000000000000e+07,6.970000000000000000e+07
6.541772070151424408e+07,-1.528637790000000295e-09,5.480499999999999972e+01,6.307000000000000000e+07,6.970000000000000000e+07
6.535887009833718836e+07,-1.530014210000000115e-09,5.481000000000000227e+01,6.307000000000000000e+07,6.970000000000000000e+07
6.533303347213184088e+07,-1.530619270000000092e-09,5.481499999999999773e+01,6.307000000000000000e+07,6.970000000000000000e+07
6.534552734892632812e+07,-1.530326620000000275e-09,5.482000000000000028e+01,6.307000000000000000e+07,6.970000000000000000e+07
6.531543787002542615e+07,-1.531031610000000178e-09,5.482500000000000284e+01,6.307000000000000000e+07,6.970000000000000000e+07
6.525294593233558536e+07,-1.532497860000000219e-09,5.482999999999999829e+01,6.307000000000000000e+07,6.970000000000000000e+07
6.522094230108679831e+07,-1.533249850000000215e-09,5.483500000000000085e+01,6.307000000000000000e+07,6.970000000000000000e+07
6.519144765914916992e+07,-1.533943540000000238e-09,5.484000000000000341e+01,6.307000000000000000e+07,6.970000000000000000e+07
6.512950060073171556e+07,-1.535402530000000199e-09,5.484499999999999886e+01,6.307000000000000000e+07,6.970000000000000000e+07
6.509766919032319635e+07,-1.536153310000000181e-09,5.485000000000000142e+01,6.307000000000000000e+07,6.970000000000000000e+07
6.509227546061571687e+07,-1.536280600000000184e-09,5.485500000000000398e+01,6.307000000000000000e+07,6.970000000000000000e+07
6.505807835494767129e+07,-1.537088130000000266e-09,5.485999999999999943e+01,6.307000000000000000e+07,6.970000000000000000e+07
6.503504998984152824e+07,-1.537632399999999931e-09,5.486500000000000199e+01,6.307000000000000000e+07,6.970000000000000000e+07
6.504301987612569332e+07,-1.537443990000000214e-09,5.487000000000000455e+01,6.307000000000000000e+07,6.970000000000000000e+07
6.501608510948825628e+07,-1.538080920000000094e-09,5.487500000000000000e+01,6.307000000000000000e+07,6.970000000000000000e+07
6.496396757297573239e+07,-1.539314850000000028e-09,5.488000000000000256e+01,6.307000000000000000e+07,6.970000000000000000e+07
6.494740409837084264e+07,-1.539707420000000140e-09,5.488499999999999801e+01,6.307000000000000000e+07,6.970000000000000000e+07
6.491435641232581437e+07,-1.540491280000000038e-09,5.489000000000000057e+01,6.307000000000000000e+07,6.970000000000000000e+07
6.483193626885814220e+07,-1.542449690000000050e-09,5.489500000000000313e+01,6.307000000000000000e+07,6.970000000000000000e+07
6.477864637737274915e+07,-1.543718580000000003e-09,5.489999999999999858e+01,6.307000000000000000e+07,6.970000000000000000e+07
6.474567961791761965e+07,-1.544504600000000010e-09,5.490500000000000114e+01,6.307000000000000000e+07,6.970000000000000000e+07
6.466194087458261847e+07,-1.546504770000000140e-09,5.491000000000000369e+01,6.307000000000000000e+07,6.970000000000000000e+07
6.458622383595926315e+07,-1.548317800000000007e-09,5.491499999999999915e+01,6.307000000000000000e+07,6.970000000000000000e+07
6.455813847072538733e+07,-1.548991379999999989e-09,5.492000000000000171e+01,6.307000000000000000e+07,6.970000000000000000e+07
6.450688665200795233e+07,-1.550222080000000010e-09,5.492500000000000426e+01,6.307000000000000000e+07,6.970000000000000000e+07
6.444657371627564728e+07,-1.551672870000000045e-09,5.492999999999999972e+01,6.307000000000000000e+07,6.970000000000000000e+07
6.443157111676220596e+07,-1.552034170000000032e-09,5.493500000000000227e+01,6.307000000000000000e+07,6.970000000000000000e+07
6.439904616511955112e+07,-1.552818030000000137e-09,5.493999999999999773e+01,6.307000000000000000e+07,6.970000000000000000e+07
6.432184552033337206e+07,-1.554681760000000036e-09,5.494500000000000028e+01,6.307000000000000000e+07,6.970000000000000000e+07
6.426169748610553145e+07,-1.556136920000000099e-09,5.495000000000000284e+01,6.307000000000000000e+07,6.970000000000000000e+07
6.421703178501617908e+07,-1.557219280000000024e-09,5.495499999999999829e+01,6.307000000000000000e+07,6.970000000000000000e+07
6.414611520285637677e+07,-1.558940860000000104e-09,5.496000000000000085e+01,6.307000000000000000e+07,6.970000000000000000e+07
6.409428895465490967e+07,-1.560201409999999921e-09,5.496500000000000341e+01,6.307000000000000000e+07,6.970000000000000000e+07
6.408247876410787553e+07,-1.560488950000000136e-09,5.496999999999999886e+01,6.307000000000000000e+07,6.970000000000000000e+07
6.404241923927519470e+07,-1.561465060000000107e-09,5.497500000000000142e+01,6.307000000000000000e+07,6.970000000000000000e+07
6.397482974298591912e+07,-1.563114750000000059e-09,5.498000000000000398e+01,6.307000000000000000e+07,6.970000000000000000e+07
6.395935541582525522e+07,-1.563492930000000174e-09,5.498499999999999943e+01,6.307000000000000000e+07,6.970000000000000000e+07
6.394008905729059130e+07,-1.563964040000000259e-09,5.499000000000000199e+01,6.307000000000000000e+07,6.970000000000000000e+07
6.388354469321215153e+07,-1.565348329999999982e-09,5.499500000000000455e+01,6.307000000000000000e+07,6.970000000000000000e+07
6.386865783509174734e+07,-1.565713190000000111e-09,5.500000000000000000e+01,6.307000000000000000e+07,6.970000000000000000e+07
6.387797161122410744e+07,-1.565484899999999965e-09,5.500500000000000256e+01,6.307000000000000000e+07,6.970000000000000000e+07
6.383957859545240551e+07,-1.566426380000000146e-09,5.500999999999999801e+01,6.307000000000000000e+07,6.970000000000000000e+07
6.381324751914992183e+07,-1.567072730000000216e-09,5.501500000000000057e+01,6.307000000000000000e+07,6.970000000000000000e+07
6.383117725978564471e+07,-1.566632550000000189e-09,5.502000000000000313e+01,6.307000000000000000e+07,6.970000000000000000e+07
6.382136756617884338e+07,-1.566873350000000228e-09,5.502499999999999858e+01,6.307000000000000000e+07,6.970000000000000000e+07
6.379814145551044494e+07,-1.567443780000000209e-09,5.503000000000000114e+01,6.307000000000000000e+07,6.970000000000000000e+07
6.382394476297982782e+07,-1.566810080000000036e-09,5.503500000000000369e+01,6.307000000000000000e+07,6.970000000000000000e+07
6.383976199311005324e+07,-1.566421880000000159e-09,5.503999999999999915e+01,6.307000000000000000e+07,6.970000000000000000e+07
6.382642684056986123e+07,-1.566749149999999928e-09,5.504500000000000171e+01,6.307000000000000000e+07,6.970000000000000000e+07
6.383930187075902522e+07,-1.566433170000000201e-09,5.505000000000000426e+01,6.307000000000000000e+07,6.970000000000000000e+07
6.385644009695041925e+07,-1.566012760000000149e-09,5.505499999999999972e+01,6.307000000000000000e+07,6.970000000000000000e+07
6.382020877121974528e+07,-1.566901799999999992e-09,5.506000000000000227e+01,6.307000000000000000e+07,6.970000000000000000e+07
6.380123984438979626e+07,-1.567367660000000057e-09,5.506499999999999773e+01,6.307000000000000000e+07,6.970000000000000000e+07
6.383373609761071950e+07,-1.566569750000000023e-09,5.507000000000000028e+01,6.307000000000000000e+07,6.970000000000000000e+07
6.383337752198892087e+07,-1.566578550000000140e-09,5.507500000000000284e+01,6.307000000000000000e+07,6.970000000000000000e+07
6.381317910742987692e+07,-1.567074410000000049e-09,5.507999999999999829e+01,6.307000000000000000e+07,6.970000000000000000e+07
6.384661407710449398e+07,-1.566253770000000296e-09,5.508500000000000085e+01,6.307000000000000000e+07,6.970000000000000000e+07
6.387264632332248986e+07,-1.565615420000000088e-09,5.509000000000000341e+01,6.307000000000000000e+07,6.970000000000000000e+07
6.386533875810629874e+07,-1.565794560000000076e-09,5.509499999999999886e+01,6.307000000000000000e+07,6.970000000000000000e+07
6.388440377784765512e+07,-1.565327280000000096e-09,5.510000000000000142e+01,6.307000000000000000e+07,6.970000000000000000e+07
6.390772297415729612e+07,-1.564756110000000127e-09,5.510500000000000398e+01,6.307000000000000000e+07,6.970000000000000000e+07
6.388026283534143865e+07,-1.565428750000000057e-09,5.510999999999999943e+01,6.307000000000000000e+07,6.970000000000000000e+07
6.386838085824261606e+07,-1.565719979999999959e-09,5.511500000000000199e+01,6.307000000000000000e+07,6.970000000000000000e+07
6.389734630614744127e+07,-1.565010220000000108e-09,5.512000000000000455e+01,6.307000000000000000e+07,6.970000000000000000e+07
6.389094990444789827e+07,-1.565166899999999926e-09,5.512500000000000000e+01,6.307000000000000000e+07,6.970000000000000000e+07
6.386937088816574961e+07,-1.565695709999999998e-09,5.513000000000000256e+01,6.307000000000000000e+07,6.970000000000000000e+07
6.388790034785748273e+07,-1.565241610000000001e-09,5.513499999999999801e+01,6.307000000000000000e+07,6.970000000000000000e+07
6.389300283510504663e+07,-1.565116610000000066e-09,5.514000000000000057e+01,6.307000000000000000e+07,6.970000000000000000e+07
6.386293644617293775e+07,-1.565853460000000033e-09,5.514500000000000313e+01,6.307000000000000000e+07,6.970000000000000000e+07
6.385932189867889881e+07,-1.565942090000000079e-09,5.514999999999999858e+01,6.307000000000000000e+07,6.970000000000000000e+07
6.386455727313464135e+07,-1.565813720000000021e-09,5.515500000000000114e+01,6.307000000000000000e+07,6.970000000000000000e+07
6.382518598132637143e+07,-1.566779610000000167e-09,5.516000000000000369e+01,6.307000000000000000e+07,6.970000000000000000e+07
6.379727939819464833e+07,-1.567464960000000054e-09,5.516499999999999915e+01,6.307000000000000000e+07,6.970000000000000000e+07
6.378628959886346012e+07,-1.567735020000000156e-09,5.517000000000000171e+01,6.307000000000000000e+07,6.970000000000000000e+07
6.374274123159950227e+07,-1.568806080000000202e-09,5.517500000000000426e+01,6.307000000000000000e+07,6.970000000000000000e+07
6.367897523310054839e+07,-1.570377030000000118e-09,5.517999999999999972e+01,6.307000000000000000e+07,6.970000000000000000e+07
6.366929131010696292e+07,-1.570615880000000155e-09,5.518500000000000227e+01,6.307000000000000000e+07,6.970000000000000000e+07
6.366167598172798008e+07,-1.570803759999999993e-09,5.518999999999999773e+01,6.307000000000000000e+07,6.970000000000000000e+07
6.360498394406668842e+07,-1.572203840000000158e-09,5.519500000000000028e+01,6.307000000000000000e+07,6.970000000000000000e+07
6.358851333788461983e+07,-1.572611070000000021e-09,5.520000000000000284e+01,6.307000000000000000e+07,6.970000000000000000e+07
6.360178727636831999e+07,-1.572282860000000201e-09,5.520499999999999829e+01,6.307000000000000000e+07,6.970000000000000000e+07
6.358103414882664382e+07,-1.572796060000000013e-09,5.521000000000000085e+01,6.307000000000000000e+07,6.970000000000000000e+07
6.356239417139456421e+07,-1.573257289999999926e-09,5.521500000000000341e+01,6.307000000000000000e+07,6.970000000000000000e+07
6.357482580577197671e+07,-1.572949650000000128e-09,5.521999999999999886e+01,6.307000000000000000e+07,6.970000000000000000e+07
6.354630136982122809e+07,-1.573655710000000041e-09,5.522500000000000142e+01,6.307000000000000000e+07,6.970000000000000000e+07
6.348490884360651672e+07,-1.575177499999999961e-09,5.523000000000000398e+01,6.307000000000000000e+07,6.970000000000000000e+07
6.345051126296383142e+07,-1.576031430000000151e-09,5.523499999999999943e+01,6.307000000000000000e+07,6.970000000000000000e+07
6.341676182510320097e+07,-1.576870170000000090e-09,5.524000000000000199e+01,6.307000000000000000e+07,6.970000000000000000e+07
6.336825600167088956e+07,-1.578077200000000135e-09,5.524500000000000455e+01,6.307000000000000000e+07,6.970000000000000000e+07
6.335120620791646838e+07,-1.578501910000000111e-09,5.525000000000000000e+01,6.307000000000000000e+07,6.970000000000000000e+07
6.334976503762196749e+07,-1.578537820000000019e-09,5.525500000000000256e+01,6.307000000000000000e+07,6.970000000000000000e+07
6.331261864745164663e+07,-1.579463969999999945e-09,5.525999999999999801e+01,6.307000000000000000e+07,6.970000000000000000e+07
6.328849834766072780e+07,-1.580065929999999968e-09,5.526500000000000057e+01,6.307000000000000000e+07,6.970000000000000000e+07
6.329898791438119859e+07,-1.579804090000000294e-09,5.527000000000000313e+01,6.307000000000000000e+07,6.970000000000000000e+07
6.327780724730724096e+07,-1.580332890000000116e-09,5.527499999999999858e+01,6.307000000000000000e+07,6.970000000000000000e+07
6.324614561228410155e+07,-1.581124020000000139e-09,5.528000000000000114e+01,6.307000000000000000e+07,6.970000000000000000e+07
6.324357166882020235e+07,-1.581188370000000180e-09,5.528500000000000369e+01,6.307000000000000000e+07,6.970000000000000000e+07
6.322697866348068416e+07,-1.581603330000000149e-09,5.528999999999999915e+01,6.307000000000000000e+07,6.970000000000000000e+07
6.317573795926976949e+07,-1.582886140000000073e-09,5.529500000000000171e+01,6.307000000000000000e+07,6.970000000000000000e+07
6.315230609013368189e+07,-1.583473450000000182e-09,5.530000000000000426e+01,6.307000000000000000e+07,6.970000000000000000e+07
6.313592675727408379e+07,-1.583884250000000232e-09,5.530499999999999972e+01,6.307000000000000000e+07,6.970000000000000000e+07
6.308846515044602752e+07,-1.585075810000000019e-09,5.531000000000000227e+01,6.307000000000000000e+07,6.970000000000000000e+07
6.307839537519297004e+07,-1.585328850000000196e-09,5.531499999999999773e+01,6.307000000000000000e+07,6.970000000000000000e+07
6.311206395180782676e+07,-1.584483120000000139e-09,5.532000000000000028e+01,6.307000000000000000e+07,6.970000000000000000e+07
6.309980704710002989e+07,-1.584790900000000146e-09,5.532500000000000284e+01,6.307000000000000000e+07,6.970000000000000000e+07
6.306920907225849479e+07,-1.585559760000000019e-09,5.532999999999999829e+01,6.307000000000000000e+07,6.970000000000000000e+07
6.307984849709075689e+07,-1.585292330000000053e-09,5.533500000000000085e+01,6.307000000000000000e+07,6.970000000000000000e+07
6.307365210643575341e+07,-1.585448070000000026e-09,5.534000000000000341e+01,6.307000000000000000e+07,6.970000000000000000e+07
6.304328774679500610e+07,-1.586211690000000131e-09,5.534499999999999886e+01,6.307000000000000000e+07,6.970000000000000000e+07
6.305209756484853476e+07,-1.585990060000000288e-09,5.535000000000000142e+01,6.307000000000000000e+07,6.970000000000000000e+07
6.307175014544975758e+07,-1.585495880000000212e-09,5.535500000000000398e+01,6.307000000000000000e+07,6.970000000000000000e+07
6.303478196864596009e+07,-1.586425730000000077e-09,5.535999999999999943e+01,6.307000000000000000e+07,6.970000000000000000e+07
6.298594364110982418e+07,-1.587655820000000069e-09,5.536500000000000199e+01,6.307000000000000000e+07,6.970000000000000000e+07
6.296178851573450863e+07,-1.588264920000000259e-09,5.537000000000000455e+01,6.307000000000000000e+07,6.970000000000000000e+07
6.290801469936351478e+07,-1.589622570000000010e-09,5.537500000000000000e+01,6.307000000000000000e+07,6.970000000000000000e+07
6.285817412630704045e+07,-1.590882990000000282e-09,5.538000000000000256e+01,6.307000000000000000e+07,6.970000000000000000e+07
6.286128541585176438e+07,-1.590804250000000039e-09,5.538499999999999801e+01,6.307000000000000000e+07,6.970000000000000000e+07
6.286678090943826735e+07,-1.590665190000000130e-09,5.539000000000000057e+01,6.307000000000000000e+07,6.970000000000000000e+07
6.283972451140181720e+07,-1.591350070000000198e-09,5.539500000000000313e+01,6.307000000000000000e+07,6.970000000000000000e+07
6.285337858625742793e+07,-1.591004370000000221e-09,5.539999999999999858e+01,6.307000000000000000e+07,6.970000000000000000e+07
6.287961445037426054e+07,-1.590340540000000038e-09,5.540500000000000114e+01,6.307000000000000000e+07,6.970000000000000000e+07
6.286258747564781457e+07,-1.590771300000000288e-09,5.541000000000000369e+01,6.307000000000000000e+07,6.970000000000000000e+07
6.285566327074698359e+07,-1.590946540000000067e-09,5.541499999999999915e+01,6.307000000000000000e+07,6.970000000000000000e+07
6.288214580442903191e+07,-1.590276520000000021e-09,5.542000000000000171e+01,6.307000000000000000e+07,6.970000000000000000e+07
6.286745872455857694e+07,-1.590648040000000040e-09,5.542500000000000426e+01,6.307000000000000000e+07,6.970000000000000000e+07
6.283992629731267691e+07,-1.591344960000000182e-09,5.542999999999999972e+01,6.307000000000000000e+07,6.970000000000000000e+07
6.284908858482877165e+07,-1.591112970000000098e-09,5.543500000000000227e+01,6.307000000000000000e+07,6.970000000000000000e+07
6.283002096813723445e+07,-1.591595840000000250e-09,5.543999999999999773e+01,6.307000000000000000e+07,6.970000000000000000e+07
6.276747614595820755e+07,-1.593181790000000191e-09,5.544500000000000028e+01,6.307000000000000000e+07,6.970000000000000000e+07
6.274835957591044158e+07,-1.593667160000000106e-09,5.545000000000000284e+01,6.307000000000000000e+07,6.970000000000000000e+07
6.275897057740844041e+07,-1.593397710000000240e-09,5.545499999999999829e+01,6.307000000000000000e+07,6.970000000000000000e+07
6.274622835715521872e+07,-1.593721290000000115e-09,5.546000000000000085e+01,6.307000000000000000e+07,6.970000000000000000e+07
6.276698840794778615e+07,-1.593194170000000126e-09,5.546500000000000341e+01,6.307000000000000000e+07,6.970000000000000000e+07
6.282212713171889633e+07,-1.591795830000000060e-09,5.546999999999999886e+01,6.307000000000000000e+07,6.970000000000000000e+07
6.284314478006049246e+07,-1.591263460000000052e-09,5.547500000000000142e+01,6.307000000000000000e+07,6.970000000000000000e+07
6.285185647728291899e+07,-1.591042900000000013e-09,5.548000000000000398e+01,6.307000000000000000e+07,6.970000000000000000e+07
6.289606833532033116e+07,-1.589924500000000014e-09,5.548499999999999943e+01,6.307000000000000000e+07,6.970000000000000000e+07
6.292807253975668550e+07,-1.589115890000000084e-09,5.549000000000000199e+01,6.307000000000000000e+07,6.970000000000000000e+07
6.293964482692670822e+07,-1.588823710000000086e-09,5.549500000000000455e+01,6.307000000000000000e+07,6.970000000000000000e+07
6.298078983881036937e+07,-1.587785740000000001e-09,5.550000000000000000e+01,6.307000000000000000e+07,6.970000000000000000e+07
6.302462525258457661e+07,-1.586681390000000138e-09,5.550500000000000256e+01,6.307000000000000000e+07,6.970000000000000000e+07
6.302546655531243235e+07,-1.586660210000000087e-09,5.550999999999999801e+01,6.307000000000000000e+07,6.970000000000000000e+07
6.304246464767709374e+07,-1.586232400000000156e-09,5.551500000000000057e+01,6.307000000000000000e+07,6.970000000000000000e+07
6.309455457840808481e+07,-1.584922830000000140e-09,5.552000000000000313e+01,6.307000000000000000e+07,6.970000000000000000e+07
6.310536861792610586e+07,-1.584651230000000002e-09,5.552499999999999858e+01,6.307000000000000000e+07,6.970000000000000000e+07
6.309288701391409338e+07,-1.584964720000000217e-09,5.553000000000000114e+01,6.307000000000000000e+07,6.970000000000000000e+07
6.310957578696110845e+07,-1.584545590000000076e-09,5.553500000000000369e+01,6.307000000000000000e+07,6.970000000000000000e+07
6.310065075638024509e+07,-1.584769710000000050e-09,5.553999999999999915e+01,6.307000000000000000e+07,6.970000000000000000e+07
6.306930811776985228e+07,-1.585557270000000094e-09,5.554500000000000171e+01,6.307000000000000000e+07,6.970000000000000000e+07
6.309184567673978955e+07,-1.584990880000000119e-09,5.555000000000000426e+01,6.307000000000000000e+07,6.970000000000000000e+07
6.314188341744053364e+07,-1.583734830000000081e-09,5.555499999999999972e+01,6.307000000000000000e+07,6.970000000000000000e+07
6.313841181803072989e+07,-1.583821910000000047e-09,5.556000000000000227e+01,6.307000000000000000e+07,6.970000000000000000e+07
6.313815987482430786e+07,-1.583828230000000076e-09,5.556499999999999773e+01,6.307000000000000000e+07,6.970000000000000000e+07
6.317021226328384876e+07,-1.583024599999999997e-09,5.557000000000000028e+01,6.307000000000000000e+07,6.970000000000000000e+07
6.316768200398410112e+07,-1.583088009999999986e-09,5.557500000000000284e+01,6.307000000000000000e+07,6.970000000000000000e+07
6.315587853527977318e+07,-1.583383880000000085e-09,5.557999999999999829e+01,6.307000000000000000e+07,6.970000000000000000e+07
6.320111285530733317e+07,-1.582250620000000064e-09,5.558500000000000085e+01,6.307000000000000000e+07,6.970000000000000000e+07
6.324214339058130234e+07,-1.581224080000000024e-09,5.559000000000000341e+01,6.307000000000000000e+07,6.970000000000000000e+07
6.324690683570608497e+07,-1.581104990000000153e-09,5.559499999999999886e+01,6.307000000000000000e+07,6.970000000000000000e+07
6.328391446044912934e+07,-1.580180380000000056e-09,5.560000000000000142e+01,6.307000000000000000e+07,6.970000000000000000e+07
6.333111239566310495e+07,-1.579002740000000032e-09,5.560500000000000398e+01,6.307000000000000000e+07,6.970000000000000000e+07
6.334221792396007478e+07,-1.578725900000000127e-09,5.560999999999999943e+01,6.307000000000000000e+07,6.970000000000000000e+07
6.337594467787037045e+07,-1.577885750000000111e-09,5.561500000000000199e+01,6.307000000000000000e+07,6.970000000000000000e+07
6.345339438920467347e+07,-1.575959820000000030e-09,5.562000000000000455e+01,6.307000000000000000e+07,6.970000000000000000e+07
6.349051916076885909e+07,-1.575038310000000094e-09,5.562500000000000000e+01,6.307000000000000000e+07,6.970000000000000000e+07
6.351981822457394749e+07,-1.574311810000000117e-09,5.563000000000000256e+01,6.307000000000000000e+07,6.970000000000000000e+07
6.358189037200288475e+07,-1.572774880000000168e-09,5.563499999999999801e+01,6.307000000000000000e+07,6.970000000000000000e+07
6.362611503096406907e+07,-1.571681689999999975e-09,5.564000000000000057e+01,6.307000000000000000e+07,6.970000000000000000e+07
6.364161077145972103e+07,-1.571299010000000080e-09,5.564500000000000313e+01,6.307000000000000000e+07,6.970000000000000000e+07
6.368347215332555026e+07,-1.570266140000000172e-09,5.564999999999999858e+01,6.307000000000000000e+07,6.970000000000000000e+07
6.372731073539953679e+07,-1.569185939999999943e-09,5.565500000000000114e+01,6.307000000000000000e+07,6.970000000000000000e+07
6.372172670968499780e+07,-1.569323449999999978e-09,5.566000000000000369e+01,6.307000000000000000e+07,6.970000000000000000e+07
6.371925317441513389e+07,-1.569384370000000248e-09,5.566499999999999915e+01,6.307000000000000000e+07,6.970000000000000000e+07
6.373095421942349523e+07,-1.569096230000000049e-09,5.567000000000000171e+01,6.307000000000000000e+07,6.970000000000000000e+07
6.369266911390885711e+07,-1.570039400000000107e-09,5.567500000000000426e+01,6.307000000000000000e+07,6.970000000000000000e+07
6.364843942332655936e+07,-1.571130429999999984e-09,5.567999999999999972e+01,6.307000000000000000e+07,6.970000000000000000e+07
6.365495632321537286e+07,-1.570969580000000201e-09,5.568500000000000227e+01,6.307000000000000000e+07,6.970000000000000000e+07
6.363662975317896158e+07,-1.571422000000000160e-09,5.568999999999999773e+01,6.307000000000000000e+07,6.970000000000000000e+07
6.360293248952595145e+07,-1.572254550000000028e-09,5.569500000000000028e+01,6.307000000000000000e+07,6.970000000000000000e+07
6.361997964084307104e+07,-1.571833260000000191e-09,5.570000000000000284e+01,6.307000000000000000e+07,6.970000000000000000e+07
6.366907889281406999e+07,-1.570621120000000130e-09,5.570499999999999829e+01,6.307000000000000000e+07,6.970000000000000000e+07
6.369308939661395550e+07,-1.570029040000000279e-09,5.571000000000000085e+01,6.307000000000000000e+07,6.970000000000000000e+07
6.374481512422742695e+07,-1.568755040000000103e-09,5.571500000000000341e+01,6.307000000000000000e+07,6.970000000000000000e+07
6.382482709439478815e+07,-1.566788420000000121e-09,5.571999999999999886e+01,6.307000000000000000e+07,6.970000000000000000e+07
6.386773064515246451e+07,-1.565735920000000243e-09,5.572500000000000142e+01,6.307000000000000000e+07,6.970000000000000000e+07
6.391373792881204933e+07,-1.564608850000000086e-09,5.573000000000000398e+01,6.307000000000000000e+07,6.970000000000000000e+07
6.400287797901235521e+07,-1.562429740000000032e-09,5.573499999999999943e+01,6.307000000000000000e+07,6.970000000000000000e+07
6.407295336218145490e+07,-1.560720940000000014e-09,5.574000000000000199e+01,6.307000000000000000e+07,6.970000000000000000e+07
6.412884048387005925e+07,-1.559360800000000131e-09,5.574500000000000455e+01,6.307000000000000000e+07,6.970000000000000000e+07
6.424491023232154548e+07,-1.556543540000000139e-09,5.575000000000000000e+01,6.307000000000000000e+07,6.970000000000000000e+07
6.437955880508087575e+07,-1.553288060000000167e-09,5.575500000000000256e+01,6.307000000000000000e+07,6.970000000000000000e+07
6.448086340804628283e+07,-1.550847720000000054e-09,5.575999999999999801e+01,6.307000000000000000e+07,6.970000000000000000e+07
6.461123468548171222e+07,-1.547718450000000237e-09,5.576500000000000057e+01,6.307000000000000000e+07,6.970000000000000000e+07
6.477276079999153316e+07,-1.543858849999999925e-09,5.577000000000000313e+01,6.307000000000000000e+07,6.970000000000000000e+07
6.487276938388293982e+07,-1.541478820000000054e-09,5.577499999999999858e+01,6.307000000000000000e+07,6.970000000000000000e+07
6.493572862881079316e+07,-1.539984260000000046e-09,5.578000000000000114e+01,6.307000000000000000e+07,6.970000000000000000e+07
6.503055089759783447e+07,-1.537738780000000052e-09,5.578500000000000369e+01,6.307000000000000000e+07,6.970000000000000000e+07
6.510068445818027854e+07,-1.536082160000000248e-09,5.578999999999999915e+01,6.307000000000000000e+07,6.970000000000000000e+07
6.513870672035320848e+07,-1.535185530000000095e-09,5.579500000000000171e+01,6.307000000000000000e+07,6.970000000000000000e+07
6.519877025209091604e+07,-1.533771259999999997e-09,5.580000000000000426e+01,6.307000000000000000e+07,6.970000000000000000e+07
6.523011387083995342e+07,-1.533034270000000026e-09,5.580499999999999972e+01,6.307000000000000000e+07,6.970000000000000000e+07
6.518783287352009118e+07,-1.534028600000000097e-09,5.581000000000000227e+01,6.307000000000000000e+07,6.970000000000000000e+07
6.515160560366093367e+07,-1.534881590000000029e-09,5.581499999999999773e+01,6.307000000000000000e+07,6.970000000000000000e+07
6.512871332254528254e+07,-1.535421090000000159e-09,5.582000000000000028e+01,6.307000000000000000e+07,6.970000000000000000e+07
6.506325856643193960e+07,-1.536965750000000215e-09,5.582500000000000284e+01,6.307000000000000000e+07,6.970000000000000000e+07
6.500338475874607265e+07,-1.538381430000000183e-09,5.582999999999999829e+01,6.307000000000000000e+07,6.970000000000000000e+07
6.501282195877235383e+07,-1.538158120000000094e-09,5.583500000000000085e+01,6.307000000000000000e+07,6.970000000000000000e+07
6.502293033638312668e+07,-1.537919000000000095e-09,5.584000000000000341e+01,6.307000000000000000e+07,6.970000000000000000e+07
6.499587575170005113e+07,-1.538559160000000094e-09,5.584499999999999886e+01,6.307000000000000000e+07,6.970000000000000000e+07
6.499733871646492928e+07,-1.538524529999999891e-09,5.585000000000000142e+01,6.307000000000000000e+07,6.970000000000000000e+07
6.499543810019062459e+07,-1.538569520000000129e-09,5.585500000000000398e+01,6.307000000000000000e+07,6.970000000000000000e+07
6.494129803458603472e+07,-1.539852190000000049e-09,5.585999999999999943e+01,6.307000000000000000e+07,6.970000000000000000e+07
6.490842634829827398e+07,-1.540632020000000193e-09,5.586500000000000199e+01,6.307000000000000000e+07,6.970000000000000000e+07
6.490406102373278886e+07,-1.540735640000000219e-09,5.587000000000000455e+01,6.307000000000000000e+07,6.970000000000000000e+07
6.486957993658103794e+07,-1.541554609999999977e-09,5.587500000000000000e+01,6.307000000000000000e+07,6.970000000000000000e+07
6.483830176920513809e+07,-1.542298260000000044e-09,5.588000000000000256e+01,6.307000000000000000e+07,6.970000000000000000e+07
6.484339363995893300e+07,-1.542177150000000274e-09,5.588499999999999801e+01,6.307000000000000000e+07,6.970000000000000000e+07
6.482948590755759180e+07,-1.542507990000000229e-09,5.589000000000000057e+01,6.307000000000000000e+07,6.970000000000000000e+07
6.478536530731248856e+07,-1.543558480000000046e-09,5.589500000000000313e+01,6.307000000000000000e+07,6.970000000000000000e+07
6.477364354743973911e+07,-1.543837810000000084e-09,5.589999999999999858e+01,6.307000000000000000e+07,6.970000000000000000e+07
6.475233301037027687e+07,-1.544345900000000086e-09,5.590500000000000114e+01,6.307000000000000000e+07,6.970000000000000000e+07
6.467265772610288858e+07,-1.546248500000000050e-09,5.591000000000000369e+01,6.307000000000000000e+07,6.970000000000000000e+07
6.460463571597254276e+07,-1.547876540000000132e-09,5.591499999999999915e+01,6.307000000000000000e+07,6.970000000000000000e+07
6.457096269377762824e+07,-1.548683739999999984e-09,5.592000000000000171e+01,6.307000000000000000e+07,6.970000000000000000e+07
6.451589219649896771e+07,-1.550005690000000142e-09,5.592500000000000426e+01,6.307000000000000000e+07,6.970000000000000000e+07
6.447186223569953442e+07,-1.551064240000000088e-09,5.592999999999999972e+01,6.307000000000000000e+07,6.970000000000000000e+07
6.447938451899884641e+07,-1.550883290000000102e-09,5.593500000000000227e+01,6.307000000000000000e+07,6.970000000000000000e+07
6.448120476373470575e+07,-1.550839510000000084e-09,5.593999999999999773e+01,6.307000000000000000e+07,6.970000000000000000e+07
6.446104436664167792e+07,-1.551324540000000139e-09,5.594500000000000028e+01,6.307000000000000000e+07,6.970000000000000000e+07
6.448504349699965864e+07,-1.550747190000000144e-09,5.595000000000000284e+01,6.307000000000000000e+07,6.970000000000000000e+07
6.451219795026038587e+07,-1.550094450000000147e-09,5.595499999999999829e+01,6.307000000000000000e+07,6.970000000000000000e+07
6.447995785589954257e+07,-1.550869500000000090e-09,5.596000000000000085e+01,6.307000000000000000e+07,6.970000000000000000e+07
6.445598743752805144e+07,-1.551446250000000101e-09,5.596500000000000341e+01,6.307000000000000000e+07,6.970000000000000000e+07
6.445059608197220415e+07,-1.551576030000000236e-09,5.596999999999999886e+01,6.307000000000000000e+07,6.970000000000000000e+07
6.439325423995772004e+07,-1.552957700000000282e-09,5.597500000000000142e+01,6.307000000000000000e+07,6.970000000000000000e+07
6.433257781153951585e+07,-1.554422400000000036e-09,5.598000000000000398e+01,6.307000000000000000e+07,6.970000000000000000e+07
6.431733328398907185e+07,-1.554790830000000145e-09,5.598499999999999943e+01,6.307000000000000000e+07,6.970000000000000000e+07
6.427295417612169683e+07,-1.555864380000000116e-09,5.599000000000000199e+01,6.307000000000000000e+07,6.970000000000000000e+07
6.419442302989819646e+07,-1.557767720000000068e-09,5.599500000000000455e+01,6.307000000000000000e+07,6.970000000000000000e+07
6.416759384561933577e+07,-1.558419040000000150e-09,5.600000000000000000e+01,6.307000000000000000e+07,6.970000000000000000e+07
6.413875891988945007e+07,-1.559119660000000025e-09,5.600500000000000256e+01,6.307000000000000000e+07,6.970000000000000000e+07
6.406068771313511580e+07,-1.561019770000000064e-09,5.600999999999999801e+01,6.307000000000000000e+07,6.970000000000000000e+07
6.400496309845056385e+07,-1.562378840000000143e-09,5.601500000000000057e+01,6.307000000000000000e+07,6.970000000000000000e+07
6.397384176143170893e+07,-1.563138890000000061e-09,5.602000000000000313e+01,6.307000000000000000e+07,6.970000000000000000e+07
6.390951108565751463e+07,-1.564712330000000109e-09,5.602499999999999858e+01,6.307000000000000000e+07,6.970000000000000000e+07
6.384766131890574098e+07,-1.566228080000000006e-09,5.603000000000000114e+01,6.307000000000000000e+07,6.970000000000000000e+07
6.382491997280496359e+07,-1.566786140000000097e-09,5.603500000000000369e+01,6.307000000000000000e+07,6.970000000000000000e+07
6.377635459000082314e+07,-1.567979240000000127e-09,5.603999999999999915e+01,6.307000000000000000e+07,6.970000000000000000e+07
6.371077672311735898e+07,-1.569593170000000219e-09,5.604500000000000171e+01,6.307000000000000000e+07,6.970000000000000000e+07
6.369300744916472584e+07,-1.570031060000000178e-09,5.605000000000000426e+01,6.307000000000000000e+07,6.970000000000000000e+07
6.367011991324768215e+07,-1.570595440000000092e-09,5.605499999999999972e+01,6.307000000000000000e+07,6.970000000000000000e+07
6.359607558029812574e+07,-1.572424070000000175e-09,5.606000000000000227e+01,6.307000000000000000e+07,6.970000000000000000e+07
6.354422704891180247e+07,-1.573707079999999955e-09,5.606499999999999773e+01,6.307000000000000000e+07,6.970000000000000000e+07
6.351863807706317306e+07,-1.574341060000000135e-09,5.607000000000000028e+01,6.307000000000000000e+07,6.970000000000000000e+07
6.345735574315468222e+07,-1.575861439999999978e-09,5.607500000000000284e+01,6.307000000000000000e+07,6.970000000000000000e+07
6.340488921694860607e+07,-1.577165439999999998e-09,5.607999999999999829e+01,6.307000000000000000e+07,6.970000000000000000e+07
6.339610473285014182e+07,-1.577383980000000137e-09,5.608500000000000085e+01,6.307000000000000000e+07,6.970000000000000000e+07
6.336919324160456657e+07,-1.578053860000000181e-09,5.609000000000000341e+01,6.307000000000000000e+07,6.970000000000000000e+07
6.332101353361921757e+07,-1.579254570000000196e-09,5.609499999999999886e+01,6.307000000000000000e+07,6.970000000000000000e+07
6.332185755530315638e+07,-1.579233520000000103e-09,5.610000000000000142e+01,6.307000000000000000e+07,6.970000000000000000e+07
6.335496054167528450e+07,-1.578408370000000113e-09,5.610500000000000398e+01,6.307000000000000000e+07,6.970000000000000000e+07
6.334941709572330117e+07,-1.578546489999999970e-09,5.610999999999999943e+01,6.307000000000000000e+07,6.970000000000000000e+07
6.336873947587817162e+07,-1.578065160000000060e-09,5.611500000000000199e+01,6.307000000000000000e+07,6.970000000000000000e+07
6.341342762081418186e+07,-1.576953080000000091e-09,5.612000000000000455e+01,6.307000000000000000e+07,6.970000000000000000e+07
6.340432961283490807e+07,-1.577179359999999968e-09,5.612500000000000000e+01,6.307000000000000000e+07,6.970000000000000000e+07
6.338125776151037216e+07,-1.577753480000000050e-09,5.613000000000000256e+01,6.307000000000000000e+07,6.970000000000000000e+07
6.338550702171653509e+07,-1.577647709999999959e-09,5.613499999999999801e+01,6.307000000000000000e+07,6.970000000000000000e+07
6.334471925101000816e+07,-1.578663560000000148e-09,5.614000000000000057e+01,6.307000000000000000e+07,6.970000000000000000e+07
6.328242789362856001e+07,-1.580217500000000184e-09,5.614500000000000313e+01,6.307000000000000000e+07,6.970000000000000000e+07
6.326858679235351086e+07,-1.580563200000000161e-09,5.614999999999999858e+01,6.307000000000000000e+07,6.970000000000000000e+07
6.324796409863403440e+07,-1.581078560000000082e-09,5.615500000000000114e+01,6.307000000000000000e+07,6.970000000000000000e+07
6.319444693711430579e+07,-1.582417519999999914e-09,5.616000000000000369e+01,6.307000000000000000e+07,6.970000000000000000e+07
6.317512571913193166e+07,-1.582901480000000165e-09,5.616499999999999915e+01,6.307000000000000000e+07,6.970000000000000000e+07
6.316926254434166104e+07,-1.583048400000000139e-09,5.617000000000000171e+01,6.307000000000000000e+07,6.970000000000000000e+07
6.311961807026045024e+07,-1.584293490000000157e-09,5.617500000000000426e+01,6.307000000000000000e+07,6.970000000000000000e+07
6.307279599099721760e+07,-1.585469590000000144e-09,5.617999999999999972e+01,6.307000000000000000e+07,6.970000000000000000e+07
6.307326939768414944e+07,-1.585457690000000073e-09,5.618500000000000227e+01,6.307000000000000000e+07,6.970000000000000000e+07
6.306540818719669431e+07,-1.585655320000000123e-09,5.618999999999999773e+01,6.307000000000000000e+07,6.970000000000000000e+07
6.304097072403166443e+07,-1.586269990000000104e-09,5.619500000000000028e+01,6.307000000000000000e+07,6.970000000000000000e+07
6.304723542380544543e+07,-1.586112370000000027e-09,5.620000000000000284e+01,6.307000000000000000e+07,6.970000000000000000e+07
6.303878222789974511e+07,-1.586325060000000163e-09,5.620499999999999829e+01,6.307000000000000000e+07,6.970000000000000000e+07
6.299177323032186925e+07,-1.587508890000000257e-09,5.621000000000000085e+01,6.307000000000000000e+07,6.970000000000000000e+07
6.297481594287569076e+07,-1.587936360000000120e-09,5.621500000000000341e+01,6.307000000000000000e+07,6.970000000000000000e+07
6.298659982763842493e+07,-1.587639280000000215e-09,5.621999999999999886e+01,6.307000000000000000e+07,6.970000000000000000e+07
6.297559999672275037e+07,-1.587916590000000146e-09,5.622500000000000142e+01,6.307000000000000000e+07,6.970000000000000000e+07
6.297745332857441902e+07,-1.587869860000000222e-09,5.623000000000000398e+01,6.307000000000000000e+07,6.970000000000000000e+07
6.301472276612855494e+07,-1.586930729999999963e-09,5.623499999999999943e+01,6.307000000000000000e+07,6.970000000000000000e+07
6.302635078153777868e+07,-1.586637950000000187e-09,5.624000000000000199e+01,6.307000000000000000e+07,6.970000000000000000e+07
6.302006600494841486e+07,-1.586796180000000086e-09,5.624500000000000455e+01,6.307000000000000000e+07,6.970000000000000000e+07
6.304569834660889953e+07,-1.586151040000000236e-09,5.625000000000000000e+01,6.307000000000000000e+07,6.970000000000000000e+07
6.306936420392026007e+07,-1.585555860000000017e-09,5.625500000000000256e+01,6.307000000000000000e+07,6.970000000000000000e+07
6.306082474465395510e+07,-1.585770570000000052e-09,5.625999999999999801e+01,6.307000000000000000e+07,6.970000000000000000e+07
6.309129158473210037e+07,-1.585004800000000296e-09,5.626500000000000057e+01,6.307000000000000000e+07,6.970000000000000000e+07
6.314187823447428644e+07,-1.583734960000000040e-09,5.627000000000000313e+01,6.307000000000000000e+07,6.970000000000000000e+07
6.315581112691333145e+07,-1.583385569999999962e-09,5.627499999999999858e+01,6.307000000000000000e+07,6.970000000000000000e+07
6.317099041563416272e+07,-1.583005100000000192e-09,5.628000000000000114e+01,6.307000000000000000e+07,6.970000000000000000e+07
6.323365664491196722e+07,-1.581436300000000134e-09,5.628500000000000369e+01,6.307000000000000000e+07,6.970000000000000000e+07
6.326724904675552994e+07,-1.580596619999999937e-09,5.628999999999999915e+01,6.307000000000000000e+07,6.970000000000000000e+07
6.327654959049630910e+07,-1.580364300000000244e-09,5.629500000000000171e+01,6.307000000000000000e+07,6.970000000000000000e+07
6.332325414986255020e+07,-1.579198690000000043e-09,5.630000000000000426e+01,6.307000000000000000e+07,6.970000000000000000e+07
6.335597244968072325e+07,-1.578383160000000100e-09,5.630499999999999972e+01,6.307000000000000000e+07,6.970000000000000000e+07
6.335710882758715004e+07,-1.578354850000000133e-09,5.631000000000000227e+01,6.307000000000000000e+07,6.970000000000000000e+07
6.339737237164320052e+07,-1.577352440000000258e-09,5.631499999999999773e+01,6.307000000000000000e+07,6.970000000000000000e+07
6.346069456854446977e+07,-1.575778530000000184e-09,5.632000000000000028e+01,6.307000000000000000e+07,6.970000000000000000e+07
6.348359417599475384e+07,-1.575210120000000103e-09,5.632500000000000284e+01,6.307000000000000000e+07,6.970000000000000000e+07
6.350208754857544601e+07,-1.574751380000000115e-09,5.632999999999999829e+01,6.307000000000000000e+07,6.970000000000000000e+07
6.355246052248256654e+07,-1.573503200000000188e-09,5.633500000000000085e+01,6.307000000000000000e+07,6.970000000000000000e+07
6.358297220536496490e+07,-1.572748120000000075e-09,5.634000000000000341e+01,6.307000000000000000e+07,6.970000000000000000e+07
6.359908358808476478e+07,-1.572349699999999960e-09,5.634499999999999886e+01,6.307000000000000000e+07,6.970000000000000000e+07
6.365610345191325247e+07,-1.570941270000000235e-09,5.635000000000000142e+01,6.307000000000000000e+07,6.970000000000000000e+07
6.371999294109918177e+07,-1.569366150000000148e-09,5.635500000000000398e+01,6.307000000000000000e+07,6.970000000000000000e+07
6.375436351599424332e+07,-1.568520090000000067e-09,5.635999999999999943e+01,6.307000000000000000e+07,6.970000000000000000e+07
6.381397847495796531e+07,-1.567054780000000284e-09,5.636500000000000199e+01,6.307000000000000000e+07,6.970000000000000000e+07
6.388585549973940849e+07,-1.565291710000000048e-09,5.637000000000000455e+01,6.307000000000000000e+07,6.970000000000000000e+07
6.390747016335964203e+07,-1.564762299999999991e-09,5.637500000000000000e+01,6.307000000000000000e+07,6.970000000000000000e+07
6.393193305180949718e+07,-1.564163560000000043e-09,5.638000000000000256e+01,6.307000000000000000e+07,6.970000000000000000e+07
6.398688361027102172e+07,-1.562820290000000037e-09,5.638499999999999801e+01,6.307000000000000000e+07,6.970000000000000000e+07
6.399280618469993770e+07,-1.562675650000000087e-09,5.639000000000000057e+01,6.307000000000000000e+07,6.970000000000000000e+07
6.397234183948399872e+07,-1.563175540000000164e-09,5.639500000000000313e+01,6.307000000000000000e+07,6.970000000000000000e+07
6.398660560706434399e+07,-1.562827080000000092e-09,5.639999999999999858e+01,6.307000000000000000e+07,6.970000000000000000e+07
6.399384430412869900e+07,-1.562650300000000071e-09,5.640500000000000114e+01,6.307000000000000000e+07,6.970000000000000000e+07
6.398406725063304603e+07,-1.562889080000000004e-09,5.641000000000000369e+01,6.307000000000000000e+07,6.970000000000000000e+07
6.401882255813325197e+07,-1.562040600000000104e-09,5.641499999999999915e+01,6.307000000000000000e+07,6.970000000000000000e+07
6.406919390933639556e+07,-1.560812520000000173e-09,5.642000000000000171e+01,6.307000000000000000e+07,6.970000000000000000e+07
6.408757952267250419e+07,-1.560364750000000043e-09,5.642500000000000426e+01,6.307000000000000000e+07,6.970000000000000000e+07
6.413088158664315939e+07,-1.559311170000000110e-09,5.642999999999999972e+01,6.307000000000000000e+07,6.970000000000000000e+07
6.421962742674894631e+07,-1.557156340000000061e-09,5.643500000000000227e+01,6.307000000000000000e+07,6.970000000000000000e+07
6.427373453388356417e+07,-1.555845490000000133e-09,5.643999999999999773e+01,6.307000000000000000e+07,6.970000000000000000e+07
6.430546019591688365e+07,-1.555077899999999920e-09,5.644500000000000028e+01,6.307000000000000000e+07,6.970000000000000000e+07
6.437820682333284616e+07,-1.553320679999999894e-09,5.645000000000000284e+01,6.307000000000000000e+07,6.970000000000000000e+07
6.443212948858053982e+07,-1.552020720000000087e-09,5.645499999999999829e+01,6.307000000000000000e+07,6.970000000000000000e+07
6.444299620983028412e+07,-1.551759010000000166e-09,5.646000000000000085e+01,6.307000000000000000e+07,6.970000000000000000e+07
6.448238727106843144e+07,-1.550811069999999952e-09,5.646500000000000341e+01,6.307000000000000000e+07,6.970000000000000000e+07
6.454127972797967494e+07,-1.549395990000000175e-09,5.646999999999999886e+01,6.307000000000000000e+07,6.970000000000000000e+07
6.455555456713828444e+07,-1.549053380000000107e-09,5.647500000000000142e+01,6.307000000000000000e+07,6.970000000000000000e+07
6.457828959401649982e+07,-1.548508030000000180e-09,5.648000000000000398e+01,6.307000000000000000e+07,6.970000000000000000e+07
6.464677892122989148e+07,-1.546867479999999998e-09,5.648499999999999943e+01,6.307000000000000000e+07,6.970000000000000000e+07
6.468502957360740751e+07,-1.545952760000000117e-09,5.649000000000000199e+01,6.307000000000000000e+07,6.970000000000000000e+07
6.471033644152825326e+07,-1.545348170000000165e-09,5.649500000000000455e+01,6.307000000000000000e+07,6.970000000000000000e+07
6.477678412494104356e+07,-1.543762960000000212e-09,5.650000000000000000e+01,6.307000000000000000e+07,6.970000000000000000e+07
6.482860121712846309e+07,-1.542529040000000115e-09,5.650500000000000256e+01,6.307000000000000000e+07,6.970000000000000000e+07
6.484100715954300761e+07,-1.542233910000000004e-09,5.650999999999999801e+01,6.307000000000000000e+07,6.970000000000000000e+07
6.489976662628019601e+07,-1.540837590000000044e-09,5.651500000000000057e+01,6.307000000000000000e+07,6.970000000000000000e+07
6.497299650794833899e+07,-1.539100940000000041e-09,5.652000000000000313e+01,6.307000000000000000e+07,6.970000000000000000e+07
6.500022808580034226e+07,-1.538456140000000258e-09,5.652499999999999858e+01,6.307000000000000000e+07,6.970000000000000000e+07
6.503530587909084558e+07,-1.537626350000000071e-09,5.653000000000000114e+01,6.307000000000000000e+07,6.970000000000000000e+07
6.511221116166155785e+07,-1.535810230000000088e-09,5.653500000000000369e+01,6.307000000000000000e+07,6.970000000000000000e+07
6.517279710129125416e+07,-1.534382510000000045e-09,5.653999999999999915e+01,6.307000000000000000e+07,6.970000000000000000e+07
6.521827061677036434e+07,-1.533312660000000013e-09,5.654500000000000171e+01,6.307000000000000000e+07,6.970000000000000000e+07
6.529421065290064365e+07,-1.531529350000000190e-09,5.655000000000000426e+01,6.307000000000000000e+07,6.970000000000000000e+07
6.533836130318302661e+07,-1.530494459999999970e-09,5.655499999999999972e+01,6.307000000000000000e+07,6.970000000000000000e+07
6.533188529129497707e+07,-1.530646170000000188e-09,5.656000000000000227e+01,6.307000000000000000e+07,6.970000000000000000e+07
6.536270253858932853e+07,-1.529924500000000014e-09,5.656499999999999773e+01,6.307000000000000000e+07,6.970000000000000000e+07
6.541190840276273340e+07,-1.528773620000000084e-09,5.657000000000000028e+01,6.307000000000000000e+07,6.970000000000000000e+07
6.540526551238102466e+07,-1.528928890000000032e-09,5.657500000000000284e+01,6.307000000000000000e+07,6.970000000000000000e+07
6.541015588692253828e+07,-1.528814579999999947e-09,5.657999999999999829e+01,6.307000000000000000e+07,6.970000000000000000e+07
6.545217023098894954e+07,-1.527833220000000165e-09,5.658500000000000085e+01,6.307000000000000000e+07,6.970000000000000000e+07
6.545385259576398134e+07,-1.527793949999999971e-09,5.659000000000000341e+01,6.307000000000000000e+07,6.970000000000000000e+07
6.543819328289379179e+07,-1.528159550000000088e-09,5.659499999999999886e+01,6.307000000000000000e+07,6.970000000000000000e+07
6.545815422209513187e+07,-1.527693550000000020e-09,5.660000000000000142e+01,6.307000000000000000e+07,6.970000000000000000e+07
6.546389974591300637e+07,-1.527559469999999962e-09,5.660500000000000398e+01,6.307000000000000000e+07,6.970000000000000000e+07
6.543663547121211886e+07,-1.528195930000000229e-09,5.660999999999999943e+01,6.307000000000000000e+07,6.970000000000000000e+07
6.544548489603614807e+07,-1.527989290000000160e-09,5.661500000000000199e+01,6.307000000000000000e+07,6.970000000000000000e+07
6.547202739056311548e+07,-1.527369839999999980e-09,5.662000000000000455e+01,6.307000000000000000e+07,6.970000000000000000e+07
6.545185921504055709e+07,-1.527840480000000245e-09,5.662500000000000000e+01,6.307000000000000000e+07,6.970000000000000000e+07
6.543384846654009819e+07,-1.528261020000000050e-09,5.663000000000000256e+01,6.307000000000000000e+07,6.970000000000000000e+07
6.544676342979365587e+07,-1.527959440000000158e-09,5.663499999999999801e+01,6.307000000000000000e+07,6.970000000000000000e+07
6.542482369465716928e+07,-1.528471830000000083e-09,5.664000000000000057e+01,6.307000000000000000e+07,6.970000000000000000e+07
6.538995140584994853e+07,-1.529286960000000106e-09,5.664500000000000313e+01,6.307000000000000000e+07,6.970000000000000000e+07
6.540445144789496809e+07,-1.528947920000000018e-09,5.664999999999999858e+01,6.307000000000000000e+07,6.970000000000000000e+07
6.540760130121619999e+07,-1.528874290000000204e-09,5.665500000000000114e+01,6.307000000000000000e+07,6.970000000000000000e+07
6.536630512606878579e+07,-1.529840180000000143e-09,5.666000000000000369e+01,6.307000000000000000e+07,6.970000000000000000e+07
6.536001367436062545e+07,-1.529987439999999977e-09,5.666499999999999915e+01,6.307000000000000000e+07,6.970000000000000000e+07
6.536290077311631292e+07,-1.529919860000000024e-09,5.667000000000000171e+01,6.307000000000000000e+07,6.970000000000000000e+07
6.531790505256072432e+07,-1.530973780000000231e-09,5.667500000000000426e+01,6.307000000000000000e+07,6.970000000000000000e+07
6.529123796548637748e+07,-1.531599080000000001e-09,5.667999999999999972e+01,6.307000000000000000e+07,6.970000000000000000e+07
6.530567421215610206e+07,-1.531260510000000146e-09,5.668500000000000227e+01,6.307000000000000000e+07,6.970000000000000000e+07
6.528418994557799399e+07,-1.531764429999999977e-09,5.668999999999999773e+01,6.307000000000000000e+07,6.970000000000000000e+07
6.526442652526945621e+07,-1.532228280000000188e-09,5.669500000000000028e+01,6.307000000000000000e+07,6.970000000000000000e+07
6.529247083267801255e+07,-1.531570160000000212e-09,5.670000000000000284e+01,6.307000000000000000e+07,6.970000000000000000e+07
6.530479694818667322e+07,-1.531281080000000168e-09,5.670499999999999829e+01,6.307000000000000000e+07,6.970000000000000000e+07
6.527683366623974591e+07,-1.531937050000000079e-09,5.671000000000000085e+01,6.307000000000000000e+07,6.970000000000000000e+07
6.528611601170460135e+07,-1.531719240000000089e-09,5.671500000000000341e+01,6.307000000000000000e+07,6.970000000000000000e+07
6.530668968422713131e+07,-1.531236700000000166e-09,5.671999999999999886e+01,6.307000000000000000e+07,6.970000000000000000e+07
6.527658439488834888e+07,-1.531942900000000082e-09,5.672500000000000142e+01,6.307000000000000000e+07,6.970000000000000000e+07
6.524667032213312387e+07,-1.532645260000000057e-09,5.673000000000000398e+01,6.307000000000000000e+07,6.970000000000000000e+07
6.525015454172852635e+07,-1.532563420000000066e-09,5.673499999999999943e+01,6.307000000000000000e+07,6.970000000000000000e+07
6.521971213362590969e+07,-1.533278770000000004e-09,5.674000000000000199e+01,6.307000000000000000e+07,6.970000000000000000e+07
6.519224240478432178e+07,-1.533924840000000067e-09,5.674500000000000455e+01,6.307000000000000000e+07,6.970000000000000000e+07
6.520451072025078535e+07,-1.533636230000000049e-09,5.675000000000000000e+01,6.307000000000000000e+07,6.970000000000000000e+07
6.521307419883586466e+07,-1.533434840000000000e-09,5.675500000000000256e+01,6.307000000000000000e+07,6.970000000000000000e+07
6.519401131462927908e+07,-1.533883220000000159e-09,5.675999999999999801e+01,6.307000000000000000e+07,6.970000000000000000e+07
6.521277097952392697e+07,-1.533441970000000122e-09,5.676500000000000057e+01,6.307000000000000000e+07,6.970000000000000000e+07
6.522960200223567337e+07,-1.533046300000000263e-09,5.677000000000000313e+01,6.307000000000000000e+07,6.970000000000000000e+07
6.519026450154499710e+07,-1.533971380000000179e-09,5.677499999999999858e+01,6.307000000000000000e+07,6.970000000000000000e+07
6.516197416176547855e+07,-1.534637360000000220e-09,5.678000000000000114e+01,6.307000000000000000e+07,6.970000000000000000e+07
6.516911855482630432e+07,-1.534469120000000191e-09,5.678500000000000369e+01,6.307000000000000000e+07,6.970000000000000000e+07
6.512878458401148021e+07,-1.535419410000000120e-09,5.678999999999999915e+01,6.307000000000000000e+07,6.970000000000000000e+07
6.507603399212796241e+07,-1.536664020000000067e-09,5.679500000000000171e+01,6.307000000000000000e+07,6.970000000000000000e+07
6.507037031944677979e+07,-1.536797770000000103e-09,5.680000000000000426e+01,6.307000000000000000e+07,6.970000000000000000e+07
6.505948697927077860e+07,-1.537054850000000079e-09,5.680499999999999972e+01,6.307000000000000000e+07,6.970000000000000000e+07
6.502959516384784877e+07,-1.537761380000000225e-09,5.681000000000000227e+01,6.307000000000000000e+07,6.970000000000000000e+07
6.503745881218381226e+07,-1.537575450000000182e-09,5.681499999999999773e+01,6.307000000000000000e+07,6.970000000000000000e+07
6.504858781499835104e+07,-1.537312390000000244e-09,5.682000000000000028e+01,6.307000000000000000e+07,6.970000000000000000e+07
6.501046314149554074e+07,-1.538213930000000142e-09,5.682500000000000284e+01,6.307000000000000000e+07,6.970000000000000000e+07
6.498270020807654411e+07,-1.538871110000000273e-09,5.682999999999999829e+01,6.307000000000000000e+07,6.970000000000000000e+07
6.498324832582195848e+07,-1.538858129999999940e-09,5.683500000000000085e+01,6.307000000000000000e+07,6.970000000000000000e+07
6.494859828292402625e+07,-1.539679110000000173e-09,5.684000000000000341e+01,6.307000000000000000e+07,6.970000000000000000e+07
6.492075791764798760e+07,-1.540339380000000213e-09,5.684499999999999886e+01,6.307000000000000000e+07,6.970000000000000000e+07
6.494757999634020030e+07,-1.539703250000000175e-09,5.685000000000000142e+01,6.307000000000000000e+07,6.970000000000000000e+07
6.496356200303605944e+07,-1.539324460000000031e-09,5.685500000000000398e+01,6.307000000000000000e+07,6.970000000000000000e+07
6.495401379236126691e+07,-1.539550740000000115e-09,5.685999999999999943e+01,6.307000000000000000e+07,6.970000000000000000e+07
6.498016496709420532e+07,-1.538931150000000138e-09,5.686500000000000199e+01,6.307000000000000000e+07,6.970000000000000000e+07
6.500882884904598445e+07,-1.538252600000000144e-09,5.687000000000000455e+01,6.307000000000000000e+07,6.970000000000000000e+07
6.499598643284177780e+07,-1.538556540000000210e-09,5.687500000000000000e+01,6.307000000000000000e+07,6.970000000000000000e+07
6.499609753680974245e+07,-1.538553910000000074e-09,5.688000000000000256e+01,6.307000000000000000e+07,6.970000000000000000e+07
6.501717106738747656e+07,-1.538055230000000218e-09,5.688499999999999801e+01,6.307000000000000000e+07,6.970000000000000000e+07
6.499002159455942363e+07,-1.538697750000000183e-09,5.689000000000000057e+01,6.307000000000000000e+07,6.970000000000000000e+07
6.493818702816075832e+07,-1.539925960000000073e-09,5.689500000000000313e+01,6.307000000000000000e+07,6.970000000000000000e+07
6.493099367743539810e+07,-1.540096560000000068e-09,5.689999999999999858e+01,6.307000000000000000e+07,6.970000000000000000e+07
6.489915505258969218e+07,-1.540852110000000206e-09,5.690500000000000114e+01,6.307000000000000000e+07,6.970000000000000000e+07
6.483737185655291378e+07,-1.542320380000000147e-09,5.691000000000000369e+01,6.307000000000000000e+07,6.970000000000000000e+07
6.482211618591646105e+07,-1.542683360000000173e-09,5.691499999999999915e+01,6.307000000000000000e+07,6.970000000000000000e+07
6.482041781970846653e+07,-1.542723780000000113e-09,5.692000000000000171e+01,6.307000000000000000e+07,6.970000000000000000e+07
6.477358438918270916e+07,-1.543839219999999954e-09,5.692500000000000426e+01,6.307000000000000000e+07,6.970000000000000000e+07
6.475506226098866016e+07,-1.544280810000000058e-09,5.692999999999999972e+01,6.307000000000000000e+07,6.970000000000000000e+07
6.478313879917702079e+07,-1.543611529999999999e-09,5.693500000000000227e+01,6.307000000000000000e+07,6.970000000000000000e+07
6.478188564249368757e+07,-1.543641390000000047e-09,5.693999999999999773e+01,6.307000000000000000e+07,6.970000000000000000e+07
6.478757811697443575e+07,-1.543505760000000115e-09,5.694500000000000028e+01,6.307000000000000000e+07,6.970000000000000000e+07
6.484142843877227604e+07,-1.542223890000000036e-09,5.695000000000000284e+01,6.307000000000000000e+07,6.970000000000000000e+07
6.486938468307332695e+07,-1.541559249999999967e-09,5.695499999999999829e+01,6.307000000000000000e+07,6.970000000000000000e+07
6.485707262063932419e+07,-1.541851890000000153e-09,5.696000000000000085e+01,6.307000000000000000e+07,6.970000000000000000e+07
6.487526805244348198e+07,-1.541419450000000071e-09,5.696500000000000341e+01,6.307000000000000000e+07,6.970000000000000000e+07
6.488253409740995616e+07,-1.541246829999999969e-09,5.696999999999999886e+01,6.307000000000000000e+07,6.970000000000000000e+07
6.483297615225946903e+07,-1.542424950000000063e-09,5.697500000000000142e+01,6.307000000000000000e+07,6.970000000000000000e+07
6.480274152404604107e+07,-1.543144590000000086e-09,5.698000000000000398e+01,6.307000000000000000e+07,6.970000000000000000e+07
6.479105839336251467e+07,-1.543422850000000114e-09,5.698499999999999943e+01,6.307000000000000000e+07,6.970000000000000000e+07
6.474538072948141396e+07,-1.544511730000000132e-09,5.699000000000000199e+01,6.307000000000000000e+07,6.970000000000000000e+07
6.468882817080474645e+07,-1.545861980000000006e-09,5.699500000000000455e+01,6.307000000000000000e+07,6.970000000000000000e+07
6.467586673972280324e+07,-1.546171780000000120e-09,5.700000000000000000e+01,6.307000000000000000e+07,6.970000000000000000e+07
6.464531205319987983e+07,-1.546902580000000227e-09,5.700500000000000256e+01,6.307000000000000000e+07,6.970000000000000000e+07
6.458555934191267937e+07,-1.548333730000000039e-09,5.700999999999999801e+01,6.307000000000000000e+07,6.970000000000000000e+07
6.456980778807961941e+07,-1.548711440000000129e-09,5.701500000000000057e+01,6.307000000000000000e+07,6.970000000000000000e+07
6.456765443706435710e+07,-1.548763090000000050e-09,5.702000000000000313e+01,6.307000000000000000e+07,6.970000000000000000e+07
6.453286094590770453e+07,-1.549598120000000005e-09,5.702499999999999858e+01,6.307000000000000000e+07,6.970000000000000000e+07
6.450969346199998260e+07,-1.550154630000000016e-09,5.703000000000000114e+01,6.307000000000000000e+07,6.970000000000000000e+07
6.451649115707939863e+07,-1.549991300000000146e-09,5.703500000000000369e+01,6.307000000000000000e+07,6.970000000000000000e+07
6.448049170450091362e+07,-1.550856660000000175e-09,5.703999999999999915e+01,6.307000000000000000e+07,6.970000000000000000e+07
6.443405584185181558e+07,-1.551974320000000186e-09,5.704500000000000171e+01,6.307000000000000000e+07,6.970000000000000000e+07
6.442720535644692928e+07,-1.552139340000000139e-09,5.705000000000000426e+01,6.307000000000000000e+07,6.970000000000000000e+07
6.439836021940186620e+07,-1.552834569999999992e-09,5.705499999999999972e+01,6.307000000000000000e+07,6.970000000000000000e+07
6.434505628406849504e+07,-1.554120950000000102e-09,5.706000000000000227e+01,6.307000000000000000e+07,6.970000000000000000e+07
6.433522170933897048e+07,-1.554358520000000228e-09,5.706499999999999773e+01,6.307000000000000000e+07,6.970000000000000000e+07
6.431538867101407796e+07,-1.554837840000000076e-09,5.707000000000000028e+01,6.307000000000000000e+07,6.970000000000000000e+07
6.423962593317211419e+07,-1.556671579999999968e-09,5.707500000000000284e+01,6.307000000000000000e+07,6.970000000000000000e+07
6.417734675587138534e+07,-1.558182210000000012e-09,5.707999999999999829e+01,6.307000000000000000e+07,6.970000000000000000e+07
6.414240517072966695e+07,-1.559031030000000186e-09,5.708500000000000085e+01,6.307000000000000000e+07,6.970000000000000000e+07
6.407898591108793020e+07,-1.560574010000000202e-09,5.709000000000000341e+01,6.307000000000000000e+07,6.970000000000000000e+07
6.401824673675788939e+07,-1.562054650000000240e-09,5.709499999999999886e+01,6.307000000000000000e+07,6.970000000000000000e+07
6.401434740765578300e+07,-1.562149800000000172e-09,5.710000000000000142e+01,6.307000000000000000e+07,6.970000000000000000e+07
6.399770796048801392e+07,-1.562555960000000232e-09,5.710500000000000398e+01,6.307000000000000000e+07,6.970000000000000000e+07
6.395766636946392059e+07,-1.563534220000000060e-09,5.710999999999999943e+01,6.307000000000000000e+07,6.970000000000000000e+07
6.395435194175804406e+07,-1.563615250000000165e-09,5.711500000000000199e+01,6.307000000000000000e+07,6.970000000000000000e+07
6.395988067874915153e+07,-1.563480090000000259e-09,5.712000000000000455e+01,6.307000000000000000e+07,6.970000000000000000e+07
6.393905799583303928e+07,-1.563989260000000109e-09,5.712500000000000000e+01,6.307000000000000000e+07,6.970000000000000000e+07
6.394533727482160926e+07,-1.563835680000000039e-09,5.713000000000000256e+01,6.307000000000000000e+07,6.970000000000000000e+07
6.398877769935811311e+07,-1.562774029999999932e-09,5.713499999999999801e+01,6.307000000000000000e+07,6.970000000000000000e+07
6.397670388131819665e+07,-1.563068960000000186e-09,5.714000000000000057e+01,6.307000000000000000e+07,6.970000000000000000e+07
6.395258054290318489e+07,-1.563658559999999950e-09,5.714500000000000313e+01,6.307000000000000000e+07,6.970000000000000000e+07
6.396156411455378681e+07,-1.563438939999999962e-09,5.714999999999999858e+01,6.307000000000000000e+07,6.970000000000000000e+07
6.395500923708593845e+07,-1.563599180000000129e-09,5.715500000000000114e+01,6.307000000000000000e+07,6.970000000000000000e+07
6.392572505803912878e+07,-1.564315460000000074e-09,5.716000000000000369e+01,6.307000000000000000e+07,6.970000000000000000e+07
6.395355437067383528e+07,-1.563634750000000177e-09,5.716499999999999915e+01,6.307000000000000000e+07,6.970000000000000000e+07
6.399189463304522634e+07,-1.562697910000000193e-09,5.717000000000000171e+01,6.307000000000000000e+07,6.970000000000000000e+07
6.398905572143936157e+07,-1.562767240000000084e-09,5.717500000000000426e+01,6.307000000000000000e+07,6.970000000000000000e+07
6.400431583661859483e+07,-1.562394640000000010e-09,5.717999999999999972e+01,6.307000000000000000e+07,6.970000000000000000e+07
6.405846641853406280e+07,-1.561073900000000072e-09,5.718500000000000227e+01,6.307000000000000000e+07,6.970000000000000000e+07
6.406993074046893418e+07,-1.560794570000000241e-09,5.718999999999999773e+01,6.307000000000000000e+07,6.970000000000000000e+07
6.407883973367629200e+07,-1.560577570000000137e-09,5.719500000000000028e+01,6.307000000000000000e+07,6.970000000000000000e+07
6.412954044040243328e+07,-1.559343780000000206e-09,5.720000000000000284e+01,6.307000000000000000e+07,6.970000000000000000e+07
6.415715155694425851e+07,-1.558672690000000150e-09,5.720499999999999829e+01,6.307000000000000000e+07,6.970000000000000000e+07
6.415831685737062991e+07,-1.558644380000000183e-09,5.721000000000000085e+01,6.307000000000000000e+07,6.970000000000000000e+07
6.419287401196495444e+07,-1.557805310000000015e-09,5.721500000000000341e+01,6.307000000000000000e+07,6.970000000000000000e+07
6.422580395115733147e+07,-1.557006590000000095e-09,5.721999999999999886e+01,6.307000000000000000e+07,6.970000000000000000e+07
6.421271442824632674e+07,-1.557323980000000105e-09,5.722500000000000142e+01,6.307000000000000000e+07,6.970000000000000000e+07
6.420985053076889366e+07,-1.557393440000000162e-09,5.723000000000000398e+01,6.307000000000000000e+07,6.970000000000000000e+07
6.423367697815235704e+07,-1.556815750000000100e-09,5.723499999999999943e+01,6.307000000000000000e+07,6.970000000000000000e+07
6.422735455876128376e+07,-1.556969000000000148e-09,5.724000000000000199e+01,6.307000000000000000e+07,6.970000000000000000e+07
6.422223730160354078e+07,-1.557093060000000031e-09,5.724500000000000455e+01,6.307000000000000000e+07,6.970000000000000000e+07
6.426378009361163527e+07,-1.556086490000000029e-09,5.725000000000000000e+01,6.307000000000000000e+07,6.970000000000000000e+07
6.428791646829289943e+07,-1.555502270000000243e-09,5.725500000000000256e+01,6.307000000000000000e+07,6.970000000000000000e+07
6.428104413011313975e+07,-1.555668570000000108e-09,5.725999999999999801e+01,6.307000000000000000e+07,6.970000000000000000e+07
6.431151179212342948e+07,-1.554931570000000093e-09,5.726500000000000057e+01,6.307000000000000000e+07,6.970000000000000000e+07
6.434811071823443472e+07,-1.554047180000000078e-09,5.727000000000000313e+01,6.307000000000000000e+07,6.970000000000000000e+07
6.433748169405633956e+07,-1.554303919999999987e-09,5.727499999999999858e+01,6.307000000000000000e+07,6.970000000000000000e+07
6.433315392103368044e+07,-1.554408480000000065e-09,5.728000000000000114e+01,6.307000000000000000e+07,6.970000000000000000e+07
6.436821999883519113e+07,-1.553561680000000204e-09,5.728500000000000369e+01,6.307000000000000000e+07,6.970000000000000000e+07
6.437280899500314891e+07,-1.553450930000000055e-09,5.728999999999999915e+01,6.307000000000000000e+07,6.970000000000000000e+07
6.437163050321035087e+07,-1.553479370000000188e-09,5.729500000000000171e+01,6.307000000000000000e+07,6.970000000000000000e+07
6.439581977626921237e+07,-1.552895830000000122e-09,5.730000000000000426e+01,6.307000000000000000e+07,6.970000000000000000e+07
6.438916979057699442e+07,-1.553056210000000086e-09,5.730499999999999972e+01,6.307000000000000000e+07,6.970000000000000000e+07
6.436069836094669253e+07,-1.553743240000000012e-09,5.731000000000000227e+01,6.307000000000000000e+07,6.970000000000000000e+07
6.437137939555699378e+07,-1.553485430000000093e-09,5.731499999999999773e+01,6.307000000000000000e+07,6.970000000000000000e+07
6.438497724898882210e+07,-1.553157340000000187e-09,5.732000000000000028e+01,6.307000000000000000e+07,6.970000000000000000e+07
6.435483008613019437e+07,-1.553884920000000012e-09,5.732500000000000284e+01,6.307000000000000000e+07,6.970000000000000000e+07
6.435723889836985618e+07,-1.553826760000000042e-09,5.732999999999999829e+01,6.307000000000000000e+07,6.970000000000000000e+07
6.438885469876475632e+07,-1.553063810000000233e-09,5.733500000000000085e+01,6.307000000000000000e+07,6.970000000000000000e+07
6.437838545408493280e+07,-1.553316369999999927e-09,5.734000000000000341e+01,6.307000000000000000e+07,6.970000000000000000e+07
6.436607468629938364e+07,-1.553613460000000084e-09,5.734499999999999886e+01,6.307000000000000000e+07,6.970000000000000000e+07
6.439412708818483353e+07,-1.552936649999999982e-09,5.735000000000000142e+01,6.307000000000000000e+07,6.970000000000000000e+07
6.439996935334258527e+07,-1.552795770000000031e-09,5.735500000000000398e+01,6.307000000000000000e+07,6.970000000000000000e+07
6.436785497901675105e+07,-1.553570490000000159e-09,5.735999999999999943e+01,6.307000000000000000e+07,6.970000000000000000e+07
6.439161227131560445e+07,-1.552997300000000084e-09,5.736500000000000199e+01,6.307000000000000000e+07,6.970000000000000000e+07
6.441999652608726174e+07,-1.552313030000000251e-09,5.737000000000000455e+01,6.307000000000000000e+07,6.970000000000000000e+07
6.441370708227421343e+07,-1.552464600000000053e-09,5.737500000000000000e+01,6.307000000000000000e+07,6.970000000000000000e+07
6.443760702724065632e+07,-1.551888790000000094e-09,5.738000000000000256e+01,6.307000000000000000e+07,6.970000000000000000e+07
6.448389997904853523e+07,-1.550774690000000018e-09,5.738499999999999801e+01,6.307000000000000000e+07,6.970000000000000000e+07
6.448703747349486500e+07,-1.550699239999999955e-09,5.739000000000000057e+01,6.307000000000000000e+07,6.970000000000000000e+07
6.449049967555151880e+07,-1.550615990000000094e-09,5.739500000000000313e+01,6.307000000000000000e+07,6.970000000000000000e+07
6.453606734617423266e+07,-1.549521130000000113e-09,5.739999999999999858e+01,6.307000000000000000e+07,6.970000000000000000e+07
6.455459899196315557e+07,-1.549076310000000096e-09,5.740500000000000114e+01,6.307000000000000000e+07,6.970000000000000000e+07
6.454401121227581799e+07,-1.549330420000000077e-09,5.741000000000000369e+01,6.307000000000000000e+07,6.970000000000000000e+07
6.458336573265513778e+07,-1.548386320000000218e-09,5.741499999999999915e+01,6.307000000000000000e+07,6.970000000000000000e+07
6.462179985011748970e+07,-1.547465410000000060e-09,5.742000000000000171e+01,6.307000000000000000e+07,6.970000000000000000e+07
6.463183753458805382e+07,-1.547225080000000046e-09,5.742500000000000426e+01,6.307000000000000000e+07,6.970000000000000000e+07
6.465409753942150623e+07,-1.546692380000000222e-09,5.742999999999999972e+01,6.307000000000000000e+07,6.970000000000000000e+07
6.468496471930015087e+07,-1.545954309999999990e-09,5.743500000000000227e+01,6.307000000000000000e+07,6.970000000000000000e+07
6.467355782396192104e+07,-1.546226979999999932e-09,5.743999999999999773e+01,6.307000000000000000e+07,6.970000000000000000e+07
6.466468258176590502e+07,-1.546439200000000042e-09,5.744500000000000028e+01,6.307000000000000000e+07,6.970000000000000000e+07
6.470202797701454908e+07,-1.545546610000000101e-09,5.745000000000000284e+01,6.307000000000000000e+07,6.970000000000000000e+07
6.471199470536813140e+07,-1.545308570000000156e-09,5.745499999999999829e+01,6.307000000000000000e+07,6.970000000000000000e+07
6.468477057557059079e+07,-1.545958949999999981e-09,5.746000000000000085e+01,6.307000000000000000e+07,6.970000000000000000e+07
6.468505467853546888e+07,-1.545952159999999925e-09,5.746500000000000341e+01,6.307000000000000000e+07,6.970000000000000000e+07
6.466153906696942449e+07,-1.546514380000000143e-09,5.746999999999999886e+01,6.307000000000000000e+07,6.970000000000000000e+07
6.458351422099275142e+07,-1.548382760000000076e-09,5.747500000000000142e+01,6.307000000000000000e+07,6.970000000000000000e+07
6.452186023852751404e+07,-1.549862320000000059e-09,5.748000000000000398e+01,6.307000000000000000e+07,6.970000000000000000e+07
6.448913471258524060e+07,-1.550648810000000092e-09,5.748499999999999943e+01,6.307000000000000000e+07,6.970000000000000000e+07
6.441377720257419348e+07,-1.552462910000000176e-09,5.749000000000000199e+01,6.307000000000000000e+07,6.970000000000000000e+07
6.433696966529251635e+07,-1.554316290000000084e-09,5.749500000000000455e+01,6.307000000000000000e+07,6.970000000000000000e+07
6.429685270506633073e+07,-1.555286080000000025e-09,5.750000000000000000e+01,6.307000000000000000e+07,6.970000000000000000e+07
6.422367967016568035e+07,-1.557058089999999968e-09,5.750500000000000256e+01,6.307000000000000000e+07,6.970000000000000000e+07
6.412649315012343228e+07,-1.559417880000000046e-09,5.750999999999999801e+01,6.307000000000000000e+07,6.970000000000000000e+07
6.407352483107303828e+07,-1.560707020000000043e-09,5.751500000000000057e+01,6.307000000000000000e+07,6.970000000000000000e+07
6.402974627361442894e+07,-1.561774110000000188e-09,5.752000000000000313e+01,6.307000000000000000e+07,6.970000000000000000e+07
6.395277604227708280e+07,-1.563653780000000164e-09,5.752499999999999858e+01,6.307000000000000000e+07,6.970000000000000000e+07
6.390876650354421884e+07,-1.564730560000000254e-09,5.753000000000000114e+01,6.307000000000000000e+07,6.970000000000000000e+07
6.388922609977364540e+07,-1.565209130000000070e-09,5.753500000000000369e+01,6.307000000000000000e+07,6.970000000000000000e+07
6.382182743004192412e+07,-1.566862060000000186e-09,5.753999999999999915e+01,6.307000000000000000e+07,6.970000000000000000e+07
6.375434441229128838e+07,-1.568520560000000093e-09,5.754500000000000171e+01,6.307000000000000000e+07,6.970000000000000000e+07
6.372836503260808438e+07,-1.569159980000000105e-09,5.755000000000000426e+01,6.307000000000000000e+07,6.970000000000000000e+07
6.368221738016605377e+07,-1.570297080000000068e-09,5.755499999999999972e+01,6.307000000000000000e+07,6.970000000000000000e+07
6.361226158657109737e+07,-1.572023970000000227e-09,5.756000000000000227e+01,6.307000000000000000e+07,6.970000000000000000e+07
6.358115906380227208e+07,-1.572792970000000103e-09,5.756499999999999773e+01,6.307000000000000000e+07,6.970000000000000000e+07
6.352945430701811612e+07,-1.574073019999999933e-09,5.757000000000000028e+01,6.307000000000000000e+07,6.970000000000000000e+07
6.342290152265194058e+07,-1.576717520000000233e-09,5.757500000000000284e+01,6.307000000000000000e+07,6.970000000000000000e+07
6.334413623235881329e+07,-1.578678089999999941e-09,5.757999999999999829e+01,6.307000000000000000e+07,6.970000000000000000e+07
6.328226610554872453e+07,-1.580221539999999983e-09,5.758500000000000085e+01,6.307000000000000000e+07,6.970000000000000000e+07
6.317129370071651042e+07,-1.582997500000000251e-09,5.759000000000000341e+01,6.307000000000000000e+07,6.970000000000000000e+07
6.306762279537348449e+07,-1.585599640000000241e-09,5.759499999999999886e+01,6.307000000000000000e+07,6.970000000000000000e+07
6.300723660795047134e+07,-1.587119280000000097e-09,5.760000000000000142e+01,6.307000000000000000e+07,6.970000000000000000e+07
6.293789195673628896e+07,-1.588867960000000130e-09,5.760500000000000398e+01,6.307000000000000000e+07,6.970000000000000000e+07
6.288316164563800395e+07,-1.590250830000000145e-09,5.760999999999999943e+01,6.307000000000000000e+07,6.970000000000000000e+07
6.289074610153628886e+07,-1.590059050000000098e-09,5.761500000000000199e+01,6.307000000000000000e+07,6.970000000000000000e+07
6.289335785889172554e+07,-1.589993020000000225e-09,5.762000000000000455e+01,6.307000000000000000e+07,6.970000000000000000e+07
6.286338217355034500e+07,-1.590751190000000040e-09,5.762500000000000000e+01,6.307000000000000000e+07,6.970000000000000000e+07
6.286554507074216008e+07,-1.590696460000000048e-09,5.763000000000000256e+01,6.307000000000000000e+07,6.970000000000000000e+07
6.290098196609976888e+07,-1.589800300000000127e-09,5.763499999999999801e+01,6.307000000000000000e+07,6.970000000000000000e+07
6.290262911414095759e+07,-1.589758669999999967e-09,5.764000000000000057e+01,6.307000000000000000e+07,6.970000000000000000e+07
6.291058554335755855e+07,-1.589557610000000147e-09,5.764500000000000313e+01,6.307000000000000000e+07,6.970000000000000000e+07
6.295917107199856639e+07,-1.588330950000000132e-09,5.764999999999999858e+01,6.307000000000000000e+07,6.970000000000000000e+07
6.298763769349550456e+07,-1.587613120000000106e-09,5.765500000000000114e+01,6.307000000000000000e+07,6.970000000000000000e+07
6.299276841128855944e+07,-1.587483809999999997e-09,5.766000000000000369e+01,6.307000000000000000e+07,6.970000000000000000e+07
6.303679137285533547e+07,-1.586375160000000004e-09,5.766499999999999915e+01,6.307000000000000000e+07,6.970000000000000000e+07
6.307900534400287271e+07,-1.585313519999999942e-09,5.767000000000000171e+01,6.307000000000000000e+07,6.970000000000000000e+07
6.309896933260106295e+07,-1.584811940000000195e-09,5.767500000000000426e+01,6.307000000000000000e+07,6.970000000000000000e+07
6.315538474241438508e+07,-1.583396260000000019e-09,5.767999999999999972e+01,6.307000000000000000e+07,6.970000000000000000e+07
6.321952792043984681e+07,-1.581789730000000011e-09,5.768500000000000227e+01,6.307000000000000000e+07,6.970000000000000000e+07
6.323402770745626837e+07,-1.581427020000000154e-09,5.768999999999999773e+01,6.307000000000000000e+07,6.970000000000000000e+07
6.324920141716413200e+07,-1.581047630000000232e-09,5.769500000000000028e+01,6.307000000000000000e+07,6.970000000000000000e+07
6.329353518122732639e+07,-1.579940190000000252e-09,5.770000000000000284e+01,6.307000000000000000e+07,6.970000000000000000e+07
6.330617205233690888e+07,-1.579624810000000097e-09,5.770499999999999829e+01,6.307000000000000000e+07,6.970000000000000000e+07
6.329510840464603156e+07,-1.579900920000000059e-09,5.771000000000000085e+01,6.307000000000000000e+07,6.970000000000000000e+07
6.332667071319871396e+07,-1.579113489999999974e-09,5.771500000000000341e+01,6.307000000000000000e+07,6.970000000000000000e+07
6.335948728489137441e+07,-1.578295600000000064e-09,5.771999999999999886e+01,6.307000000000000000e+07,6.970000000000000000e+07
6.336502687228414416e+07,-1.578157620000000210e-09,5.772500000000000142e+01,6.307000000000000000e+07,6.970000000000000000e+07
6.340659261296582967e+07,-1.577123070000000264e-09,5.773000000000000398e+01,6.307000000000000000e+07,6.970000000000000000e+07
6.346352183084543049e+07,-1.575708330000000140e-09,5.773499999999999943e+01,6.307000000000000000e+07,6.970000000000000000e+07
6.347601514334598184e+07,-1.575398200000000004e-09,5.774000000000000199e+01,6.307000000000000000e+07,6.970000000000000000e+07
6.348781404104366899e+07,-1.575105420000000228e-09,5.774500000000000455e+01,6.307000000000000000e+07,6.970000000000000000e+07
6.354284209010250121e+07,-1.573741380000000136e-09,5.775000000000000000e+01,6.307000000000000000e+07,6.970000000000000000e+07
6.357286359259661287e+07,-1.572998200000000095e-09,5.775500000000000256e+01,6.307000000000000000e+07,6.970000000000000000e+07
6.358507371932636201e+07,-1.572696139999999925e-09,5.775999999999999801e+01,6.307000000000000000e+07,6.970000000000000000e+07
6.363938037440931052e+07,-1.571354080000000139e-09,5.776500000000000057e+01,6.307000000000000000e+07,6.970000000000000000e+07
6.369622668202959746e+07,-1.569951710000000113e-09,5.777000000000000313e+01,6.307000000000000000e+07,6.970000000000000000e+07
6.371001525198652595e+07,-1.569611930000000037e-09,5.777499999999999858e+01,6.307000000000000000e+07,6.970000000000000000e+07
6.375721700614866614e+07,-1.568449890000000024e-09,5.778000000000000114e+01,6.307000000000000000e+07,6.970000000000000000e+07
6.381706496268976480e+07,-1.566978990000000154e-09,5.778500000000000369e+01,6.307000000000000000e+07,6.970000000000000000e+07
6.383352258164162934e+07,-1.566574989999999997e-09,5.778999999999999915e+01,6.307000000000000000e+07,6.970000000000000000e+07
6.385609186797139794e+07,-1.566021300000000141e-09,5.779500000000000171e+01,6.307000000000000000e+07,6.970000000000000000e+07
6.391327673949026316e+07,-1.564620140000000128e-09,5.780000000000000426e+01,6.307000000000000000e+07,6.970000000000000000e+07
6.394023460234749317e+07,-1.563960480000000117e-09,5.780499999999999972e+01,6.307000000000000000e+07,6.970000000000000000e+07
6.394044351789910346e+07,-1.563955370000000101e-09,5.781000000000000227e+01,6.307000000000000000e+07,6.970000000000000000e+07
6.398731556408139318e+07,-1.562809740000000190e-09,5.781499999999999773e+01,6.307000000000000000e+07,6.970000000000000000e+07
6.403044365862016380e+07,-1.561757099999999895e-09,5.782000000000000028e+01,6.307000000000000000e+07,6.970000000000000000e+07
6.404362467267063260e+07,-1.561435670000000085e-09,5.782500000000000284e+01,6.307000000000000000e+07,6.970000000000000000e+07
6.409020907142689079e+07,-1.560300730000000025e-09,5.782999999999999829e+01,6.307000000000000000e+07,6.970000000000000000e+07
6.415108494014854729e+07,-1.558820089999999987e-09,5.783500000000000085e+01,6.307000000000000000e+07,6.970000000000000000e+07
6.416963165123445541e+07,-1.558369550000000132e-09,5.784000000000000341e+01,6.307000000000000000e+07,6.970000000000000000e+07
6.419013384676367790e+07,-1.557871810000000120e-09,5.784499999999999886e+01,6.307000000000000000e+07,6.970000000000000000e+07
6.425524197155489773e+07,-1.556293260000000056e-09,5.785000000000000142e+01,6.307000000000000000e+07,6.970000000000000000e+07
6.429198808160268515e+07,-1.555403760000000025e-09,5.785500000000000398e+01,6.307000000000000000e+07,6.970000000000000000e+07
6.430571078954139352e+07,-1.555071840000000222e-09,5.785999999999999943e+01,6.307000000000000000e+07,6.970000000000000000e+07
6.434944984180459380e+07,-1.554014840000000150e-09,5.786500000000000199e+01,6.307000000000000000e+07,6.970000000000000000e+07
6.437704471150560677e+07,-1.553348720000000106e-09,5.787000000000000455e+01,6.307000000000000000e+07,6.970000000000000000e+07
6.435077535573542863e+07,-1.553982830000000038e-09,5.787500000000000000e+01,6.307000000000000000e+07,6.970000000000000000e+07
6.434095848970358074e+07,-1.554219929999999931e-09,5.788000000000000256e+01,6.307000000000000000e+07,6.970000000000000000e+07
6.434234740880949050e+07,-1.554186379999999990e-09,5.788499999999999801e+01,6.307000000000000000e+07,6.970000000000000000e+07
6.428966722774616629e+07,-1.555459910000000140e-09,5.789000000000000057e+01,6.307000000000000000e+07,6.970000000000000000e+07
6.424552357107868791e+07,-1.556528680000000117e-09,5.789500000000000313e+01,6.307000000000000000e+07,6.970000000000000000e+07
6.423705384563762695e+07,-1.556733910000000109e-09,5.789999999999999858e+01,6.307000000000000000e+07,6.970000000000000000e+07
6.419207048063381761e+07,-1.557824810000000234e-09,5.790500000000000114e+01,6.307000000000000000e+07,6.970000000000000000e+07
6.412576858741512150e+07,-1.559435500000000162e-09,5.791000000000000369e+01,6.307000000000000000e+07,6.970000000000000000e+07
6.411792733337046951e+07,-1.559626210000000198e-09,5.791499999999999915e+01,6.307000000000000000e+07,6.970000000000000000e+07
6.410078941468280554e+07,-1.560043190000000068e-09,5.792000000000000171e+01,6.307000000000000000e+07,6.970000000000000000e+07
6.406049729869374633e+07,-1.561024410000000054e-09,5.792500000000000426e+01,6.307000000000000000e+07,6.970000000000000000e+07
6.406819726444174349e+07,-1.560836799999999972e-09,5.792999999999999972e+01,6.307000000000000000e+07,6.970000000000000000e+07
6.410968767516770214e+07,-1.559826659999999989e-09,5.793500000000000227e+01,6.307000000000000000e+07,6.970000000000000000e+07
6.411738014948479831e+07,-1.559639520000000140e-09,5.793999999999999773e+01,6.307000000000000000e+07,6.970000000000000000e+07
6.412748009502255917e+07,-1.559393880000000047e-09,5.794500000000000028e+01,6.307000000000000000e+07,6.970000000000000000e+07
6.416712280935367942e+07,-1.558430480000000033e-09,5.795000000000000284e+01,6.307000000000000000e+07,6.970000000000000000e+07
6.417608397753767669e+07,-1.558212870000000107e-09,5.795499999999999829e+01,6.307000000000000000e+07,6.970000000000000000e+07
6.415990866606026143e+07,-1.558605709999999974e-09,5.796000000000000085e+01,6.307000000000000000e+07,6.970000000000000000e+07
6.417987534496843070e+07,-1.558120820000000129e-09,5.796500000000000341e+01,6.307000000000000000e+07,6.970000000000000000e+07
6.418624651000121236e+07,-1.557966160000000211e-09,5.796999999999999886e+01,6.307000000000000000e+07,6.970000000000000000e+07
6.415937970095774531e+07,-1.558618560000000141e-09,5.797500000000000142e+01,6.307000000000000000e+07,6.970000000000000000e+07
6.416368453644744307e+07,-1.558513990000000019e-09,5.798000000000000398e+01,6.307000000000000000e+07,6.970000000000000000e+07
6.419195675167053193e+07,-1.557827570000000121e-09,5.798499999999999943e+01,6.307000000000000000e+07,6.970000000000000000e+07
6.418323255153790861e+07,-1.558039320000000206e-09,5.799000000000000199e+01,6.307000000000000000e+07,6.970000000000000000e+07
6.418221340655274689e+07,-1.558064059999999986e-09,5.799500000000000455e+01,6.307000000000000000e+07,6.970000000000000000e+07
6.420805959083233774e+07,-1.557436880000000112e-09,5.800000000000000000e+01,6.307000000000000000e+07,6.970000000000000000e+07
6.420434239007277042e+07,-1.557527050000000194e-09,5.800500000000000256e+01,6.307000000000000000e+07,6.970000000000000000e+07
6.419165759697386622e+07,-1.557834830000000202e-09,5.800999999999999801e+01,6.307000000000000000e+07,6.970000000000000000e+07
6.422942132695543766e+07,-1.556918900000000100e-09,5.801500000000000057e+01,6.307000000000000000e+07,6.970000000000000000e+07
6.424283668922279030e+07,-1.556593780000000190e-09,5.802000000000000313e+01,6.307000000000000000e+07,6.970000000000000000e+07
6.420098297483022511e+07,-1.557608550000000118e-09,5.802499999999999858e+01,6.307000000000000000e+07,6.970000000000000000e+07
6.419187392757043988e+07,-1.557829579999999976e-09,5.803000000000000114e+01,6.307000000000000000e+07,6.970000000000000000e+07
6.419501603633227199e+07,-1.557753330000000071e-09,5.803500000000000369e+01,6.307000000000000000e+07,6.970000000000000000e+07
6.415556029665146023e+07,-1.558711350000000107e-09,5.803999999999999915e+01,6.307000000000000000e+07,6.970000000000000000e+07
6.413261310955138505e+07,-1.559269070000000131e-09,5.804500000000000171e+01,6.307000000000000000e+07,6.970000000000000000e+07
6.415984486046857387e+07,-1.558607260000000055e-09,5.805000000000000426e+01,6.307000000000000000e+07,6.970000000000000000e+07
6.415916935227859765e+07,-1.558623670000000157e-09,5.805499999999999972e+01,6.307000000000000000e+07,6.970000000000000000e+07
6.414480386709521711e+07,-1.558972730000000213e-09,5.806000000000000227e+01,6.307000000000000000e+07,6.970000000000000000e+07
6.416773507549761236e+07,-1.558415609999999967e-09,5.806499999999999773e+01,6.307000000000000000e+07,6.970000000000000000e+07
6.417308456337627023e+07,-1.558285700000000286e-09,5.807000000000000028e+01,6.307000000000000000e+07,6.970000000000000000e+07
6.413982687506209314e+07,-1.559093700000000187e-09,5.807500000000000284e+01,6.307000000000000000e+07,6.970000000000000000e+07
6.416455076039964706e+07,-1.558492950000000177e-09,5.807999999999999829e+01,6.307000000000000000e+07,6.970000000000000000e+07
6.421120905667769164e+07,-1.557360489999999998e-09,5.808500000000000085e+01,6.307000000000000000e+07,6.970000000000000000e+07
6.420113548054245114e+07,-1.557604849999999972e-09,5.809000000000000341e+01,6.307000000000000000e+07,6.970000000000000000e+07
6.420336668073319644e+07,-1.557550720000000171e-09,5.809499999999999886e+01,6.307000000000000000e+07,6.970000000000000000e+07
6.422926868683131784e+07,-1.556922600000000039e-09,5.810000000000000142e+01,6.307000000000000000e+07,6.970000000000000000e+07
6.422348828553619236e+07,-1.557062729999999958e-09,5.810500000000000398e+01,6.307000000000000000e+07,6.970000000000000000e+07
6.420185597678542882e+07,-1.557587370000000066e-09,5.810999999999999943e+01,6.307000000000000000e+07,6.970000000000000000e+07
6.422491668583245575e+07,-1.557028099999999962e-09,5.811500000000000199e+01,6.307000000000000000e+07,6.970000000000000000e+07
6.423248418374636769e+07,-1.556844660000000258e-09,5.812000000000000455e+01,6.307000000000000000e+07,6.970000000000000000e+07
6.420669583893612027e+07,-1.557469960000000028e-09,5.812500000000000000e+01,6.307000000000000000e+07,6.970000000000000000e+07
6.421652167164724320e+07,-1.557231650000000121e-09,5.813000000000000256e+01,6.307000000000000000e+07,6.970000000000000000e+07
6.424134930165991932e+07,-1.556629820000000057e-09,5.813499999999999801e+01,6.307000000000000000e+07,6.970000000000000000e+07
6.421908675385327637e+07,-1.557169450000000146e-09,5.814000000000000057e+01,6.307000000000000000e+07,6.970000000000000000e+07
6.420723053161166608e+07,-1.557456989999999947e-09,5.814500000000000313e+01,6.307000000000000000e+07,6.970000000000000000e+07
6.422272275842451304e+07,-1.557081290000000126e-09,5.814999999999999858e+01,6.307000000000000000e+07,6.970000000000000000e+07
6.420570068291109800e+07,-1.557494100000000030e-09,5.815500000000000114e+01,6.307000000000000000e+07,6.970000000000000000e+07
6.417340866615550965e+07,-1.558277829999999970e-09,5.816000000000000369e+01,6.307000000000000000e+07,6.970000000000000000e+07
6.419514337548745424e+07,-1.557750240000000162e-09,5.816499999999999915e+01,6.307000000000000000e+07,6.970000000000000000e+07
6.423188470885411650e+07,-1.556859190000000050e-09,5.817000000000000171e+01,6.307000000000000000e+07,6.970000000000000000e+07
6.424951468647210300e+07,-1.556431990000000149e-09,5.817500000000000426e+01,6.307000000000000000e+07,6.970000000000000000e+07
6.430901707146524638e+07,-1.554991889999999965e-09,5.817999999999999972e+01,6.307000000000000000e+07,6.970000000000000000e+07
6.439453718989297003e+07,-1.552926760000000180e-09,5.818500000000000227e+01,6.307000000000000000e+07,6.970000000000000000e+07
6.444839210896722227e+07,-1.551629090000000234e-09,5.818999999999999773e+01,6.307000000000000000e+07,6.970000000000000000e+07
6.451668429197964817e+07,-1.549986660000000156e-09,5.819500000000000028e+01,6.307000000000000000e+07,6.970000000000000000e+07
6.462703152003798634e+07,-1.547340140000000163e-09,5.820000000000000284e+01,6.307000000000000000e+07,6.970000000000000000e+07
6.470228125232765824e+07,-1.545540560000000241e-09,5.820499999999999829e+01,6.307000000000000000e+07,6.970000000000000000e+07
6.475181980780702084e+07,-1.544358140000000017e-09,5.821000000000000085e+01,6.307000000000000000e+07,6.970000000000000000e+07
6.483570127578247339e+07,-1.542360119999999952e-09,5.821500000000000341e+01,6.307000000000000000e+07,6.970000000000000000e+07
6.489311743401815742e+07,-1.540995470000000038e-09,5.821999999999999886e+01,6.307000000000000000e+07,6.970000000000000000e+07
6.490426196237633377e+07,-1.540730870000000064e-09,5.822500000000000142e+01,6.307000000000000000e+07,6.970000000000000000e+07
6.493908019429616630e+07,-1.539904780000000228e-09,5.823000000000000398e+01,6.307000000000000000e+07,6.970000000000000000e+07
6.498191689714778215e+07,-1.538889659999999982e-09,5.823499999999999943e+01,6.307000000000000000e+07,6.970000000000000000e+07
6.497739644305413961e+07,-1.538996720000000237e-09,5.824000000000000199e+01,6.307000000000000000e+07,6.970000000000000000e+07
6.498988516924191266e+07,-1.538700980000000096e-09,5.824500000000000455e+01,6.307000000000000000e+07,6.970000000000000000e+07
6.502558604000546783e+07,-1.537856190000000090e-09,5.825000000000000000e+01,6.307000000000000000e+07,6.970000000000000000e+07
6.502179302926065773e+07,-1.537945899999999984e-09,5.825500000000000256e+01,6.307000000000000000e+07,6.970000000000000000e+07
6.500334461709058285e+07,-1.538382380000000072e-09,5.825999999999999801e+01,6.307000000000000000e+07,6.970000000000000000e+07
6.503190419697570801e+07,-1.537706779999999984e-09,5.826500000000000057e+01,6.307000000000000000e+07,6.970000000000000000e+07
6.503667375759352744e+07,-1.537594010000000143e-09,5.827000000000000313e+01,6.307000000000000000e+07,6.970000000000000000e+07
6.499718240464134514e+07,-1.538528230000000243e-09,5.827499999999999858e+01,6.307000000000000000e+07,6.970000000000000000e+07
6.498573017342559248e+07,-1.538799360000000148e-09,5.828000000000000114e+01,6.307000000000000000e+07,6.970000000000000000e+07
6.499277936720508337e+07,-1.538632460000000092e-09,5.828500000000000369e+01,6.307000000000000000e+07,6.970000000000000000e+07
6.495347207420948893e+07,-1.539563580000000238e-09,5.828999999999999915e+01,6.307000000000000000e+07,6.970000000000000000e+07
6.493190646161491424e+07,-1.540074909999999991e-09,5.829500000000000171e+01,6.307000000000000000e+07,6.970000000000000000e+07
6.495316577962726355e+07,-1.539570840000000112e-09,5.830000000000000426e+01,6.307000000000000000e+07,6.970000000000000000e+07
6.494025425174559653e+07,-1.539876940000000080e-09,5.830499999999999972e+01,6.307000000000000000e+07,6.970000000000000000e+07
6.490964437946642935e+07,-1.540603110000000035e-09,5.831000000000000227e+01,6.307000000000000000e+07,6.970000000000000000e+07
6.491951966099338233e+07,-1.540368760000000190e-09,5.831499999999999773e+01,6.307000000000000000e+07,6.970000000000000000e+07
6.489505123642756790e+07,-1.540949550000000000e-09,5.832000000000000028e+01,6.307000000000000000e+07,6.970000000000000000e+07
6.483646172827178240e+07,-1.542342030000000017e-09,5.832500000000000284e+01,6.307000000000000000e+07,6.970000000000000000e+07
6.482082202447665483e+07,-1.542714160000000065e-09,5.832999999999999829e+01,6.307000000000000000e+07,6.970000000000000000e+07
6.482372681679075956e+07,-1.542645030000000239e-09,5.833500000000000085e+01,6.307000000000000000e+07,6.970000000000000000e+07
6.479025954641065001e+07,-1.543441880000000100e-09,5.834000000000000341e+01,6.307000000000000000e+07,6.970000000000000000e+07
6.477377906640749425e+07,-1.543834579999999964e-09,5.834499999999999886e+01,6.307000000000000000e+07,6.970000000000000000e+07
6.478569562419465929e+07,-1.543550610000000143e-09,5.835000000000000142e+01,6.307000000000000000e+07,6.970000000000000000e+07
6.474812364793777466e+07,-1.544446300000000037e-09,5.835500000000000398e+01,6.307000000000000000e+07,6.970000000000000000e+07
6.469216852651476860e+07,-1.545782159999999915e-09,5.835999999999999943e+01,6.307000000000000000e+07,6.970000000000000000e+07
6.468701585205131769e+07,-1.545905290000000205e-09,5.836500000000000199e+01,6.307000000000000000e+07,6.970000000000000000e+07
6.466802002605617046e+07,-1.546359389999999995e-09,5.837000000000000455e+01,6.307000000000000000e+07,6.970000000000000000e+07
6.461405601122429222e+07,-1.547650870000000077e-09,5.837500000000000000e+01,6.307000000000000000e+07,6.970000000000000000e+07
6.460306099510278553e+07,-1.547914270000000082e-09,5.838000000000000256e+01,6.307000000000000000e+07,6.970000000000000000e+07
6.460316491680165380e+07,-1.547911780000000157e-09,5.838499999999999801e+01,6.307000000000000000e+07,6.970000000000000000e+07
6.456599772612759471e+07,-1.548802830000000269e-09,5.839000000000000057e+01,6.307000000000000000e+07,6.970000000000000000e+07
6.455182785891766846e+07,-1.549142809999999994e-09,5.839500000000000313e+01,6.307000000000000000e+07,6.970000000000000000e+07
6.457231694629558176e+07,-1.548651260000000053e-09,5.839999999999999858e+01,6.307000000000000000e+07,6.970000000000000000e+07
6.455652142297189683e+07,-1.549030179999999949e-09,5.840500000000000114e+01,6.307000000000000000e+07,6.970000000000000000e+07
6.454323802504456043e+07,-1.549348980000000037e-09,5.841000000000000369e+01,6.307000000000000000e+07,6.970000000000000000e+07
6.458177828483945876e+07,-1.548424379999999984e-09,5.841499999999999915e+01,6.307000000000000000e+07,6.970000000000000000e+07
6.459256662542387843e+07,-1.548165760000000179e-09,5.842000000000000171e+01,6.307000000000000000e+07,6.970000000000000000e+07
6.455794508755420148e+07,-1.548996019999999979e-09,5.842500000000000426e+01,6.307000000000000000e+07,6.970000000000000000e+07
6.457487675545752794e+07,-1.548589870000000171e-09,5.842999999999999972e+01,6.307000000000000000e+07,6.970000000000000000e+07
6.461097627805421501e+07,-1.547724640000000101e-09,5.843500000000000227e+01,6.307000000000000000e+07,6.970000000000000000e+07
6.461106603161139041e+07,-1.547722490000000036e-09,5.843999999999999773e+01,6.307000000000000000e+07,6.970000000000000000e+07
6.464355273518895358e+07,-1.546944679999999998e-09,5.844500000000000028e+01,6.307000000000000000e+07,6.970000000000000000e+07
6.470720816557341814e+07,-1.545422880000000240e-09,5.845000000000000284e+01,6.307000000000000000e+07,6.970000000000000000e+07
6.471737082833446562e+07,-1.545180199999999892e-09,5.845499999999999829e+01,6.307000000000000000e+07,6.970000000000000000e+07
6.469532046131516248e+07,-1.545706850000000062e-09,5.846000000000000085e+01,6.307000000000000000e+07,6.970000000000000000e+07
6.470749246566987038e+07,-1.545416090000000185e-09,5.846500000000000341e+01,6.307000000000000000e+07,6.970000000000000000e+07
6.470437869930300862e+07,-1.545490459999999987e-09,5.846999999999999886e+01,6.307000000000000000e+07,6.970000000000000000e+07
6.468084861971942335e+07,-1.546052690000000042e-09,5.847500000000000142e+01,6.307000000000000000e+07,6.970000000000000000e+07
6.469844758792348206e+07,-1.545632139999999986e-09,5.848000000000000398e+01,6.307000000000000000e+07,6.970000000000000000e+07
6.472039034213599563e+07,-1.545108110000000114e-09,5.848499999999999943e+01,6.307000000000000000e+07,6.970000000000000000e+07
6.469921863788838685e+07,-1.545613720000000029e-09,5.849000000000000199e+01,6.307000000000000000e+07,6.970000000000000000e+07
6.468584549374401569e+07,-1.545933260000000104e-09,5.849500000000000455e+01,6.307000000000000000e+07,6.970000000000000000e+07
6.467642935377776623e+07,-1.546158329999999968e-09,5.850000000000000000e+01,6.307000000000000000e+07,6.970000000000000000e+07
6.462106947999230772e+07,-1.547482900000000217e-09,5.850500000000000256e+01,6.307000000000000000e+07,6.970000000000000000e+07
6.455876363976576179e+07,-1.548976380000000170e-09,5.850999999999999801e+01,6.307000000000000000e+07,6.970000000000000000e+07
6.453617646684323996e+07,-1.549518510000000022e-09,5.851500000000000057e+01,6.307000000000000000e+07,6.970000000000000000e+07
6.448634965202972293e+07,-1.550715780000000016e-09,5.852000000000000313e+01,6.307000000000000000e+07,6.970000000000000000e+07
6.439703813550739735e+07,-1.552866450000000145e-09,5.852499999999999858e+01,6.307000000000000000e+07,6.970000000000000000e+07
6.433661038077513874e+07,-1.554324970000000080e-09,5.853000000000000114e+01,6.307000000000000000e+07,6.970000000000000000e+07
6.427770188652355969e+07,-1.555749460000000003e-09,5.853500000000000369e+01,6.307000000000000000e+07,6.970000000000000000e+07
6.417632738593338430e+07,-1.558206960000000043e-09,5.853999999999999915e+01,6.307000000000000000e+07,6.970000000000000000e+07
6.409785249952171743e+07,-1.560114670000000023e-09,5.854500000000000171e+01,6.307000000000000000e+07,6.970000000000000000e+07
6.404227856048507243e+07,-1.561468490000000083e-09,5.855000000000000426e+01,6.307000000000000000e+07,6.970000000000000000e+07
6.394520560909438878e+07,-1.563838900000000114e-09,5.855499999999999972e+01,6.307000000000000000e+07,6.970000000000000000e+07
6.385795905582201481e+07,-1.565975510000000062e-09,5.856000000000000227e+01,6.307000000000000000e+07,6.970000000000000000e+07
6.383136631339600682e+07,-1.566627910000000199e-09,5.856499999999999773e+01,6.307000000000000000e+07,6.970000000000000000e+07
6.378576189404013008e+07,-1.567747990000000030e-09,5.857000000000000028e+01,6.307000000000000000e+07,6.970000000000000000e+07
6.371773228106556833e+07,-1.569421830000000030e-09,5.857500000000000284e+01,6.307000000000000000e+07,6.970000000000000000e+07
6.369453243649478257e+07,-1.569993470000000024e-09,5.857999999999999829e+01,6.307000000000000000e+07,6.970000000000000000e+07
6.367513617930755019e+07,-1.570471710000000231e-09,5.858500000000000085e+01,6.307000000000000000e+07,6.970000000000000000e+07
6.361062926236141473e+07,-1.572064310000000017e-09,5.859000000000000341e+01,6.307000000000000000e+07,6.970000000000000000e+07
6.356233195271498710e+07,-1.573258830000000169e-09,5.859499999999999886e+01,6.307000000000000000e+07,6.970000000000000000e+07
6.354246739442193508e+07,-1.573750660000000116e-09,5.860000000000000142e+01,6.307000000000000000e+07,6.970000000000000000e+07
6.349444161086388677e+07,-1.574941010000000097e-09,5.860500000000000398e+01,6.307000000000000000e+07,6.970000000000000000e+07
6.344801526137952507e+07,-1.576093430000000063e-09,5.860999999999999943e+01,6.307000000000000000e+07,6.970000000000000000e+07
6.344210615662308782e+07,-1.576240230000000123e-09,5.861500000000000199e+01,6.307000000000000000e+07,6.970000000000000000e+07
6.342018848644910008e+07,-1.576784970000000228e-09,5.862000000000000455e+01,6.307000000000000000e+07,6.970000000000000000e+07
6.339727229305327684e+07,-1.577354930000000183e-09,5.862500000000000000e+01,6.307000000000000000e+07,6.970000000000000000e+07
6.344500220496760309e+07,-1.576168280000000141e-09,5.863000000000000256e+01,6.307000000000000000e+07,6.970000000000000000e+07
6.349963103539386392e+07,-1.574812300000000178e-09,5.863499999999999801e+01,6.307000000000000000e+07,6.970000000000000000e+07
6.350029796879819036e+07,-1.574795760000000117e-09,5.864000000000000057e+01,6.307000000000000000e+07,6.970000000000000000e+07
6.351239875075684488e+07,-1.574495720000000054e-09,5.864500000000000313e+01,6.307000000000000000e+07,6.970000000000000000e+07
6.355131712615020573e+07,-1.573531510000000154e-09,5.864999999999999858e+01,6.307000000000000000e+07,6.970000000000000000e+07
6.352992894317213446e+07,-1.574061260000000072e-09,5.865500000000000114e+01,6.307000000000000000e+07,6.970000000000000000e+07
6.349441742160841078e+07,-1.574941610000000081e-09,5.866000000000000369e+01,6.307000000000000000e+07,6.970000000000000000e+07
6.349778434006212652e+07,-1.574858100000000096e-09,5.866499999999999915e+01,6.307000000000000000e+07,6.970000000000000000e+07
6.348910429514520615e+07,-1.575073409999999909e-09,5.867000000000000171e+01,6.307000000000000000e+07,6.970000000000000000e+07
6.345903739443081617e+07,-1.575819680000000067e-09,5.867500000000000426e+01,6.307000000000000000e+07,6.970000000000000000e+07
6.346877387734940648e+07,-1.575577940000000183e-09,5.867999999999999972e+01,6.307000000000000000e+07,6.970000000000000000e+07
6.346854346026919782e+07,-1.575583660000000021e-09,5.868500000000000227e+01,6.307000000000000000e+07,6.970000000000000000e+07
6.342802213102639467e+07,-1.576590230000000230e-09,5.868999999999999773e+01,6.307000000000000000e+07,6.970000000000000000e+07
6.341473898173191398e+07,-1.576920469999999994e-09,5.869500000000000028e+01,6.307000000000000000e+07,6.970000000000000000e+07
6.342965877602768689e+07,-1.576549550000000166e-09,5.870000000000000284e+01,6.307000000000000000e+07,6.970000000000000000e+07
6.340161293956924230e+07,-1.577246940000000128e-09,5.870499999999999829e+01,6.307000000000000000e+07,6.970000000000000000e+07
6.337213123075586557e+07,-1.577980699999999979e-09,5.871000000000000085e+01,6.307000000000000000e+07,6.970000000000000000e+07
6.337556632485287637e+07,-1.577895170000000094e-09,5.871500000000000341e+01,6.307000000000000000e+07,6.970000000000000000e+07
6.334375063541700691e+07,-1.578687699999999944e-09,5.871999999999999886e+01,6.307000000000000000e+07,6.970000000000000000e+07
6.327108190709189326e+07,-1.580500870000000227e-09,5.872500000000000142e+01,6.307000000000000000e+07,6.970000000000000000e+07
6.323800490772448480e+07,-1.581327560000000254e-09,5.873000000000000398e+01,6.307000000000000000e+07,6.970000000000000000e+07
6.320721046619375795e+07,-1.582097980000000045e-09,5.873499999999999943e+01,6.307000000000000000e+07,6.970000000000000000e+07
6.314385141135378927e+07,-1.583685470000000229e-09,5.874000000000000199e+01,6.307000000000000000e+07,6.970000000000000000e+07
6.311333340170610696e+07,-1.584451250000000236e-09,5.874500000000000455e+01,6.307000000000000000e+07,6.970000000000000000e+07
6.311507733550385386e+07,-1.584407470000000012e-09,5.875000000000000000e+01,6.307000000000000000e+07,6.970000000000000000e+07
6.308616908291950822e+07,-1.585133500000000170e-09,5.875500000000000256e+01,6.307000000000000000e+07,6.970000000000000000e+07
6.306932681314223260e+07,-1.585556800000000068e-09,5.875999999999999801e+01,6.307000000000000000e+07,6.970000000000000000e+07
6.309369789544977248e+07,-1.584944350000000051e-09,5.876500000000000057e+01,6.307000000000000000e+07,6.970000000000000000e+07
6.309020771018740535e+07,-1.585032030000000208e-09,5.877000000000000313e+01,6.307000000000000000e+07,6.970000000000000000e+07
6.306068277793961018e+07,-1.585774140000000239e-09,5.877499999999999858e+01,6.307000000000000000e+07,6.970000000000000000e+07
6.306035152475862205e+07,-1.585782470000000123e-09,5.878000000000000114e+01,6.307000000000000000e+07,6.970000000000000000e+07
6.306773257525581867e+07,-1.585596880000000147e-09,5.878500000000000369e+01,6.307000000000000000e+07,6.970000000000000000e+07
6.304371778588168323e+07,-1.586200870000000114e-09,5.878999999999999915e+01,6.307000000000000000e+07,6.970000000000000000e+07
6.302823133435789496e+07,-1.586590610000000027e-09,5.879500000000000171e+01,6.307000000000000000e+07,6.970000000000000000e+07
6.304033724865730852e+07,-1.586285930000000180e-09,5.880000000000000426e+01,6.307000000000000000e+07,6.970000000000000000e+07
6.301840793533338606e+07,-1.586837929999999953e-09,5.880499999999999972e+01,6.307000000000000000e+07,6.970000000000000000e+07
6.300664112679868191e+07,-1.587134279999999915e-09,5.881000000000000227e+01,6.307000000000000000e+07,6.970000000000000000e+07
6.303701826834852248e+07,-1.586369450000000210e-09,5.881499999999999773e+01,6.307000000000000000e+07,6.970000000000000000e+07
6.303574672098287940e+07,-1.586401450000000278e-09,5.882000000000000028e+01,6.307000000000000000e+07,6.970000000000000000e+07
6.301294188786445558e+07,-1.586975580000000198e-09,5.882500000000000284e+01,6.307000000000000000e+07,6.970000000000000000e+07
6.303941527462556958e+07,-1.586309130000000131e-09,5.882999999999999829e+01,6.307000000000000000e+07,6.970000000000000000e+07
6.305990217126405239e+07,-1.585793770000000003e-09,5.883500000000000085e+01,6.307000000000000000e+07,6.970000000000000000e+07
6.303570380715416372e+07,-1.586402530000000126e-09,5.884000000000000341e+01,6.307000000000000000e+07,6.970000000000000000e+07
6.303491030920199305e+07,-1.586422500000000164e-09,5.884499999999999886e+01,6.307000000000000000e+07,6.970000000000000000e+07
6.305715330120907724e+07,-1.585862900000000037e-09,5.885000000000000142e+01,6.307000000000000000e+07,6.970000000000000000e+07
6.304525476650496572e+07,-1.586162200000000113e-09,5.885500000000000398e+01,6.307000000000000000e+07,6.970000000000000000e+07
6.304234144299506396e+07,-1.586235500000000111e-09,5.885999999999999943e+01,6.307000000000000000e+07,6.970000000000000000e+07
6.307726380089374632e+07,-1.585357289999999915e-09,5.886500000000000199e+01,6.307000000000000000e+07,6.970000000000000000e+07
6.308438416409105808e+07,-1.585178350000000198e-09,5.887000000000000455e+01,6.307000000000000000e+07,6.970000000000000000e+07
6.307234685794508457e+07,-1.585480879999999979e-09,5.887500000000000000e+01,6.307000000000000000e+07,6.970000000000000000e+07
6.310093982855285704e+07,-1.584762449999999970e-09,5.888000000000000256e+01,6.307000000000000000e+07,6.970000000000000000e+07
6.313008958727882802e+07,-1.584030700000000180e-09,5.888499999999999801e+01,6.307000000000000000e+07,6.970000000000000000e+07
6.312259472141846269e+07,-1.584218780000000082e-09,5.889000000000000057e+01,6.307000000000000000e+07,6.970000000000000000e+07
6.314097720865812898e+07,-1.583757560000000007e-09,5.889500000000000313e+01,6.307000000000000000e+07,6.970000000000000000e+07
6.319458391576884687e+07,-1.582414090000000144e-09,5.889999999999999858e+01,6.307000000000000000e+07,6.970000000000000000e+07
6.321000999280726910e+07,-1.582027910000000167e-09,5.890500000000000114e+01,6.307000000000000000e+07,6.970000000000000000e+07
6.322448662617808580e+07,-1.581665670000000128e-09,5.891000000000000369e+01,6.307000000000000000e+07,6.970000000000000000e+07
6.327508258758691698e+07,-1.580400940000000095e-09,5.891499999999999915e+01,6.307000000000000000e+07,6.970000000000000000e+07
6.330287350986935943e+07,-1.579707119999999906e-09,5.892000000000000171e+01,6.307000000000000000e+07,6.970000000000000000e+07
6.329636119030452520e+07,-1.579869650000000141e-09,5.892500000000000426e+01,6.307000000000000000e+07,6.970000000000000000e+07
6.331757873781523108e+07,-1.579340240000000084e-09,5.892999999999999972e+01,6.307000000000000000e+07,6.970000000000000000e+07
6.333240150259923190e+07,-1.578970599999999961e-09,5.893500000000000227e+01,6.307000000000000000e+07,6.970000000000000000e+07
6.331173198239434510e+07,-1.579486090000000255e-09,5.893999999999999773e+01,6.307000000000000000e+07,6.970000000000000000e+07
6.331392063102401793e+07,-1.579431490000000014e-09,5.894500000000000028e+01,6.307000000000000000e+07,6.970000000000000000e+07
6.333806071728377044e+07,-1.578829520000000153e-09,5.895000000000000284e+01,6.307000000000000000e+07,6.970000000000000000e+07
6.333055409307714552e+07,-1.579016660000000003e-09,5.895499999999999829e+01,6.307000000000000000e+07,6.970000000000000000e+07
6.333698158569732308e+07,-1.578856420000000043e-09,5.896000000000000085e+01,6.307000000000000000e+07,6.970000000000000000e+07
6.338443189741163701e+07,-1.577674470000000052e-09,5.896500000000000341e+01,6.307000000000000000e+07,6.970000000000000000e+07
6.340064258326476067e+07,-1.577271080000000131e-09,5.896999999999999886e+01,6.307000000000000000e+07,6.970000000000000000e+07
6.339569961357658356e+07,-1.577394060000000166e-09,5.897500000000000142e+01,6.307000000000000000e+07,6.970000000000000000e+07
6.342729435805590451e+07,-1.576608320000000165e-09,5.898000000000000398e+01,6.307000000000000000e+07,6.970000000000000000e+07
6.344998869670176506e+07,-1.576044410000000070e-09,5.898499999999999943e+01,6.307000000000000000e+07,6.970000000000000000e+07
6.343501064762996882e+07,-1.576416540000000118e-09,5.899000000000000199e+01,6.307000000000000000e+07,6.970000000000000000e+07
6.345013201910343766e+07,-1.576040850000000135e-09,5.899500000000000455e+01,6.307000000000000000e+07,6.970000000000000000e+07
6.347036388137194514e+07,-1.575538469999999926e-09,5.900000000000000000e+01,6.307000000000000000e+07,6.970000000000000000e+07
6.344330237970561534e+07,-1.576210510000000079e-09,5.900500000000000256e+01,6.307000000000000000e+07,6.970000000000000000e+07
6.340679805586641282e+07,-1.577117960000000041e-09,5.900999999999999801e+01,6.307000000000000000e+07,6.970000000000000000e+07
6.341674292318613827e+07,-1.576870640000000116e-09,5.901500000000000057e+01,6.307000000000000000e+07,6.970000000000000000e+07
6.341185373761704564e+07,-1.576992220000000119e-09,5.902000000000000313e+01,6.307000000000000000e+07,6.970000000000000000e+07
6.337848602588042617e+07,-1.577822480000000125e-09,5.902499999999999858e+01,6.307000000000000000e+07,6.970000000000000000e+07
6.338751433944425732e+07,-1.577597750000000122e-09,5.903000000000000114e+01,6.307000000000000000e+07,6.970000000000000000e+07
6.339032986096320301e+07,-1.577527680000000036e-09,5.903500000000000369e+01,6.307000000000000000e+07,6.970000000000000000e+07
6.336228104617284238e+07,-1.578226010000000256e-09,5.903999999999999915e+01,6.307000000000000000e+07,6.970000000000000000e+07
6.336625552485629916e+07,-1.578127019999999969e-09,5.904500000000000171e+01,6.307000000000000000e+07,6.970000000000000000e+07
6.339438341357973963e+07,-1.577426810000000059e-09,5.905000000000000426e+01,6.307000000000000000e+07,6.970000000000000000e+07
6.338682566567306966e+07,-1.577614890000000167e-09,5.905499999999999972e+01,6.307000000000000000e+07,6.970000000000000000e+07
6.338732268252208829e+07,-1.577602520000000070e-09,5.906000000000000227e+01,6.307000000000000000e+07,6.970000000000000000e+07
6.342995087052184343e+07,-1.576542290000000086e-09,5.906499999999999773e+01,6.307000000000000000e+07,6.970000000000000000e+07
6.345092271949817240e+07,-1.576021210000000119e-09,5.907000000000000028e+01,6.307000000000000000e+07,6.970000000000000000e+07
6.345635911689789593e+07,-1.575886190000000216e-09,5.907500000000000284e+01,6.307000000000000000e+07,6.970000000000000000e+07
6.351036455806645751e+07,-1.574546150000000123e-09,5.907999999999999829e+01,6.307000000000000000e+07,6.970000000000000000e+07
6.356574405947291851e+07,-1.573174380000000132e-09,5.908500000000000085e+01,6.307000000000000000e+07,6.970000000000000000e+07
6.359114536034107208e+07,-1.572545979999999993e-09,5.909000000000000341e+01,6.307000000000000000e+07,6.970000000000000000e+07
6.364915323935268819e+07,-1.571112810000000075e-09,5.909499999999999886e+01,6.307000000000000000e+07,6.970000000000000000e+07
6.370982163989462703e+07,-1.569616700000000193e-09,5.910000000000000142e+01,6.307000000000000000e+07,6.970000000000000000e+07
6.371932138489433378e+07,-1.569382690000000209e-09,5.910500000000000398e+01,6.307000000000000000e+07,6.970000000000000000e+07
6.374406665446775407e+07,-1.568773460000000060e-09,5.910999999999999943e+01,6.307000000000000000e+07,6.970000000000000000e+07
6.380220336953599751e+07,-1.567343990000000080e-09,5.911500000000000199e+01,6.307000000000000000e+07,6.970000000000000000e+07
6.383248965718978643e+07,-1.566600340000000013e-09,5.912000000000000455e+01,6.307000000000000000e+07,6.970000000000000000e+07
6.383538844982908666e+07,-1.566529200000000125e-09,5.912500000000000000e+01,6.307000000000000000e+07,6.970000000000000000e+07
6.387586456461756676e+07,-1.565536540000000255e-09,5.913000000000000256e+01,6.307000000000000000e+07,6.970000000000000000e+07
6.391950723838242888e+07,-1.564467630000000068e-09,5.913499999999999801e+01,6.307000000000000000e+07,6.970000000000000000e+07
6.391136220095802099e+07,-1.564667010000000055e-09,5.914000000000000057e+01,6.307000000000000000e+07,6.970000000000000000e+07
6.392692610246154666e+07,-1.564286070000000260e-09,5.914500000000000313e+01,6.307000000000000000e+07,6.970000000000000000e+07
6.395895083834897727e+07,-1.563502820000000184e-09,5.914999999999999858e+01,6.307000000000000000e+07,6.970000000000000000e+07
6.394604672526124120e+07,-1.563818330000000091e-09,5.915500000000000114e+01,6.307000000000000000e+07,6.970000000000000000e+07
6.392243886502692103e+07,-1.564395880000000150e-09,5.916000000000000369e+01,6.307000000000000000e+07,6.970000000000000000e+07
6.393420893704596162e+07,-1.564107879999999954e-09,5.916499999999999915e+01,6.307000000000000000e+07,6.970000000000000000e+07
6.391689698907440156e+07,-1.564531520000000127e-09,5.917000000000000171e+01,6.307000000000000000e+07,6.970000000000000000e+07
6.388179108955057710e+07,-1.565391300000000113e-09,5.917500000000000426e+01,6.307000000000000000e+07,6.970000000000000000e+07
6.388194208258708566e+07,-1.565387600000000175e-09,5.917999999999999972e+01,6.307000000000000000e+07,6.970000000000000000e+07
6.388362713168563694e+07,-1.565346310000000082e-09,5.918500000000000227e+01,6.307000000000000000e+07,6.970000000000000000e+07
6.385154607483826578e+07,-1.566132790000000071e-09,5.918999999999999773e+01,6.307000000000000000e+07,6.970000000000000000e+07
6.385413671841139346e+07,-1.566069250000000124e-09,5.919500000000000028e+01,6.307000000000000000e+07,6.970000000000000000e+07
6.387460791050993651e+07,-1.565567340000000147e-09,5.920000000000000284e+01,6.307000000000000000e+07,6.970000000000000000e+07
6.385555689127190411e+07,-1.566034420000000064e-09,5.920499999999999829e+01,6.307000000000000000e+07,6.970000000000000000e+07
6.384959120363080502e+07,-1.566180740000000260e-09,5.921000000000000085e+01,6.307000000000000000e+07,6.970000000000000000e+07
6.388632200745542347e+07,-1.565280280000000210e-09,5.921500000000000341e+01,6.307000000000000000e+07,6.970000000000000000e+07
6.388369038907442242e+07,-1.565344760000000002e-09,5.921999999999999886e+01,6.307000000000000000e+07,6.970000000000000000e+07
6.386144702196766436e+07,-1.565889979999999970e-09,5.922500000000000142e+01,6.307000000000000000e+07,6.970000000000000000e+07
6.386972456513404101e+07,-1.565687040000000047e-09,5.923000000000000398e+01,6.307000000000000000e+07,6.970000000000000000e+07
6.386525106442457438e+07,-1.565796710000000141e-09,5.923499999999999943e+01,6.307000000000000000e+07,6.970000000000000000e+07
6.383478291698990017e+07,-1.566544060000000147e-09,5.924000000000000199e+01,6.307000000000000000e+07,6.970000000000000000e+07
6.381811082807566226e+07,-1.566953310000000116e-09,5.924500000000000455e+01,6.307000000000000000e+07,6.970000000000000000e+07
6.381557238318310678e+07,-1.567015640000000050e-09,5.925000000000000000e+01,6.307000000000000000e+07,6.970000000000000000e+07
6.377505263434812427e+07,-1.568011250000000239e-09,5.925500000000000256e+01,6.307000000000000000e+07,6.970000000000000000e+07
6.374506096096355468e+07,-1.568748990000000036e-09,5.925999999999999801e+01,6.307000000000000000e+07,6.970000000000000000e+07
6.375512360878430307e+07,-1.568501390000000104e-09,5.926500000000000057e+01,6.307000000000000000e+07,6.970000000000000000e+07
6.372708412291190773e+07,-1.569191519999999984e-09,5.927000000000000313e+01,6.307000000000000000e+07,6.970000000000000000e+07
6.368470750836588442e+07,-1.570235679999999934e-09,5.927499999999999858e+01,6.307000000000000000e+07,6.970000000000000000e+07
6.369635773015939444e+07,-1.569948480000000200e-09,5.928000000000000114e+01,6.307000000000000000e+07,6.970000000000000000e+07
6.370316810634128004e+07,-1.569780640000000092e-09,5.928500000000000369e+01,6.307000000000000000e+07,6.970000000000000000e+07
6.365988833788213879e+07,-1.570847870000000033e-09,5.928999999999999915e+01,6.307000000000000000e+07,6.970000000000000000e+07
6.364428526697549969e+07,-1.571232980000000000e-09,5.929500000000000171e+01,6.307000000000000000e+07,6.970000000000000000e+07
6.363610411676084995e+07,-1.571434980000000079e-09,5.930000000000000426e+01,6.307000000000000000e+07,6.970000000000000000e+07
6.359209688866445422e+07,-1.572522450000000020e-09,5.930499999999999972e+01,6.307000000000000000e+07,6.970000000000000000e+07
6.356347574543620646e+07,-1.573230520000000202e-09,5.931000000000000227e+01,6.307000000000000000e+07,6.970000000000000000e+07
6.357257583845933527e+07,-1.573005320000000172e-09,5.931499999999999773e+01,6.307000000000000000e+07,6.970000000000000000e+07
6.355458465899987519e+07,-1.573450610000000215e-09,5.932000000000000028e+01,6.307000000000000000e+07,6.970000000000000000e+07
6.351482639930751920e+07,-1.574435540000000185e-09,5.932500000000000284e+01,6.307000000000000000e+07,6.970000000000000000e+07
6.351310427455068380e+07,-1.574478230000000103e-09,5.932999999999999829e+01,6.307000000000000000e+07,6.970000000000000000e+07
6.350632882798478752e+07,-1.574646210000000215e-09,5.933500000000000085e+01,6.307000000000000000e+07,6.970000000000000000e+07
6.347524839499184489e+07,-1.575417230000000197e-09,5.934000000000000341e+01,6.307000000000000000e+07,6.970000000000000000e+07
6.347653249742018431e+07,-1.575385360000000088e-09,5.934499999999999886e+01,6.307000000000000000e+07,6.970000000000000000e+07
6.349045143926789612e+07,-1.575039990000000133e-09,5.935000000000000142e+01,6.307000000000000000e+07,6.970000000000000000e+07
6.346839441514686495e+07,-1.575587360000000166e-09,5.935500000000000398e+01,6.307000000000000000e+07,6.970000000000000000e+07
6.345688178809765726e+07,-1.575873210000000091e-09,5.935999999999999943e+01,6.307000000000000000e+07,6.970000000000000000e+07
6.347208932929830253e+07,-1.575495640000000004e-09,5.936500000000000199e+01,6.307000000000000000e+07,6.970000000000000000e+07
6.345482658827035129e+07,-1.575924249999999982e-09,5.937000000000000455e+01,6.307000000000000000e+07,6.970000000000000000e+07
6.342298237429020554e+07,-1.576715510000000172e-09,5.937500000000000000e+01,6.307000000000000000e+07,6.970000000000000000e+07
6.343741346938560903e+07,-1.576356830000000068e-09,5.938000000000000256e+01,6.307000000000000000e+07,6.970000000000000000e+07
6.344598478817800432e+07,-1.576143869999999970e-09,5.938499999999999801e+01,6.307000000000000000e+07,6.970000000000000000e+07
6.341475788245440274e+07,-1.576920000000000175e-09,5.939000000000000057e+01,6.307000000000000000e+07,6.970000000000000000e+07
6.342120288141551614e+07,-1.576759749999999964e-09,5.939500000000000313e+01,6.307000000000000000e+07,6.970000000000000000e+07
6.344608502062169462e+07,-1.576141380000000045e-09,5.939999999999999858e+01,6.307000000000000000e+07,6.970000000000000000e+07
6.343069761468164623e+07,-1.576523729999999918e-09,5.940500000000000114e+01,6.307000000000000000e+07,6.970000000000000000e+07
6.342916632528560609e+07,-1.576561790000000098e-09,5.941000000000000369e+01,6.307000000000000000e+07,6.970000000000000000e+07
6.345862019485299289e+07,-1.575830040000000102e-09,5.941499999999999915e+01,6.307000000000000000e+07,6.970000000000000000e+07
6.344036342243581265e+07,-1.576283530000000070e-09,5.942000000000000171e+01,6.307000000000000000e+07,6.970000000000000000e+07
6.342367223620375991e+07,-1.576698360000000081e-09,5.942500000000000426e+01,6.307000000000000000e+07,6.970000000000000000e+07
6.345839025418733805e+07,-1.575835750000000102e-09,5.942999999999999972e+01,6.307000000000000000e+07,6.970000000000000000e+07
6.348058902292766422e+07,-1.575284689999999968e-09,5.943500000000000227e+01,6.307000000000000000e+07,6.970000000000000000e+07
6.346803952944363654e+07,-1.575596170000000121e-09,5.943999999999999773e+01,6.307000000000000000e+07,6.970000000000000000e+07
6.349651832715882361e+07,-1.574889500000000179e-09,5.944500000000000028e+01,6.307000000000000000e+07,6.970000000000000000e+07
6.353933191391549259e+07,-1.573828320000000098e-09,5.945000000000000284e+01,6.307000000000000000e+07,6.970000000000000000e+07
6.353476853800957650e+07,-1.573941360000000108e-09,5.945499999999999829e+01,6.307000000000000000e+07,6.970000000000000000e+07
6.355420982482114434e+07,-1.573459890000000196e-09,5.946000000000000085e+01,6.307000000000000000e+07,6.970000000000000000e+07
6.361475960135021806e+07,-1.571962240000000071e-09,5.946500000000000341e+01,6.307000000000000000e+07,6.970000000000000000e+07
6.364618383750859648e+07,-1.571186110000000073e-09,5.946999999999999886e+01,6.307000000000000000e+07,6.970000000000000000e+07
6.365303818624690920e+07,-1.571016919999999948e-09,5.947500000000000142e+01,6.307000000000000000e+07,6.970000000000000000e+07
6.369591306129539013e+07,-1.569959440000000219e-09,5.948000000000000398e+01,6.307000000000000000e+07,6.970000000000000000e+07
6.371940867828015238e+07,-1.569380540000000144e-09,5.948499999999999943e+01,6.307000000000000000e+07,6.970000000000000000e+07
6.372980967136952281e+07,-1.569124410000000057e-09,5.949000000000000199e+01,6.307000000000000000e+07,6.970000000000000000e+07
6.384068837116005272e+07,-1.566399150000000234e-09,5.949500000000000455e+01,6.307000000000000000e+07,6.970000000000000000e+07
6.402934080513054132e+07,-1.561784000000000198e-09,5.950000000000000000e+01,6.307000000000000000e+07,6.970000000000000000e+07
6.420582806445862353e+07,-1.557491009999999914e-09,5.950500000000000256e+01,6.307000000000000000e+07,6.970000000000000000e+07
6.441783946160961688e+07,-1.552365009999999988e-09,5.950999999999999801e+01,6.307000000000000000e+07,6.970000000000000000e+07
6.468218238278435916e+07,-1.546020810000000096e-09,5.951500000000000057e+01,6.307000000000000000e+07,6.970000000000000000e+07
6.491848247827760130e+07,-1.540393370000000219e-09,5.952000000000000313e+01,6.307000000000000000e+07,6.970000000000000000e+07
6.513603625346716493e+07,-1.535248470000000058e-09,5.952499999999999858e+01,6.307000000000000000e+07,6.970000000000000000e+07
6.539953583595034480e+07,-1.529062839999999924e-09,5.953000000000000114e+01,6.307000000000000000e+07,6.970000000000000000e+07
6.565647569393002242e+07,-1.523079010000000012e-09,5.953500000000000369e+01,6.307000000000000000e+07,6.970000000000000000e+07
6.588064990312448144e+07,-1.517896380000000108e-09,5.953999999999999915e+01,6.307000000000000000e+07,6.970000000000000000e+07
6.614496282428196073e+07,-1.511830920000000107e-09,5.954500000000000171e+01,6.307000000000000000e+07,6.970000000000000000e+07
6.641502103748923540e+07,-1.505683480000000112e-09,5.955000000000000426e+01,6.307000000000000000e+07,6.970000000000000000e+07
6.662909895970322192e+07,-1.500845750000000137e-09,5.955499999999999972e+01,6.307000000000000000e+07,6.970000000000000000e+07
6.684602480093137175e+07,-1.495975270000000062e-09,5.956000000000000227e+01,6.307000000000000000e+07,6.970000000000000000e+07
6.708706102587923408e+07,-1.490600400000000129e-09,5.956499999999999773e+01,6.307000000000000000e+07,6.970000000000000000e+07
6.729219743807972968e+07,-1.486056389999999981e-09,5.957000000000000028e+01,6.307000000000000000e+07,6.970000000000000000e+07
6.749146045736411214e+07,-1.481668930000000106e-09,5.957500000000000284e+01,6.307000000000000000e+07,6.970000000000000000e+07
6.773793534027965367e+07,-1.476277650000000278e-09,5.957999999999999829e+01,6.307000000000000000e+07,6.970000000000000000e+07
6.796454803341080248e+07,-1.471355330000000056e-09,5.958500000000000085e+01,6.307000000000000000e+07,6.970000000000000000e+07
6.814748656225267053e+07,-1.467405550000000238e-09,5.959000000000000341e+01,6.307000000000000000e+07,6.970000000000000000e+07
6.835269993164730072e+07,-1.463000000000000221e-09,5.959499999999999886e+01,6.307000000000000000e+07,6.970000000000000000e+07
6.856166256985594332e+07,-1.458541059999999977e-09,5.960000000000000142e+01,6.307000000000000000e+07,6.970000000000000000e+07
6.871535590785323083e+07,-1.455278789999999949e-09,5.960500000000000398e+01,6.307000000000000000e+07,6.970000000000000000e+07
6.887678304427722096e+07,-1.451868040000000029e-09,5.960999999999999943e+01,6.307000000000000000e+07,6.970000000000000000e+07
6.906940000068378448e+07,-1.447819150000000009e-09,5.961500000000000199e+01,6.307000000000000000e+07,6.970000000000000000e+07
6.921587919137968123e+07,-1.444755180000000121e-09,5.962000000000000455e+01,6.307000000000000000e+07,6.970000000000000000e+07
6.933520778756412864e+07,-1.442268700000000231e-09,5.962500000000000000e+01,6.307000000000000000e+07,6.970000000000000000e+07
6.949611094203481078e+07,-1.438929439999999897e-09,5.963000000000000256e+01,6.307000000000000000e+07,6.970000000000000000e+07
6.962948286099523306e+07,-1.436173240000000179e-09,5.963499999999999801e+01,6.307000000000000000e+07,6.970000000000000000e+07
6.972984774278555810e+07,-1.434106100000000125e-09,5.964000000000000057e+01,6.307000000000000000e+07,6.970000000000000000e+07
6.987433464261066914e+07,-1.431140640000000041e-09,5.964500000000000313e+01,6.307000000000000000e+07,6.970000000000000000e+07
7.003418088232143223e+07,-1.427874200000000049e-09,5.964999999999999858e+01,6.307000000000000000e+07,6.970000000000000000e+07
7.013609052706472576e+07,-1.425799460000000053e-09,5.965500000000000114e+01,6.307000000000000000e+07,6.970000000000000000e+07
7.024139255302722752e+07,-1.423661980000000159e-09,5.966000000000000369e+01,6.307000000000000000e+07,6.970000000000000000e+07
7.038249252953186631e+07,-1.420807880000000046e-09,5.966499999999999915e+01,6.307000000000000000e+07,6.970000000000000000e+07
7.048002457610264421e+07,-1.418841730000000090e-09,5.967000000000000171e+01,6.307000000000000000e+07,6.970000000000000000e+07
7.055660717434680462e+07,-1.417301710000000231e-09,5.967500000000000426e+01,6.307000000000000000e+07,6.970000000000000000e+07
7.067651924673220515e+07,-1.414897070000000125e-09,5.967999999999999972e+01,6.307000000000000000e+07,6.970000000000000000e+07
7.076821301345346868e+07,-1.413063800000000052e-09,5.968500000000000227e+01,6.307000000000000000e+07,6.970000000000000000e+07
7.081519298892764747e+07,-1.412126350000000246e-09,5.968999999999999773e+01,6.307000000000000000e+07,6.970000000000000000e+07
7.090881940566766262e+07,-1.410261810000000048e-09,5.969500000000000028e+01,6.307000000000000000e+07,6.970000000000000000e+07
7.100503955428035557e+07,-1.408350739999999989e-09,5.970000000000000284e+01,6.307000000000000000e+07,6.970000000000000000e+07
7.104132718384449184e+07,-1.407631360000000297e-09,5.970499999999999829e+01,6.307000000000000000e+07,6.970000000000000000e+07
7.109313219512706995e+07,-1.406605630000000143e-09,5.971000000000000085e+01,6.307000000000000000e+07,6.970000000000000000e+07
7.119175206532612443e+07,-1.404657100000000096e-09,5.971500000000000341e+01,6.307000000000000000e+07,6.970000000000000000e+07
7.124712890991686285e+07,-1.403565330000000024e-09,5.971999999999999886e+01,6.307000000000000000e+07,6.970000000000000000e+07
7.127724474674232304e+07,-1.402972300000000077e-09,5.972500000000000142e+01,6.307000000000000000e+07,6.970000000000000000e+07
7.134397276486645639e+07,-1.401660100000000132e-09,5.973000000000000398e+01,6.307000000000000000e+07,6.970000000000000000e+07
7.138018942631977797e+07,-1.400948929999999996e-09,5.973499999999999943e+01,6.307000000000000000e+07,6.970000000000000000e+07
7.137209774642886221e+07,-1.401107760000000086e-09,5.974000000000000199e+01,6.307000000000000000e+07,6.970000000000000000e+07
7.141481744483739138e+07,-1.400269629999999969e-09,5.974500000000000455e+01,6.307000000000000000e+07,6.970000000000000000e+07
7.146831598006388545e+07,-1.399221440000000059e-09,5.975000000000000000e+01,6.307000000000000000e+07,6.970000000000000000e+07
7.147756010605211556e+07,-1.399040480000000028e-09,5.975500000000000256e+01,6.307000000000000000e+07,6.970000000000000000e+07
7.153056788718703389e+07,-1.398003719999999956e-09,5.975999999999999801e+01,6.307000000000000000e+07,6.970000000000000000e+07
7.162304026111581922e+07,-1.396198760000000263e-09,5.976500000000000057e+01,6.307000000000000000e+07,6.970000000000000000e+07
7.165857087241901457e+07,-1.395506480000000111e-09,5.977000000000000313e+01,6.307000000000000000e+07,6.970000000000000000e+07
7.167558083919633925e+07,-1.395175300000000088e-09,5.977499999999999858e+01,6.307000000000000000e+07,6.970000000000000000e+07
7.174297013414047658e+07,-1.393864790000000227e-09,5.978000000000000114e+01,6.307000000000000000e+07,6.970000000000000000e+07
7.178215751826398075e+07,-1.393103850000000067e-09,5.978500000000000369e+01,6.307000000000000000e+07,6.970000000000000000e+07
7.175941101712477207e+07,-1.393545440000000171e-09,5.978999999999999915e+01,6.307000000000000000e+07,6.970000000000000000e+07
7.178155105317100883e+07,-1.393115620000000179e-09,5.979500000000000171e+01,6.307000000000000000e+07,6.970000000000000000e+07
7.182520302560794353e+07,-1.392268950000000070e-09,5.980000000000000426e+01,6.307000000000000000e+07,6.970000000000000000e+07
7.183942520643705130e+07,-1.391993320000000177e-09,5.980499999999999972e+01,6.307000000000000000e+07,6.970000000000000000e+07
7.189193911129470170e+07,-1.390976530000000143e-09,5.981000000000000227e+01,6.307000000000000000e+07,6.970000000000000000e+07
7.200289791503296793e+07,-1.388832990000000137e-09,5.981499999999999773e+01,6.307000000000000000e+07,6.970000000000000000e+07
7.207799935115385056e+07,-1.387385900000000041e-09,5.982000000000000028e+01,6.307000000000000000e+07,6.970000000000000000e+07
7.213105526053193212e+07,-1.386365410000000068e-09,5.982500000000000284e+01,6.307000000000000000e+07,6.970000000000000000e+07
7.222865546805664897e+07,-1.384492059999999915e-09,5.982999999999999829e+01,6.307000000000000000e+07,6.970000000000000000e+07
7.228725991331759095e+07,-1.383369630000000162e-09,5.983500000000000085e+01,6.307000000000000000e+07,6.970000000000000000e+07
7.228161060053189099e+07,-1.383477749999999969e-09,5.984000000000000341e+01,6.307000000000000000e+07,6.970000000000000000e+07
7.231003331720939279e+07,-1.382933950000000122e-09,5.984499999999999886e+01,6.307000000000000000e+07,6.970000000000000000e+07
7.234705135195150971e+07,-1.382226340000000129e-09,5.985000000000000142e+01,6.307000000000000000e+07,6.970000000000000000e+07
7.233488569543710351e+07,-1.382458810000000077e-09,5.985500000000000398e+01,6.307000000000000000e+07,6.970000000000000000e+07
7.234527023298801482e+07,-1.382260370000000140e-09,5.985999999999999943e+01,6.307000000000000000e+07,6.970000000000000000e+07
7.240254861315271258e+07,-1.381166850000000131e-09,5.986500000000000199e+01,6.307000000000000000e+07,6.970000000000000000e+07
7.242330290745884180e+07,-1.380771050000000107e-09,5.987000000000000455e+01,6.307000000000000000e+07,6.970000000000000000e+07
7.241562169777975976e+07,-1.380917510000000100e-09,5.987500000000000000e+01,6.307000000000000000e+07,6.970000000000000000e+07
7.244815921253836155e+07,-1.380297319999999932e-09,5.988000000000000256e+01,6.307000000000000000e+07,6.970000000000000000e+07
7.246509769295188785e+07,-1.379974679999999902e-09,5.988499999999999801e+01,6.307000000000000000e+07,6.970000000000000000e+07
7.244716039189131558e+07,-1.380316350000000125e-09,5.989000000000000057e+01,6.307000000000000000e+07,6.970000000000000000e+07
7.248082474480859935e+07,-1.379675250000000074e-09,5.989500000000000313e+01,6.307000000000000000e+07,6.970000000000000000e+07
7.250795856416694820e+07,-1.379158950000000102e-09,5.989999999999999858e+01,6.307000000000000000e+07,6.970000000000000000e+07
7.248656251352779567e+07,-1.379566040000000168e-09,5.990500000000000114e+01,6.307000000000000000e+07,6.970000000000000000e+07
7.249801554806940258e+07,-1.379348100000000220e-09,5.991000000000000369e+01,6.307000000000000000e+07,6.970000000000000000e+07
7.255031485857219994e+07,-1.378353769999999942e-09,5.991499999999999915e+01,6.307000000000000000e+07,6.970000000000000000e+07
7.256686196368525922e+07,-1.378039470000000048e-09,5.992000000000000171e+01,6.307000000000000000e+07,6.970000000000000000e+07
7.257139096286030114e+07,-1.377953470000000137e-09,5.992500000000000426e+01,6.307000000000000000e+07,6.970000000000000000e+07
7.262520130797988176e+07,-1.376932499999999887e-09,5.992999999999999972e+01,6.307000000000000000e+07,6.970000000000000000e+07
7.264787889842684567e+07,-1.376502680000000102e-09,5.993500000000000227e+01,6.307000000000000000e+07,6.970000000000000000e+07
7.263050406942540407e+07,-1.376831970000000184e-09,5.993999999999999773e+01,6.307000000000000000e+07,6.970000000000000000e+07
7.265969181580631435e+07,-1.376278890000000150e-09,5.994500000000000028e+01,6.307000000000000000e+07,6.970000000000000000e+07
7.269518903602434695e+07,-1.375606850000000204e-09,5.995000000000000284e+01,6.307000000000000000e+07,6.970000000000000000e+07
7.268796519025681913e+07,-1.375743560000000191e-09,5.995499999999999829e+01,6.307000000000000000e+07,6.970000000000000000e+07
7.271714203946976364e+07,-1.375191560000000005e-09,5.996000000000000085e+01,6.307000000000000000e+07,6.970000000000000000e+07
7.277337293893162906e+07,-1.374128970000000054e-09,5.996500000000000341e+01,6.307000000000000000e+07,6.970000000000000000e+07
7.276934187458147109e+07,-1.374205090000000207e-09,5.996999999999999886e+01,6.307000000000000000e+07,6.970000000000000000e+07
7.275807399803164601e+07,-1.374417910000000095e-09,5.997500000000000142e+01,6.307000000000000000e+07,6.970000000000000000e+07
7.280529935795408487e+07,-1.373526390000000164e-09,5.998000000000000398e+01,6.307000000000000000e+07,6.970000000000000000e+07
7.282469416049873829e+07,-1.373160589999999983e-09,5.998499999999999943e+01,6.307000000000000000e+07,6.970000000000000000e+07
7.281540160501018167e+07,-1.373335830000000176e-09,5.999000000000000199e+01,6.307000000000000000e+07,6.970000000000000000e+07
7.287360610827732086e+07,-1.372238940000000044e-09,5.999500000000000455e+01,6.307000000000000000e+07,6.970000000000000000e+07
7.296716541767311096e+07,-1.370479439999999994e-09,6.000000000000000000e+01,6.307000000000000000e+07,6.970000000000000000e+07
7.300335069318945706e+07,-1.369800139999999967e-09,6.000500000000000256e+01,6.307000000000000000e+07,6.970000000000000000e+07
7.304767630447481573e+07,-1.368968940000000116e-09,6.000999999999999801e+01,6.307000000000000000e+07,6.970000000000000000e+07
7.309787256170989573e+07,-1.368028870000000219e-09,6.001500000000000057e+01,6.307000000000000000e+07,6.970000000000000000e+07
7.310330229108819366e+07,-1.367927260000000254e-09,6.002000000000000313e+01,6.307000000000000000e+07,6.970000000000000000e+07
7.311407382823747396e+07,-1.367725730000000201e-09,6.002499999999999858e+01,6.307000000000000000e+07,6.970000000000000000e+07
7.319184344826799631e+07,-1.366272460000000079e-09,6.003000000000000114e+01,6.307000000000000000e+07,6.970000000000000000e+07
7.323192644843083620e+07,-1.365524640000000254e-09,6.003500000000000369e+01,6.307000000000000000e+07,6.970000000000000000e+07
7.323541036378312111e+07,-1.365459680000000185e-09,6.003999999999999915e+01,6.307000000000000000e+07,6.970000000000000000e+07
7.328153857697379589e+07,-1.364600169999999953e-09,6.004500000000000171e+01,6.307000000000000000e+07,6.970000000000000000e+07
7.332641620807103813e+07,-1.363764999999999995e-09,6.005000000000000426e+01,6.307000000000000000e+07,6.970000000000000000e+07
7.330901521793255210e+07,-1.364088710000000241e-09,6.005499999999999972e+01,6.307000000000000000e+07,6.970000000000000000e+07
7.333956851676949859e+07,-1.363520429999999912e-09,6.006000000000000227e+01,6.307000000000000000e+07,6.970000000000000000e+07
7.341958416454397142e+07,-1.362034410000000103e-09,6.006499999999999773e+01,6.307000000000000000e+07,6.970000000000000000e+07
7.343572128356152773e+07,-1.361735110000000027e-09,6.007000000000000028e+01,6.307000000000000000e+07,6.970000000000000000e+07
7.344650793877427280e+07,-1.361535120000000217e-09,6.007500000000000284e+01,6.307000000000000000e+07,6.970000000000000000e+07
7.351139390584957600e+07,-1.360333339999999985e-09,6.007999999999999829e+01,6.307000000000000000e+07,6.970000000000000000e+07
7.356926033818788826e+07,-1.359263359999999994e-09,6.008500000000000085e+01,6.307000000000000000e+07,6.970000000000000000e+07
7.360386694696688652e+07,-1.358624270000000005e-09,6.009000000000000341e+01,6.307000000000000000e+07,6.970000000000000000e+07
7.367233066912083328e+07,-1.357361700000000082e-09,6.009499999999999886e+01,6.307000000000000000e+07,6.970000000000000000e+07
7.372725668958365917e+07,-1.356350480000000045e-09,6.010000000000000142e+01,6.307000000000000000e+07,6.970000000000000000e+07
7.373420200481525064e+07,-1.356222720000000222e-09,6.010500000000000398e+01,6.307000000000000000e+07,6.970000000000000000e+07
7.377650664463679492e+07,-1.355445040000000144e-09,6.010999999999999943e+01,6.307000000000000000e+07,6.970000000000000000e+07
7.385353210942570865e+07,-1.354031380000000075e-09,6.011500000000000199e+01,6.307000000000000000e+07,6.970000000000000000e+07
7.387623133762653172e+07,-1.353615340000000050e-09,6.012000000000000455e+01,6.307000000000000000e+07,6.970000000000000000e+07
7.388916670805075765e+07,-1.353378370000000115e-09,6.012500000000000000e+01,6.307000000000000000e+07,6.970000000000000000e+07
7.395850815275697410e+07,-1.352109480000000162e-09,6.013000000000000256e+01,6.307000000000000000e+07,6.970000000000000000e+07
7.398592067165957391e+07,-1.351608510000000031e-09,6.013499999999999801e+01,6.307000000000000000e+07,6.970000000000000000e+07
7.397983308270569146e+07,-1.351719729999999998e-09,6.014000000000000057e+01,6.307000000000000000e+07,6.970000000000000000e+07
7.403430449090832472e+07,-1.350725190000000026e-09,6.014500000000000313e+01,6.307000000000000000e+07,6.970000000000000000e+07
7.408156289695449173e+07,-1.349863529999999936e-09,6.014999999999999858e+01,6.307000000000000000e+07,6.970000000000000000e+07
7.406140792750939727e+07,-1.350230880000000197e-09,6.015500000000000114e+01,6.307000000000000000e+07,6.970000000000000000e+07
7.407972882670783997e+07,-1.349896950000000125e-09,6.016000000000000369e+01,6.307000000000000000e+07,6.970000000000000000e+07
7.412877836699859798e+07,-1.349003750000000156e-09,6.016499999999999915e+01,6.307000000000000000e+07,6.970000000000000000e+07
7.411764646588236094e+07,-1.349206360000000057e-09,6.017000000000000171e+01,6.307000000000000000e+07,6.970000000000000000e+07
7.410864932717943192e+07,-1.349370160000000159e-09,6.017500000000000426e+01,6.307000000000000000e+07,6.970000000000000000e+07
7.414500722943478823e+07,-1.348708480000000041e-09,6.017999999999999972e+01,6.307000000000000000e+07,6.970000000000000000e+07
7.415016092735277116e+07,-1.348614739999999980e-09,6.018500000000000227e+01,6.307000000000000000e+07,6.970000000000000000e+07
7.412299964631469548e+07,-1.349108920000000056e-09,6.018999999999999773e+01,6.307000000000000000e+07,6.970000000000000000e+07
7.414843396839119494e+07,-1.348646150000000107e-09,6.019500000000000028e+01,6.307000000000000000e+07,6.970000000000000000e+07
7.418642254190059006e+07,-1.347955549999999994e-09,6.020000000000000284e+01,6.307000000000000000e+07,6.970000000000000000e+07
7.417929878308859468e+07,-1.348085000000000107e-09,6.020499999999999829e+01,6.307000000000000000e+07,6.970000000000000000e+07
7.420353560851068795e+07,-1.347644680000000077e-09,6.021000000000000085e+01,6.307000000000000000e+07,6.970000000000000000e+07
7.425610107989980280e+07,-1.346690690000000002e-09,6.021500000000000341e+01,6.307000000000000000e+07,6.970000000000000000e+07
7.425166645985102654e+07,-1.346771120000000122e-09,6.021999999999999886e+01,6.307000000000000000e+07,6.970000000000000000e+07
7.424143571770766377e+07,-1.346956710000000098e-09,6.022500000000000142e+01,6.307000000000000000e+07,6.970000000000000000e+07
7.428455413077202439e+07,-1.346174870000000100e-09,6.023000000000000398e+01,6.307000000000000000e+07,6.970000000000000000e+07
7.429768478904093802e+07,-1.345936960000000113e-09,6.023499999999999943e+01,6.307000000000000000e+07,6.970000000000000000e+07
7.427079044040454924e+07,-1.346424340000000090e-09,6.024000000000000199e+01,6.307000000000000000e+07,6.970000000000000000e+07
7.429775158286716044e+07,-1.345935750000000100e-09,6.024500000000000455e+01,6.307000000000000000e+07,6.970000000000000000e+07
7.432629678353545070e+07,-1.345418840000000098e-09,6.025000000000000000e+01,6.307000000000000000e+07,6.970000000000000000e+07
7.430270404481035471e+07,-1.345846040000000206e-09,6.025500000000000256e+01,6.307000000000000000e+07,6.970000000000000000e+07
7.431493483315932751e+07,-1.345624540000000115e-09,6.025999999999999801e+01,6.307000000000000000e+07,6.970000000000000000e+07
7.435173318648569286e+07,-1.344958560000000075e-09,6.026500000000000057e+01,6.307000000000000000e+07,6.970000000000000000e+07
7.433629452705945075e+07,-1.345237890000000112e-09,6.027000000000000313e+01,6.307000000000000000e+07,6.970000000000000000e+07
7.431567764501702785e+07,-1.345611090000000171e-09,6.027499999999999858e+01,6.307000000000000000e+07,6.970000000000000000e+07
7.435144351097033918e+07,-1.344963800000000049e-09,6.028000000000000114e+01,6.307000000000000000e+07,6.970000000000000000e+07
7.434439967317309976e+07,-1.345091230000000056e-09,6.028500000000000369e+01,6.307000000000000000e+07,6.970000000000000000e+07
7.430008281784431636e+07,-1.345893519999999956e-09,6.028999999999999915e+01,6.307000000000000000e+07,6.970000000000000000e+07
7.430500191105034947e+07,-1.345804419999999884e-09,6.029500000000000171e+01,6.307000000000000000e+07,6.970000000000000000e+07
7.429515720019443333e+07,-1.345982749999999986e-09,6.030000000000000426e+01,6.307000000000000000e+07,6.970000000000000000e+07
7.423967143540741503e+07,-1.346988720000000004e-09,6.030499999999999972e+01,6.307000000000000000e+07,6.970000000000000000e+07
7.425379851803526282e+07,-1.346732450000000121e-09,6.031000000000000227e+01,6.307000000000000000e+07,6.970000000000000000e+07
7.431205650843346119e+07,-1.345676660000000062e-09,6.031499999999999773e+01,6.307000000000000000e+07,6.970000000000000000e+07
7.431306323403331637e+07,-1.345658430000000124e-09,6.032000000000000028e+01,6.307000000000000000e+07,6.970000000000000000e+07
7.430617132666921616e+07,-1.345783240000000040e-09,6.032500000000000284e+01,6.307000000000000000e+07,6.970000000000000000e+07
7.434922789962510765e+07,-1.345003879999999922e-09,6.032999999999999829e+01,6.307000000000000000e+07,6.970000000000000000e+07
7.435754044053809345e+07,-1.344853520000000133e-09,6.033500000000000085e+01,6.307000000000000000e+07,6.970000000000000000e+07
7.432368162535308301e+07,-1.345466180000000051e-09,6.034000000000000341e+01,6.307000000000000000e+07,6.970000000000000000e+07
7.430944235222081840e+07,-1.345724000000000015e-09,6.034499999999999886e+01,6.307000000000000000e+07,6.970000000000000000e+07
7.426573137196744978e+07,-1.346516060000000046e-09,6.035000000000000142e+01,6.307000000000000000e+07,6.970000000000000000e+07
7.409724290976078808e+07,-1.349577880000000076e-09,6.035500000000000398e+01,6.307000000000000000e+07,6.970000000000000000e+07
7.390380299658341706e+07,-1.353110339999999957e-09,6.035999999999999943e+01,6.307000000000000000e+07,6.970000000000000000e+07
7.369964819767731428e+07,-1.356858580000000092e-09,6.036500000000000199e+01,6.307000000000000000e+07,6.970000000000000000e+07
7.341234983513016999e+07,-1.362168630000000165e-09,6.037000000000000455e+01,6.307000000000000000e+07,6.970000000000000000e+07
7.312671103249599040e+07,-1.367489370000000089e-09,6.037500000000000000e+01,6.307000000000000000e+07,6.970000000000000000e+07
7.288928998083427548e+07,-1.371943670000000136e-09,6.038000000000000256e+01,6.307000000000000000e+07,6.970000000000000000e+07
7.261278639136467874e+07,-1.377167920000000155e-09,6.038499999999999801e+01,6.307000000000000000e+07,6.970000000000000000e+07
7.233175480128242075e+07,-1.382518650000000085e-09,6.039000000000000057e+01,6.307000000000000000e+07,6.970000000000000000e+07
7.213368645754379034e+07,-1.386314840000000202e-09,6.039500000000000313e+01,6.307000000000000000e+07,6.970000000000000000e+07
7.195019699460285902e+07,-1.389850260000000035e-09,6.039999999999999858e+01,6.307000000000000000e+07,6.970000000000000000e+07
7.173992114907439053e+07,-1.393924030000000045e-09,6.040500000000000114e+01,6.307000000000000000e+07,6.970000000000000000e+07
7.157381873513844609e+07,-1.397158930000000157e-09,6.041000000000000369e+01,6.307000000000000000e+07,6.970000000000000000e+07
7.142932704880970716e+07,-1.399985190000000122e-09,6.041499999999999915e+01,6.307000000000000000e+07,6.970000000000000000e+07
7.122811110286131501e+07,-1.403940079999999956e-09,6.042000000000000171e+01,6.307000000000000000e+07,6.970000000000000000e+07
7.103259263031879067e+07,-1.407804450000000011e-09,6.042500000000000426e+01,6.307000000000000000e+07,6.970000000000000000e+07
7.091436478461289406e+07,-1.410151530000000131e-09,6.042999999999999972e+01,6.307000000000000000e+07,6.970000000000000000e+07
7.079328061895753443e+07,-1.412563440000000156e-09,6.043500000000000227e+01,6.307000000000000000e+07,6.970000000000000000e+07
7.067335195114424825e+07,-1.414960480000000114e-09,6.043999999999999773e+01,6.307000000000000000e+07,6.970000000000000000e+07
7.060350741421198845e+07,-1.416360230000000050e-09,6.044500000000000028e+01,6.307000000000000000e+07,6.970000000000000000e+07
7.051809119769068062e+07,-1.418075820000000123e-09,6.045000000000000284e+01,6.307000000000000000e+07,6.970000000000000000e+07
7.037273411231727898e+07,-1.421004900000000067e-09,6.045499999999999829e+01,6.307000000000000000e+07,6.970000000000000000e+07
7.027030498759932816e+07,-1.423076220000000130e-09,6.046000000000000085e+01,6.307000000000000000e+07,6.970000000000000000e+07
7.019372295299853384e+07,-1.424628810000000149e-09,6.046500000000000341e+01,6.307000000000000000e+07,6.970000000000000000e+07
7.005572442487928271e+07,-1.427435100000000077e-09,6.046999999999999886e+01,6.307000000000000000e+07,6.970000000000000000e+07
6.992121633941078186e+07,-1.430181070000000132e-09,6.047500000000000142e+01,6.307000000000000000e+07,6.970000000000000000e+07
6.984005879247893393e+07,-1.431843010000000060e-09,6.048000000000000398e+01,6.307000000000000000e+07,6.970000000000000000e+07
6.972704282263325155e+07,-1.434163790000000069e-09,6.048499999999999943e+01,6.307000000000000000e+07,6.970000000000000000e+07
6.957520427662639320e+07,-1.437293660000000078e-09,6.049000000000000199e+01,6.307000000000000000e+07,6.970000000000000000e+07
6.946351314357337356e+07,-1.439604700000000125e-09,6.049500000000000455e+01,6.307000000000000000e+07,6.970000000000000000e+07
6.933456745165553689e+07,-1.442282020000000010e-09,6.050000000000000000e+01,6.307000000000000000e+07,6.970000000000000000e+07
6.915577861951732635e+07,-1.446010760000000132e-09,6.050500000000000256e+01,6.307000000000000000e+07,6.970000000000000000e+07
6.900074473883812129e+07,-1.449259720000000012e-09,6.050999999999999801e+01,6.307000000000000000e+07,6.970000000000000000e+07
6.886045376022939384e+07,-1.452212330000000136e-09,6.051500000000000057e+01,6.307000000000000000e+07,6.970000000000000000e+07
6.866711552986747026e+07,-1.456301160000000025e-09,6.052000000000000313e+01,6.307000000000000000e+07,6.970000000000000000e+07
6.847963346194013953e+07,-1.460288190000000136e-09,6.052499999999999858e+01,6.307000000000000000e+07,6.970000000000000000e+07
6.833226284010367095e+07,-1.463437560000000157e-09,6.053000000000000114e+01,6.307000000000000000e+07,6.970000000000000000e+07
6.815038134022931755e+07,-1.467343220000000097e-09,6.053500000000000369e+01,6.307000000000000000e+07,6.970000000000000000e+07
6.795126910071103275e+07,-1.471642860000000019e-09,6.053999999999999915e+01,6.307000000000000000e+07,6.970000000000000000e+07
6.781126935684551299e+07,-1.474681140000000031e-09,6.054500000000000171e+01,6.307000000000000000e+07,6.970000000000000000e+07
6.766317471907840669e+07,-1.477908780000000063e-09,6.055000000000000426e+01,6.307000000000000000e+07,6.970000000000000000e+07
6.747878827908022702e+07,-1.481947180000000089e-09,6.055499999999999972e+01,6.307000000000000000e+07,6.970000000000000000e+07
6.732617502589128911e+07,-1.485306420000000092e-09,6.056000000000000227e+01,6.307000000000000000e+07,6.970000000000000000e+07
6.719261913268169761e+07,-1.488258700000000193e-09,6.056499999999999773e+01,6.307000000000000000e+07,6.970000000000000000e+07
6.702509453051768988e+07,-1.491978500000000195e-09,6.057000000000000028e+01,6.307000000000000000e+07,6.970000000000000000e+07
6.688701926292645186e+07,-1.495058400000000115e-09,6.057500000000000284e+01,6.307000000000000000e+07,6.970000000000000000e+07
6.680752320320481807e+07,-1.496837410000000015e-09,6.057999999999999829e+01,6.307000000000000000e+07,6.970000000000000000e+07
6.668917159451295435e+07,-1.499493809999999973e-09,6.058500000000000085e+01,6.307000000000000000e+07,6.970000000000000000e+07
6.653613961656101048e+07,-1.502942620000000073e-09,6.059000000000000341e+01,6.307000000000000000e+07,6.970000000000000000e+07
6.642350218141090870e+07,-1.505491230000000246e-09,6.059499999999999886e+01,6.307000000000000000e+07,6.970000000000000000e+07
6.629736031490927935e+07,-1.508355680000000143e-09,6.060000000000000142e+01,6.307000000000000000e+07,6.970000000000000000e+07
6.612735969448948652e+07,-1.512233369999999977e-09,6.060500000000000398e+01,6.307000000000000000e+07,6.970000000000000000e+07
6.598395618580849469e+07,-1.515519920000000217e-09,6.060999999999999943e+01,6.307000000000000000e+07,6.970000000000000000e+07
6.586124120554023236e+07,-1.518343690000000050e-09,6.061500000000000199e+01,6.307000000000000000e+07,6.970000000000000000e+07
6.569135759112840146e+07,-1.522270260000000080e-09,6.062000000000000455e+01,6.307000000000000000e+07,6.970000000000000000e+07
6.554164949639303982e+07,-1.525747380000000146e-09,6.062500000000000000e+01,6.307000000000000000e+07,6.970000000000000000e+07
6.543638497790519893e+07,-1.528201780000000233e-09,6.063000000000000256e+01,6.307000000000000000e+07,6.970000000000000000e+07
6.530837865353845805e+07,-1.531197100000000157e-09,6.063499999999999801e+01,6.307000000000000000e+07,6.970000000000000000e+07
6.517388277871064842e+07,-1.534356950000000127e-09,6.064000000000000057e+01,6.307000000000000000e+07,6.970000000000000000e+07
6.509525844835557044e+07,-1.536210200000000077e-09,6.064500000000000313e+01,6.307000000000000000e+07,6.970000000000000000e+07
6.503140093219131976e+07,-1.537718680000000055e-09,6.064999999999999858e+01,6.307000000000000000e+07,6.970000000000000000e+07
6.494325495424977690e+07,-1.539805790000000147e-09,6.065500000000000114e+01,6.307000000000000000e+07,6.970000000000000000e+07
6.490341482696963847e+07,-1.540750980000000105e-09,6.066000000000000369e+01,6.307000000000000000e+07,6.970000000000000000e+07
6.489573390630901605e+07,-1.540933340000000168e-09,6.066499999999999915e+01,6.307000000000000000e+07,6.970000000000000000e+07
6.483780149642533809e+07,-1.542310160000000115e-09,6.067000000000000171e+01,6.307000000000000000e+07,6.970000000000000000e+07
6.479380518350701034e+07,-1.543357420000000019e-09,6.067500000000000426e+01,6.307000000000000000e+07,6.970000000000000000e+07
6.479575910201579332e+07,-1.543310880000000114e-09,6.067999999999999972e+01,6.307000000000000000e+07,6.970000000000000000e+07
6.476043967105893791e+07,-1.544152580000000003e-09,6.068500000000000227e+01,6.307000000000000000e+07,6.970000000000000000e+07
6.470632136630037427e+07,-1.545444060000000085e-09,6.068999999999999773e+01,6.307000000000000000e+07,6.970000000000000000e+07
6.469503626816672087e+07,-1.545713640000000117e-09,6.069500000000000028e+01,6.307000000000000000e+07,6.970000000000000000e+07
6.465623659413549304e+07,-1.546641210000000165e-09,6.070000000000000284e+01,6.307000000000000000e+07,6.970000000000000000e+07
6.457646386400207132e+07,-1.548551809999999991e-09,6.070499999999999829e+01,6.307000000000000000e+07,6.970000000000000000e+07
6.452874460998655856e+07,-1.549696970000000083e-09,6.071000000000000085e+01,6.307000000000000000e+07,6.970000000000000000e+07
6.449852717613192648e+07,-1.550423000000000241e-09,6.071500000000000341e+01,6.307000000000000000e+07,6.970000000000000000e+07
6.442641545656195283e+07,-1.552158369999999919e-09,6.071999999999999886e+01,6.307000000000000000e+07,6.970000000000000000e+07
6.436328615948564559e+07,-1.553680770000000075e-09,6.072500000000000142e+01,6.307000000000000000e+07,6.970000000000000000e+07
6.434554898190702498e+07,-1.554109050000000238e-09,6.073000000000000398e+01,6.307000000000000000e+07,6.970000000000000000e+07
6.430274390289581567e+07,-1.555143589999999933e-09,6.073499999999999943e+01,6.307000000000000000e+07,6.970000000000000000e+07
6.425809588071291149e+07,-1.556224140000000274e-09,6.074000000000000199e+01,6.307000000000000000e+07,6.970000000000000000e+07
6.424726665625647455e+07,-1.556486449999999973e-09,6.074500000000000455e+01,6.307000000000000000e+07,6.970000000000000000e+07
6.421751716314288974e+07,-1.557207510000000119e-09,6.075000000000000000e+01,6.307000000000000000e+07,6.970000000000000000e+07
6.414953801298909634e+07,-1.558857680000000141e-09,6.075500000000000256e+01,6.307000000000000000e+07,6.970000000000000000e+07
6.411633801817950606e+07,-1.559664870000000156e-09,6.075999999999999801e+01,6.307000000000000000e+07,6.970000000000000000e+07
6.409545197260483354e+07,-1.560173100000000161e-09,6.076500000000000057e+01,6.307000000000000000e+07,6.970000000000000000e+07
6.403404726151961833e+07,-1.561669210000000043e-09,6.077000000000000313e+01,6.307000000000000000e+07,6.970000000000000000e+07
6.397803864254340529e+07,-1.563036350000000089e-09,6.077499999999999858e+01,6.307000000000000000e+07,6.970000000000000000e+07
6.396200718176929653e+07,-1.563428110000000108e-09,6.078000000000000114e+01,6.307000000000000000e+07,6.970000000000000000e+07
6.392186436759664118e+07,-1.564409940000000124e-09,6.078500000000000369e+01,6.307000000000000000e+07,6.970000000000000000e+07
6.387162314720396698e+07,-1.565640500000000142e-09,6.078999999999999915e+01,6.307000000000000000e+07,6.970000000000000000e+07
6.387410322276085615e+07,-1.565579710000000037e-09,6.079500000000000171e+01,6.307000000000000000e+07,6.970000000000000000e+07
6.387977723716322333e+07,-1.565440650000000128e-09,6.080000000000000426e+01,6.307000000000000000e+07,6.970000000000000000e+07
6.386647431106467545e+07,-1.565766720000000135e-09,6.080499999999999972e+01,6.307000000000000000e+07,6.970000000000000000e+07
6.389883699707645178e+07,-1.564973710000000215e-09,6.081000000000000227e+01,6.307000000000000000e+07,6.970000000000000000e+07
6.393752127720824629e+07,-1.564026850000000263e-09,6.081499999999999773e+01,6.307000000000000000e+07,6.970000000000000000e+07
6.392908883180234581e+07,-1.564233150000000058e-09,6.082000000000000028e+01,6.307000000000000000e+07,6.970000000000000000e+07
6.392447461401219666e+07,-1.564346060000000109e-09,6.082500000000000284e+01,6.307000000000000000e+07,6.970000000000000000e+07
6.394438332391613722e+07,-1.563859010000000155e-09,6.082999999999999829e+01,6.307000000000000000e+07,6.970000000000000000e+07
6.393046002568981797e+07,-1.564199600000000116e-09,6.083500000000000085e+01,6.307000000000000000e+07,6.970000000000000000e+07
6.390908794196625054e+07,-1.564722690000000144e-09,6.084000000000000341e+01,6.307000000000000000e+07,6.970000000000000000e+07
6.392559878549032658e+07,-1.564318550000000191e-09,6.084499999999999886e+01,6.307000000000000000e+07,6.970000000000000000e+07
6.392254019992669672e+07,-1.564393400000000063e-09,6.085000000000000142e+01,6.307000000000000000e+07,6.970000000000000000e+07
6.388074313592790812e+07,-1.565416980000000152e-09,6.085500000000000398e+01,6.307000000000000000e+07,6.970000000000000000e+07
6.386033081503311545e+07,-1.565917350000000092e-09,6.085999999999999943e+01,6.307000000000000000e+07,6.970000000000000000e+07
6.384391725131149590e+07,-1.566319929999999921e-09,6.086500000000000199e+01,6.307000000000000000e+07,6.970000000000000000e+07
6.378110569445110112e+07,-1.567862440000000118e-09,6.087000000000000455e+01,6.307000000000000000e+07,6.970000000000000000e+07
6.372273128294358402e+07,-1.569298709999999991e-09,6.087500000000000000e+01,6.307000000000000000e+07,6.970000000000000000e+07
6.369089879475419223e+07,-1.570083040000000122e-09,6.088000000000000256e+01,6.307000000000000000e+07,6.970000000000000000e+07
6.361651759620153159e+07,-1.571918800000000120e-09,6.088499999999999801e+01,6.307000000000000000e+07,6.970000000000000000e+07
6.351364119309815764e+07,-1.574464920000000162e-09,6.089000000000000057e+01,6.307000000000000000e+07,6.970000000000000000e+07
6.345142074203085899e+07,-1.576008840000000229e-09,6.089500000000000313e+01,6.307000000000000000e+07,6.970000000000000000e+07
6.337650378104538471e+07,-1.577871830000000140e-09,6.089999999999999858e+01,6.307000000000000000e+07,6.970000000000000000e+07
6.327879266695988923e+07,-1.580308280000000088e-09,6.090500000000000114e+01,6.307000000000000000e+07,6.970000000000000000e+07
6.322963721306446195e+07,-1.581536830000000044e-09,6.091000000000000369e+01,6.307000000000000000e+07,6.970000000000000000e+07
6.318010739948548377e+07,-1.582776670000000249e-09,6.091499999999999915e+01,6.307000000000000000e+07,6.970000000000000000e+07
6.308756047431600839e+07,-1.585098539999999944e-09,6.092000000000000171e+01,6.307000000000000000e+07,6.970000000000000000e+07
6.300981000992240012e+07,-1.587054460000000237e-09,6.092500000000000426e+01,6.307000000000000000e+07,6.970000000000000000e+07
6.296391061645767838e+07,-1.588211390000000028e-09,6.092999999999999972e+01,6.307000000000000000e+07,6.970000000000000000e+07
6.288360808837641776e+07,-1.590239540000000103e-09,6.093500000000000227e+01,6.307000000000000000e+07,6.970000000000000000e+07
6.280224009812624007e+07,-1.592299890000000102e-09,6.093999999999999773e+01,6.307000000000000000e+07,6.970000000000000000e+07
6.277052802938524634e+07,-1.593104330000000067e-09,6.094500000000000028e+01,6.307000000000000000e+07,6.970000000000000000e+07
6.273624902978390455e+07,-1.593974800000000111e-09,6.095000000000000284e+01,6.307000000000000000e+07,6.970000000000000000e+07
6.266984467955829948e+07,-1.595663760000000256e-09,6.095499999999999829e+01,6.307000000000000000e+07,6.970000000000000000e+07
6.264113674520061165e+07,-1.596395040000000020e-09,6.096000000000000085e+01,6.307000000000000000e+07,6.970000000000000000e+07
6.260200958335351199e+07,-1.597392810000000112e-09,6.096500000000000341e+01,6.307000000000000000e+07,6.970000000000000000e+07
6.252240920375379920e+07,-1.599426529999999977e-09,6.096999999999999886e+01,6.307000000000000000e+07,6.970000000000000000e+07
6.246591118103267998e+07,-1.600873150000000047e-09,6.097500000000000142e+01,6.307000000000000000e+07,6.970000000000000000e+07
6.244574830473062396e+07,-1.601390050000000211e-09,6.098000000000000398e+01,6.307000000000000000e+07,6.970000000000000000e+07
6.239424176021643728e+07,-1.602711999999999955e-09,6.098499999999999943e+01,6.307000000000000000e+07,6.970000000000000000e+07
6.233405039515985548e+07,-1.604259620000000169e-09,6.099000000000000199e+01,6.307000000000000000e+07,6.970000000000000000e+07
6.232485741241215169e+07,-1.604496250000000036e-09,6.099500000000000455e+01,6.307000000000000000e+07,6.970000000000000000e+07
6.229656123480355740e+07,-1.605225040000000288e-09,6.100000000000000000e+01,6.307000000000000000e+07,6.970000000000000000e+07
6.222032779298853874e+07,-1.607191790000000022e-09,6.100500000000000256e+01,6.307000000000000000e+07,6.970000000000000000e+07
6.216931712805531919e+07,-1.608510510000000060e-09,6.100999999999999801e+01,6.307000000000000000e+07,6.970000000000000000e+07
6.213579260504037142e+07,-1.609378360000000014e-09,6.101500000000000057e+01,6.307000000000000000e+07,6.970000000000000000e+07
6.207133111988207698e+07,-1.611049710000000088e-09,6.102000000000000313e+01,6.307000000000000000e+07,6.970000000000000000e+07
6.202791907651593536e+07,-1.612177250000000064e-09,6.102499999999999858e+01,6.307000000000000000e+07,6.970000000000000000e+07
6.203045427333258092e+07,-1.612111360000000195e-09,6.103000000000000114e+01,6.307000000000000000e+07,6.970000000000000000e+07
6.201139900977966189e+07,-1.612606740000000033e-09,6.103500000000000369e+01,6.307000000000000000e+07,6.970000000000000000e+07
6.198527005596792698e+07,-1.613286510000000086e-09,6.103999999999999915e+01,6.307000000000000000e+07,6.970000000000000000e+07
6.199808481716191769e+07,-1.612953050000000040e-09,6.104500000000000171e+01,6.307000000000000000e+07,6.970000000000000000e+07
6.200401208120893687e+07,-1.612798860000000147e-09,6.105000000000000426e+01,6.307000000000000000e+07,6.970000000000000000e+07
6.197047699209086597e+07,-1.613671620000000260e-09,6.105499999999999972e+01,6.307000000000000000e+07,6.970000000000000000e+07
6.196856379376108199e+07,-1.613721440000000094e-09,6.106000000000000227e+01,6.307000000000000000e+07,6.970000000000000000e+07
6.197285809438840300e+07,-1.613609620000000141e-09,6.106499999999999773e+01,6.307000000000000000e+07,6.970000000000000000e+07
6.193288214650649577e+07,-1.614651160000000000e-09,6.107000000000000028e+01,6.307000000000000000e+07,6.970000000000000000e+07
6.189478926894634962e+07,-1.615644890000000087e-09,6.107500000000000284e+01,6.307000000000000000e+07,6.970000000000000000e+07
6.188519725327997655e+07,-1.615895310000000173e-09,6.107999999999999829e+01,6.307000000000000000e+07,6.970000000000000000e+07
6.185074117289416492e+07,-1.616795500000000055e-09,6.108500000000000085e+01,6.307000000000000000e+07,6.970000000000000000e+07
6.181991830596707016e+07,-1.617601620000000266e-09,6.109000000000000341e+01,6.307000000000000000e+07,6.970000000000000000e+07
6.182926645665531605e+07,-1.617357050000000183e-09,6.109499999999999886e+01,6.307000000000000000e+07,6.970000000000000000e+07
6.182259628877099603e+07,-1.617531550000000181e-09,6.110000000000000142e+01,6.307000000000000000e+07,6.970000000000000000e+07
6.179211455625287443e+07,-1.618329470000000052e-09,6.110500000000000398e+01,6.307000000000000000e+07,6.970000000000000000e+07
6.180231482671461999e+07,-1.618062370000000108e-09,6.110999999999999943e+01,6.307000000000000000e+07,6.970000000000000000e+07
6.182607873956706375e+07,-1.617440440000000047e-09,6.111500000000000199e+01,6.307000000000000000e+07,6.970000000000000000e+07
6.181935804948748648e+07,-1.617616280000000017e-09,6.112000000000000455e+01,6.307000000000000000e+07,6.970000000000000000e+07
6.182927677837415785e+07,-1.617356780000000014e-09,6.112500000000000000e+01,6.307000000000000000e+07,6.970000000000000000e+07
6.186907770627472550e+07,-1.616316320000000003e-09,6.113000000000000256e+01,6.307000000000000000e+07,6.970000000000000000e+07
6.188276390825174749e+07,-1.615958850000000120e-09,6.113499999999999801e+01,6.307000000000000000e+07,6.970000000000000000e+07
6.188856879020868987e+07,-1.615807280000000112e-09,6.114000000000000057e+01,6.307000000000000000e+07,6.970000000000000000e+07
6.192623869104576856e+07,-1.614824380000000086e-09,6.114500000000000313e+01,6.307000000000000000e+07,6.970000000000000000e+07
6.195010339193480462e+07,-1.614202310000000229e-09,6.114999999999999858e+01,6.307000000000000000e+07,6.970000000000000000e+07
6.194393126478388906e+07,-1.614363149999999966e-09,6.115500000000000114e+01,6.307000000000000000e+07,6.970000000000000000e+07
6.197830536190433800e+07,-1.613467800000000139e-09,6.116000000000000369e+01,6.307000000000000000e+07,6.970000000000000000e+07
6.201892962856559455e+07,-1.612410930000000025e-09,6.116499999999999915e+01,6.307000000000000000e+07,6.970000000000000000e+07
6.201791844026026875e+07,-1.612437220000000093e-09,6.117000000000000171e+01,6.307000000000000000e+07,6.970000000000000000e+07
6.203358536772631854e+07,-1.612029990000000023e-09,6.117500000000000426e+01,6.307000000000000000e+07,6.970000000000000000e+07
6.207325606350963563e+07,-1.610999750000000044e-09,6.117999999999999972e+01,6.307000000000000000e+07,6.970000000000000000e+07
6.206805405856891721e+07,-1.611134770000000154e-09,6.118500000000000227e+01,6.307000000000000000e+07,6.970000000000000000e+07
6.206505700237926841e+07,-1.611212570000000139e-09,6.118999999999999773e+01,6.307000000000000000e+07,6.970000000000000000e+07
6.212584013860820979e+07,-1.609636180000000185e-09,6.119500000000000028e+01,6.307000000000000000e+07,6.970000000000000000e+07
6.217507422786780447e+07,-1.608361570000000187e-09,6.120000000000000284e+01,6.307000000000000000e+07,6.970000000000000000e+07
6.218354715125293285e+07,-1.608142420000000225e-09,6.120499999999999829e+01,6.307000000000000000e+07,6.970000000000000000e+07
6.221889580648250878e+07,-1.607228780000000191e-09,6.121000000000000085e+01,6.307000000000000000e+07,6.970000000000000000e+07
6.225652097213009000e+07,-1.606257440000000170e-09,6.121500000000000341e+01,6.307000000000000000e+07,6.970000000000000000e+07
6.224619929219971597e+07,-1.606523790000000082e-09,6.121999999999999886e+01,6.307000000000000000e+07,6.970000000000000000e+07
6.224879963772194088e+07,-1.606456680000000154e-09,6.122500000000000142e+01,6.307000000000000000e+07,6.970000000000000000e+07
6.228862084005212039e+07,-1.605429670000000088e-09,6.123000000000000398e+01,6.307000000000000000e+07,6.970000000000000000e+07
6.231044772362176329e+07,-1.604867300000000030e-09,6.123499999999999943e+01,6.307000000000000000e+07,6.970000000000000000e+07
6.234199693622749299e+07,-1.604055130000000165e-09,6.124000000000000199e+01,6.307000000000000000e+07,6.970000000000000000e+07
6.242532019928734004e+07,-1.601914090000000128e-09,6.124500000000000455e+01,6.307000000000000000e+07,6.970000000000000000e+07
6.248455928434384614e+07,-1.600395380000000073e-09,6.125000000000000000e+01,6.307000000000000000e+07,6.970000000000000000e+07
6.249790163295267522e+07,-1.600053720000000101e-09,6.125500000000000256e+01,6.307000000000000000e+07,6.970000000000000000e+07
6.253714080792582780e+07,-1.599049760000000145e-09,6.125999999999999801e+01,6.307000000000000000e+07,6.970000000000000000e+07
6.258652587201806158e+07,-1.597788000000000108e-09,6.126500000000000057e+01,6.307000000000000000e+07,6.970000000000000000e+07
6.258894397473980486e+07,-1.597726269999999951e-09,6.127000000000000313e+01,6.307000000000000000e+07,6.970000000000000000e+07
6.261623843692536652e+07,-1.597029820000000041e-09,6.127499999999999858e+01,6.307000000000000000e+07,6.970000000000000000e+07
6.267640548533120751e+07,-1.595496730000000034e-09,6.128000000000000114e+01,6.307000000000000000e+07,6.970000000000000000e+07
6.270389228705318272e+07,-1.594797330000000011e-09,6.128500000000000369e+01,6.307000000000000000e+07,6.970000000000000000e+07
6.272192900138559937e+07,-1.594338720000000189e-09,6.128999999999999915e+01,6.307000000000000000e+07,6.970000000000000000e+07
6.278173223864927888e+07,-1.592820020000000178e-09,6.129500000000000171e+01,6.307000000000000000e+07,6.970000000000000000e+07
6.282849446384522319e+07,-1.591634510000000045e-09,6.130000000000000426e+01,6.307000000000000000e+07,6.970000000000000000e+07
6.285244903624882549e+07,-1.591027900000000194e-09,6.130499999999999972e+01,6.307000000000000000e+07,6.970000000000000000e+07
6.290710173620832711e+07,-1.589645640000000209e-09,6.131000000000000227e+01,6.307000000000000000e+07,6.970000000000000000e+07
6.293725540183067322e+07,-1.588884030000000165e-09,6.131499999999999773e+01,6.307000000000000000e+07,6.970000000000000000e+07
6.293484754240868241e+07,-1.588944820000000063e-09,6.132000000000000028e+01,6.307000000000000000e+07,6.970000000000000000e+07
6.296644321156288683e+07,-1.588147510000000014e-09,6.132500000000000284e+01,6.307000000000000000e+07,6.970000000000000000e+07
6.303950071505075693e+07,-1.586306980000000066e-09,6.132999999999999829e+01,6.307000000000000000e+07,6.970000000000000000e+07
6.308329495555945486e+07,-1.585205720000000113e-09,6.133500000000000085e+01,6.307000000000000000e+07,6.970000000000000000e+07
6.311953241252371669e+07,-1.584295640000000015e-09,6.134000000000000341e+01,6.307000000000000000e+07,6.970000000000000000e+07
6.319985864466816187e+07,-1.582282020000000147e-09,6.134499999999999886e+01,6.307000000000000000e+07,6.970000000000000000e+07
6.326152443889163435e+07,-1.580739649999999953e-09,6.135000000000000142e+01,6.307000000000000000e+07,6.970000000000000000e+07
6.329462605332385749e+07,-1.579912959999999927e-09,6.135500000000000398e+01,6.307000000000000000e+07,6.970000000000000000e+07
6.336391470172843337e+07,-1.578185320000000148e-09,6.135999999999999943e+01,6.307000000000000000e+07,6.970000000000000000e+07
6.343260237471745163e+07,-1.576476390000000172e-09,6.136500000000000199e+01,6.307000000000000000e+07,6.970000000000000000e+07
6.345396854952273518e+07,-1.575945560000000199e-09,6.137000000000000455e+01,6.307000000000000000e+07,6.970000000000000000e+07
6.348565688234610856e+07,-1.575158940000000001e-09,6.137500000000000000e+01,6.307000000000000000e+07,6.970000000000000000e+07
6.353814014104349166e+07,-1.573857840000000078e-09,6.138000000000000256e+01,6.307000000000000000e+07,6.970000000000000000e+07
6.355550277906604856e+07,-1.573427880000000083e-09,6.138499999999999801e+01,6.307000000000000000e+07,6.970000000000000000e+07
6.356249477198480815e+07,-1.573254800000000001e-09,6.139000000000000057e+01,6.307000000000000000e+07,6.970000000000000000e+07
6.361240604765688628e+07,-1.572020400000000040e-09,6.139500000000000313e+01,6.307000000000000000e+07,6.970000000000000000e+07
6.363642281823686510e+07,-1.571427109999999969e-09,6.139999999999999858e+01,6.307000000000000000e+07,6.970000000000000000e+07
6.362348537533068657e+07,-1.571746650000000044e-09,6.140500000000000114e+01,6.307000000000000000e+07,6.970000000000000000e+07
6.363834562371156365e+07,-1.571379630000000219e-09,6.141000000000000369e+01,6.307000000000000000e+07,6.970000000000000000e+07
6.366028346701950580e+07,-1.570838120000000027e-09,6.141499999999999915e+01,6.307000000000000000e+07,6.970000000000000000e+07
6.364645889051035047e+07,-1.571179320000000018e-09,6.142000000000000171e+01,6.307000000000000000e+07,6.970000000000000000e+07
6.365405963854514062e+07,-1.570991709999999935e-09,6.142500000000000426e+01,6.307000000000000000e+07,6.970000000000000000e+07
6.368613110561963916e+07,-1.570200580000000119e-09,6.142999999999999972e+01,6.307000000000000000e+07,6.970000000000000000e+07
6.368180291844787449e+07,-1.570307300000000099e-09,6.143500000000000227e+01,6.307000000000000000e+07,6.970000000000000000e+07
6.368094400223831087e+07,-1.570328479999999944e-09,6.143999999999999773e+01,6.307000000000000000e+07,6.970000000000000000e+07
6.370632545966470987e+07,-1.569702840000000107e-09,6.144500000000000028e+01,6.307000000000000000e+07,6.970000000000000000e+07
6.370707872541095316e+07,-1.569684279999999939e-09,6.145000000000000284e+01,6.307000000000000000e+07,6.970000000000000000e+07
6.367883614649662375e+07,-1.570380460000000094e-09,6.145499999999999829e+01,6.307000000000000000e+07,6.970000000000000000e+07
6.370235203416739404e+07,-1.569800750000000133e-09,6.146000000000000085e+01,6.307000000000000000e+07,6.970000000000000000e+07
6.373633227733491361e+07,-1.568963830000000030e-09,6.146500000000000341e+01,6.307000000000000000e+07,6.970000000000000000e+07
6.372818999086450040e+07,-1.569164290000000072e-09,6.146999999999999886e+01,6.307000000000000000e+07,6.970000000000000000e+07
6.373968671153609455e+07,-1.568881260000000096e-09,6.147500000000000142e+01,6.307000000000000000e+07,6.970000000000000000e+07
6.377502782408801466e+07,-1.568011860000000062e-09,6.148000000000000398e+01,6.307000000000000000e+07,6.970000000000000000e+07
6.377519742903812230e+07,-1.568007690000000097e-09,6.148499999999999943e+01,6.307000000000000000e+07,6.970000000000000000e+07
6.376859326381230354e+07,-1.568170080000000122e-09,6.149000000000000199e+01,6.307000000000000000e+07,6.970000000000000000e+07
6.379157607997065037e+07,-1.567605100000000017e-09,6.149500000000000455e+01,6.307000000000000000e+07,6.970000000000000000e+07
6.378416418564340472e+07,-1.567787260000000017e-09,6.150000000000000000e+01,6.307000000000000000e+07,6.970000000000000000e+07
6.375118758102895319e+07,-1.568598230000000119e-09,6.150500000000000256e+01,6.307000000000000000e+07,6.970000000000000000e+07
6.376559888280630857e+07,-1.568243719999999981e-09,6.150999999999999801e+01,6.307000000000000000e+07,6.970000000000000000e+07
6.377731695690001547e+07,-1.567955580000000195e-09,6.151500000000000057e+01,6.307000000000000000e+07,6.970000000000000000e+07
6.374734834936121851e+07,-1.568692700000000124e-09,6.152000000000000313e+01,6.307000000000000000e+07,6.970000000000000000e+07
6.373528868440115452e+07,-1.568989520000000113e-09,6.152499999999999858e+01,6.307000000000000000e+07,6.970000000000000000e+07
6.373724184377461672e+07,-1.568941439999999965e-09,6.153000000000000114e+01,6.307000000000000000e+07,6.970000000000000000e+07
6.368949404919442534e+07,-1.570117669999999911e-09,6.153500000000000369e+01,6.307000000000000000e+07,6.970000000000000000e+07
6.363518933571970463e+07,-1.571457570000000001e-09,6.153999999999999915e+01,6.307000000000000000e+07,6.970000000000000000e+07
6.361419628653910756e+07,-1.571976160000000041e-09,6.154500000000000171e+01,6.307000000000000000e+07,6.970000000000000000e+07
6.356368220622624457e+07,-1.573225410000000186e-09,6.155000000000000426e+01,6.307000000000000000e+07,6.970000000000000000e+07
6.349670540359375626e+07,-1.574884860000000189e-09,6.155499999999999972e+01,6.307000000000000000e+07,6.970000000000000000e+07
6.346443208570531011e+07,-1.575685730000000174e-09,6.156000000000000227e+01,6.307000000000000000e+07,6.970000000000000000e+07
6.343891296103112400e+07,-1.576319569999999937e-09,6.156499999999999773e+01,6.307000000000000000e+07,6.970000000000000000e+07
6.338156829134225100e+07,-1.577745750000000150e-09,6.157000000000000028e+01,6.307000000000000000e+07,6.970000000000000000e+07
6.335034254132040590e+07,-1.578523430000000022e-09,6.157500000000000284e+01,6.307000000000000000e+07,6.970000000000000000e+07
6.334141147467673570e+07,-1.578746000000000123e-09,6.157999999999999829e+01,6.307000000000000000e+07,6.970000000000000000e+07
6.330035144481723011e+07,-1.579770060000000076e-09,6.158500000000000085e+01,6.307000000000000000e+07,6.970000000000000000e+07
6.326893384690751880e+07,-1.580554530000000003e-09,6.159000000000000341e+01,6.307000000000000000e+07,6.970000000000000000e+07
6.328785988791833073e+07,-1.580081870000000252e-09,6.159499999999999886e+01,6.307000000000000000e+07,6.970000000000000000e+07
6.328639756725062430e+07,-1.580118380000000144e-09,6.160000000000000142e+01,6.307000000000000000e+07,6.970000000000000000e+07
6.326253896735166758e+07,-1.580714299999999937e-09,6.160500000000000398e+01,6.307000000000000000e+07,6.970000000000000000e+07
6.328343748595304787e+07,-1.580192290000000171e-09,6.160999999999999943e+01,6.307000000000000000e+07,6.970000000000000000e+07
6.331210396181758493e+07,-1.579476810000000068e-09,6.161500000000000199e+01,6.307000000000000000e+07,6.970000000000000000e+07
6.330550878966602683e+07,-1.579641360000000202e-09,6.162000000000000455e+01,6.307000000000000000e+07,6.970000000000000000e+07
6.333257678348193318e+07,-1.578966230000000140e-09,6.162500000000000000e+01,6.307000000000000000e+07,6.970000000000000000e+07
6.337768387458457053e+07,-1.577842449999999956e-09,6.163000000000000256e+01,6.307000000000000000e+07,6.970000000000000000e+07
6.337457266763304174e+07,-1.577919910000000288e-09,6.163499999999999801e+01,6.307000000000000000e+07,6.970000000000000000e+07
6.337954247043493390e+07,-1.577796180000000013e-09,6.164000000000000057e+01,6.307000000000000000e+07,6.970000000000000000e+07
6.342899332561440021e+07,-1.576566090000000228e-09,6.164500000000000313e+01,6.307000000000000000e+07,6.970000000000000000e+07
6.345140181944736838e+07,-1.576009310000000255e-09,6.164999999999999858e+01,6.307000000000000000e+07,6.970000000000000000e+07
6.345247921685426682e+07,-1.575982550000000162e-09,6.165500000000000114e+01,6.307000000000000000e+07,6.970000000000000000e+07
6.349039460169110447e+07,-1.575041400000000003e-09,6.166000000000000369e+01,6.307000000000000000e+07,6.970000000000000000e+07
6.354322244303916395e+07,-1.573731959999999946e-09,6.166499999999999915e+01,6.307000000000000000e+07,6.970000000000000000e+07
6.355722720384828001e+07,-1.573385190000000165e-09,6.167000000000000171e+01,6.307000000000000000e+07,6.970000000000000000e+07
6.358574810915379226e+07,-1.572679460000000067e-09,6.167500000000000426e+01,6.307000000000000000e+07,6.970000000000000000e+07
6.363979954914130270e+07,-1.571343729999999942e-09,6.167999999999999972e+01,6.307000000000000000e+07,6.970000000000000000e+07
6.364405924457453936e+07,-1.571238560000000249e-09,6.168500000000000227e+01,6.307000000000000000e+07,6.970000000000000000e+07
6.364316327192761004e+07,-1.571260680000000145e-09,6.168999999999999773e+01,6.307000000000000000e+07,6.970000000000000000e+07
6.367994601774559915e+07,-1.570353090000000179e-09,6.169500000000000028e+01,6.307000000000000000e+07,6.970000000000000000e+07
6.369432512480361760e+07,-1.569998580000000040e-09,6.170000000000000284e+01,6.307000000000000000e+07,6.970000000000000000e+07
6.368519014531801641e+07,-1.570223780000000069e-09,6.170499999999999829e+01,6.307000000000000000e+07,6.970000000000000000e+07
6.370806944309534132e+07,-1.569659869999999975e-09,6.171000000000000085e+01,6.307000000000000000e+07,6.970000000000000000e+07
6.372180873105135560e+07,-1.569321430000000078e-09,6.171500000000000341e+01,6.307000000000000000e+07,6.970000000000000000e+07
6.370281059029922634e+07,-1.569789450000000046e-09,6.171999999999999886e+01,6.307000000000000000e+07,6.970000000000000000e+07
6.370422119904607534e+07,-1.569754690000000091e-09,6.172500000000000142e+01,6.307000000000000000e+07,6.970000000000000000e+07
6.371984839697205275e+07,-1.569369710000000083e-09,6.173000000000000398e+01,6.307000000000000000e+07,6.970000000000000000e+07
6.368822565329375863e+07,-1.570148940000000035e-09,6.173499999999999943e+01,6.307000000000000000e+07,6.970000000000000000e+07
6.365071947749888152e+07,-1.571074150000000117e-09,6.174000000000000199e+01,6.307000000000000000e+07,6.970000000000000000e+07
6.365126439735905826e+07,-1.571060700000000173e-09,6.174500000000000455e+01,6.307000000000000000e+07,6.970000000000000000e+07
6.363714972871865332e+07,-1.571409160000000037e-09,6.175000000000000000e+01,6.307000000000000000e+07,6.970000000000000000e+07
6.361720074748684466e+07,-1.571901919999999992e-09,6.175500000000000256e+01,6.307000000000000000e+07,6.970000000000000000e+07
6.364800636113450676e+07,-1.571141120000000248e-09,6.175999999999999801e+01,6.307000000000000000e+07,6.970000000000000000e+07
6.367925056959816068e+07,-1.570370240000000062e-09,6.176500000000000057e+01,6.307000000000000000e+07,6.970000000000000000e+07
6.365713594361414015e+07,-1.570915790000000053e-09,6.177000000000000313e+01,6.307000000000000000e+07,6.970000000000000000e+07
6.365157231159149855e+07,-1.571053100000000231e-09,6.177499999999999858e+01,6.307000000000000000e+07,6.970000000000000000e+07
6.366293521438802034e+07,-1.570772690000000139e-09,6.178000000000000114e+01,6.307000000000000000e+07,6.970000000000000000e+07
6.363900980424493551e+07,-1.571363230000000161e-09,6.178500000000000369e+01,6.307000000000000000e+07,6.970000000000000000e+07
6.362408690607447177e+07,-1.571731790000000229e-09,6.178999999999999915e+01,6.307000000000000000e+07,6.970000000000000000e+07
6.364566898032675683e+07,-1.571198820000000030e-09,6.179500000000000171e+01,6.307000000000000000e+07,6.970000000000000000e+07
6.362423668333114684e+07,-1.571728090000000084e-09,6.180000000000000426e+01,6.307000000000000000e+07,6.970000000000000000e+07
6.358930708665181696e+07,-1.572591440000000257e-09,6.180499999999999972e+01,6.307000000000000000e+07,6.970000000000000000e+07
6.360206235029744357e+07,-1.572276060000000102e-09,6.181000000000000227e+01,6.307000000000000000e+07,6.970000000000000000e+07
6.361557869183468819e+07,-1.571942000000000071e-09,6.181499999999999773e+01,6.307000000000000000e+07,6.970000000000000000e+07
6.358768119667437673e+07,-1.572631650000000088e-09,6.182000000000000028e+01,6.307000000000000000e+07,6.970000000000000000e+07
6.358471752759472281e+07,-1.572704950000000293e-09,6.182500000000000284e+01,6.307000000000000000e+07,6.970000000000000000e+07
6.360887685284548253e+07,-1.572107620000000009e-09,6.182999999999999829e+01,6.307000000000000000e+07,6.970000000000000000e+07
6.359607558029812574e+07,-1.572424070000000175e-09,6.183500000000000085e+01,6.307000000000000000e+07,6.970000000000000000e+07
6.358755625606998056e+07,-1.572634740000000205e-09,6.184000000000000341e+01,6.307000000000000000e+07,6.970000000000000000e+07
6.362865219078349322e+07,-1.571619019999999974e-09,6.184499999999999886e+01,6.307000000000000000e+07,6.970000000000000000e+07
6.364510511797403544e+07,-1.571212740000000000e-09,6.185000000000000142e+01,6.307000000000000000e+07,6.970000000000000000e+07
6.363544526118770987e+07,-1.571451249999999971e-09,6.185500000000000398e+01,6.307000000000000000e+07,6.970000000000000000e+07
6.366174974293704331e+07,-1.570801939999999950e-09,6.185999999999999943e+01,6.307000000000000000e+07,6.970000000000000000e+07
6.368052428532254696e+07,-1.570338830000000141e-09,6.186500000000000199e+01,6.307000000000000000e+07,6.970000000000000000e+07
6.366157506694412231e+07,-1.570806250000000125e-09,6.187000000000000455e+01,6.307000000000000000e+07,6.970000000000000000e+07
6.367181286029013991e+07,-1.570553679999999973e-09,6.187500000000000000e+01,6.307000000000000000e+07,6.970000000000000000e+07
6.370871600345234573e+07,-1.569643940000000149e-09,6.188000000000000256e+01,6.307000000000000000e+07,6.970000000000000000e+07
6.370666921612262726e+07,-1.569694370000000012e-09,6.188499999999999801e+01,6.307000000000000000e+07,6.970000000000000000e+07
6.370264664557883888e+07,-1.569793490000000052e-09,6.189000000000000057e+01,6.307000000000000000e+07,6.970000000000000000e+07
6.371896896565705538e+07,-1.569391369999999998e-09,6.189500000000000313e+01,6.307000000000000000e+07,6.970000000000000000e+07
6.368451932249454409e+07,-1.570240319999999924e-09,6.189999999999999858e+01,6.307000000000000000e+07,6.970000000000000000e+07
6.360571580043897033e+07,-1.572185750000000223e-09,6.190500000000000114e+01,6.307000000000000000e+07,6.970000000000000000e+07
6.356603781272798777e+07,-1.573167110000000006e-09,6.191000000000000369e+01,6.307000000000000000e+07,6.970000000000000000e+07
6.352393718211867660e+07,-1.574209730000000126e-09,6.191499999999999915e+01,6.307000000000000000e+07,6.970000000000000000e+07
6.344625288048367202e+07,-1.576137210000000081e-09,6.192000000000000171e+01,6.307000000000000000e+07,6.970000000000000000e+07
6.340710883601331711e+07,-1.577110230000000141e-09,6.192500000000000426e+01,6.307000000000000000e+07,6.970000000000000000e+07
6.340611418945330381e+07,-1.577134969999999921e-09,6.192999999999999972e+01,6.307000000000000000e+07,6.970000000000000000e+07
6.338529649375674874e+07,-1.577652950000000140e-09,6.193500000000000227e+01,6.307000000000000000e+07,6.970000000000000000e+07
6.337660379407588392e+07,-1.577869340000000008e-09,6.193999999999999773e+01,6.307000000000000000e+07,6.970000000000000000e+07
6.341475265459386259e+07,-1.576920130000000134e-09,6.194500000000000028e+01,6.307000000000000000e+07,6.970000000000000000e+07
6.341824143778589368e+07,-1.576833380000000191e-09,6.195000000000000284e+01,6.307000000000000000e+07,6.970000000000000000e+07
6.341260005572953820e+07,-1.576973659999999951e-09,6.195499999999999829e+01,6.307000000000000000e+07,6.970000000000000000e+07
6.344872418637828529e+07,-1.576075820000000198e-09,6.196000000000000085e+01,6.307000000000000000e+07,6.970000000000000000e+07
6.347394540848425776e+07,-1.575449570000000125e-09,6.196500000000000341e+01,6.307000000000000000e+07,6.970000000000000000e+07
6.346987079838261753e+07,-1.575550710000000064e-09,6.196999999999999886e+01,6.307000000000000000e+07,6.970000000000000000e+07
6.349149227019335330e+07,-1.575014170000000091e-09,6.197500000000000142e+01,6.307000000000000000e+07,6.970000000000000000e+07
6.352410545418222994e+07,-1.574205560000000162e-09,6.198000000000000398e+01,6.307000000000000000e+07,6.970000000000000000e+07
6.351724091979596019e+07,-1.574375690000000132e-09,6.198499999999999943e+01,6.307000000000000000e+07,6.970000000000000000e+07
6.351102647321224958e+07,-1.574529740000000021e-09,6.199000000000000199e+01,6.307000000000000000e+07,6.970000000000000000e+07
6.354011918677644432e+07,-1.573808820000000086e-09,6.199500000000000455e+01,6.307000000000000000e+07,6.970000000000000000e+07
6.353230142305747420e+07,-1.574002480000000236e-09,6.200000000000000000e+01,6.307000000000000000e+07,6.970000000000000000e+07
6.352142208507467061e+07,-1.574272060000000060e-09,6.200500000000000256e+01,6.307000000000000000e+07,6.970000000000000000e+07
6.356334524351514876e+07,-1.573233750000000115e-09,6.200999999999999801e+01,6.307000000000000000e+07,6.970000000000000000e+07
6.358836372877256572e+07,-1.572614769999999960e-09,6.201500000000000057e+01,6.307000000000000000e+07,6.970000000000000000e+07
6.358284728326484561e+07,-1.572751210000000192e-09,6.202000000000000313e+01,6.307000000000000000e+07,6.970000000000000000e+07
6.361693120855665952e+07,-1.571908580000000295e-09,6.202499999999999858e+01,6.307000000000000000e+07,6.970000000000000000e+07
6.366084759834996611e+07,-1.570824200000000057e-09,6.203000000000000114e+01,6.307000000000000000e+07,6.970000000000000000e+07
6.364635842905002832e+07,-1.571181800000000105e-09,6.203500000000000369e+01,6.307000000000000000e+07,6.970000000000000000e+07
6.363701932907006890e+07,-1.571412380000000112e-09,6.203999999999999915e+01,6.307000000000000000e+07,6.970000000000000000e+07
6.365862922575052083e+07,-1.570878940000000094e-09,6.204500000000000171e+01,6.307000000000000000e+07,6.970000000000000000e+07
6.364180396919166297e+07,-1.571294240000000131e-09,6.205000000000000426e+01,6.307000000000000000e+07,6.970000000000000000e+07
6.359908358808476478e+07,-1.572349699999999960e-09,6.205499999999999972e+01,6.307000000000000000e+07,6.970000000000000000e+07
6.358180345500086993e+07,-1.572777030000000027e-09,6.206000000000000227e+01,6.307000000000000000e+07,6.970000000000000000e+07
6.356485029047546536e+07,-1.573196500000000235e-09,6.206499999999999773e+01,6.307000000000000000e+07,6.970000000000000000e+07
6.351078243829566240e+07,-1.574535790000000295e-09,6.207000000000000028e+01,6.307000000000000000e+07,6.970000000000000000e+07
6.349424930679201335e+07,-1.574945780000000046e-09,6.207500000000000284e+01,6.307000000000000000e+07,6.970000000000000000e+07
6.349847058853710443e+07,-1.574841079999999964e-09,6.207999999999999829e+01,6.307000000000000000e+07,6.970000000000000000e+07
6.347065635088243335e+07,-1.575531210000000259e-09,6.208500000000000085e+01,6.307000000000000000e+07,6.970000000000000000e+07
6.346482479221393913e+07,-1.575675980000000168e-09,6.209000000000000341e+01,6.307000000000000000e+07,6.970000000000000000e+07
6.350665954011868685e+07,-1.574638010000000082e-09,6.209499999999999886e+01,6.307000000000000000e+07,6.970000000000000000e+07
6.352366843290203810e+07,-1.574216390000000016e-09,6.210000000000000142e+01,6.307000000000000000e+07,6.970000000000000000e+07
6.352913667607004941e+07,-1.574080890000000250e-09,6.210500000000000398e+01,6.307000000000000000e+07,6.970000000000000000e+07
6.357151294898954779e+07,-1.573031620000000077e-09,6.210999999999999943e+01,6.307000000000000000e+07,6.970000000000000000e+07
6.360504624627504498e+07,-1.572202300000000122e-09,6.211500000000000199e+01,6.307000000000000000e+07,6.970000000000000000e+07
6.360429539142484218e+07,-1.572220860000000083e-09,6.212000000000000455e+01,6.307000000000000000e+07,6.970000000000000000e+07
6.363416281991789490e+07,-1.571482920000000016e-09,6.212500000000000000e+01,6.307000000000000000e+07,6.970000000000000000e+07
6.368591817035859823e+07,-1.570205829999999931e-09,6.213000000000000256e+01,6.307000000000000000e+07,6.970000000000000000e+07
6.369315227722541988e+07,-1.570027489999999991e-09,6.213499999999999801e+01,6.307000000000000000e+07,6.970000000000000000e+07
6.370520087030223012e+07,-1.569730550000000089e-09,6.214000000000000057e+01,6.307000000000000000e+07,6.970000000000000000e+07
6.374571396130324155e+07,-1.568732920000000000e-09,6.214500000000000313e+01,6.307000000000000000e+07,6.970000000000000000e+07
6.373830459475160390e+07,-1.568915280000000063e-09,6.214999999999999858e+01,6.307000000000000000e+07,6.970000000000000000e+07
6.370325535547375679e+07,-1.569778490000000027e-09,6.215500000000000114e+01,6.307000000000000000e+07,6.970000000000000000e+07
6.372321490246397257e+07,-1.569286800000000082e-09,6.216000000000000369e+01,6.307000000000000000e+07,6.970000000000000000e+07
6.372346585150589794e+07,-1.569280620000000056e-09,6.216499999999999915e+01,6.307000000000000000e+07,6.970000000000000000e+07
6.366726043178193271e+07,-1.570665980000000203e-09,6.217000000000000171e+01,6.307000000000000000e+07,6.970000000000000000e+07
6.363752554187543690e+07,-1.571399880000000057e-09,6.217500000000000426e+01,6.307000000000000000e+07,6.970000000000000000e+07
6.362325383355394751e+07,-1.571752370000000089e-09,6.217999999999999972e+01,6.307000000000000000e+07,6.970000000000000000e+07
6.355931368500541151e+07,-1.573333540000000037e-09,6.218500000000000227e+01,6.307000000000000000e+07,6.970000000000000000e+07
6.349489717861758173e+07,-1.574929710000000010e-09,6.218999999999999773e+01,6.307000000000000000e+07,6.970000000000000000e+07
6.346779582476089895e+07,-1.575602219999999982e-09,6.219500000000000028e+01,6.307000000000000000e+07,6.970000000000000000e+07
6.341039935241749883e+07,-1.577028389999999944e-09,6.220000000000000284e+01,6.307000000000000000e+07,6.970000000000000000e+07
6.334359655845118314e+07,-1.578691540000000092e-09,6.220499999999999829e+01,6.307000000000000000e+07,6.970000000000000000e+07
6.332752009918913245e+07,-1.579092310000000130e-09,6.221000000000000085e+01,6.307000000000000000e+07,6.970000000000000000e+07
6.330940039628899097e+07,-1.579544260000000062e-09,6.221500000000000341e+01,6.307000000000000000e+07,6.970000000000000000e+07
6.325944425705239922e+07,-1.580791630000000103e-09,6.221999999999999886e+01,6.307000000000000000e+07,6.970000000000000000e+07
6.325396072423684597e+07,-1.580928670000000113e-09,6.222500000000000142e+01,6.307000000000000000e+07,6.970000000000000000e+07
6.325142335152353346e+07,-1.580992090000000146e-09,6.223000000000000398e+01,6.307000000000000000e+07,6.970000000000000000e+07
6.320887888547981530e+07,-1.582056219999999927e-09,6.223499999999999943e+01,6.307000000000000000e+07,6.970000000000000000e+07
6.318500363079985976e+07,-1.582654020000000236e-09,6.224000000000000199e+01,6.307000000000000000e+07,6.970000000000000000e+07
6.319253209360707551e+07,-1.582465470000000103e-09,6.224500000000000455e+01,6.307000000000000000e+07,6.970000000000000000e+07
6.316381857218895853e+07,-1.583184839999999957e-09,6.225000000000000000e+01,6.307000000000000000e+07,6.970000000000000000e+07
6.312893702826665342e+07,-1.584059619999999969e-09,6.225500000000000256e+01,6.307000000000000000e+07,6.970000000000000000e+07
6.314092099506781995e+07,-1.583758970000000291e-09,6.225999999999999801e+01,6.307000000000000000e+07,6.970000000000000000e+07
6.313998531262917072e+07,-1.583782440000000203e-09,6.226500000000000057e+01,6.307000000000000000e+07,6.970000000000000000e+07
6.310095296825999767e+07,-1.584762119999999947e-09,6.227000000000000313e+01,6.307000000000000000e+07,6.970000000000000000e+07
6.309086089637400210e+07,-1.585015620000000106e-09,6.227499999999999858e+01,6.307000000000000000e+07,6.970000000000000000e+07
6.309170396837480366e+07,-1.584994440000000054e-09,6.228000000000000114e+01,6.307000000000000000e+07,6.970000000000000000e+07
6.305661850622843951e+07,-1.585876349999999982e-09,6.228500000000000369e+01,6.307000000000000000e+07,6.970000000000000000e+07
6.304859329730026424e+07,-1.586078210000000057e-09,6.228999999999999915e+01,6.307000000000000000e+07,6.970000000000000000e+07
6.309359359827666730e+07,-1.584946970000000142e-09,6.229500000000000171e+01,6.307000000000000000e+07,6.970000000000000000e+07
6.314432588528960198e+07,-1.583673570000000158e-09,6.230000000000000426e+01,6.307000000000000000e+07,6.970000000000000000e+07
6.321737776428494602e+07,-1.581843529999999997e-09,6.230499999999999972e+01,6.307000000000000000e+07,6.970000000000000000e+07
6.335525997637697309e+07,-1.578400910000000175e-09,6.231000000000000227e+01,6.307000000000000000e+07,6.970000000000000000e+07
6.349341963088025153e+07,-1.574966359999999906e-09,6.231499999999999773e+01,6.307000000000000000e+07,6.970000000000000000e+07
6.359545557049766183e+07,-1.572439400000000016e-09,6.232000000000000028e+01,6.307000000000000000e+07,6.970000000000000000e+07
6.373148101777594537e+07,-1.569083260000000174e-09,6.232500000000000284e+01,6.307000000000000000e+07,6.970000000000000000e+07
6.388369569453852624e+07,-1.565344630000000043e-09,6.232999999999999829e+01,6.307000000000000000e+07,6.970000000000000000e+07
6.398993156820733100e+07,-1.562745850000000131e-09,6.233500000000000085e+01,6.307000000000000000e+07,6.970000000000000000e+07
6.410174269625865668e+07,-1.560019990000000117e-09,6.234000000000000341e+01,6.307000000000000000e+07,6.970000000000000000e+07
6.423154640036489815e+07,-1.556867390000000183e-09,6.234499999999999886e+01,6.307000000000000000e+07,6.970000000000000000e+07
6.431230425384539366e+07,-1.554912410000000148e-09,6.235000000000000142e+01,6.307000000000000000e+07,6.970000000000000000e+07
6.437552043584802002e+07,-1.553385500000000167e-09,6.235500000000000398e+01,6.307000000000000000e+07,6.970000000000000000e+07
6.447841997230923176e+07,-1.550906490000000053e-09,6.235999999999999943e+01,6.307000000000000000e+07,6.970000000000000000e+07
6.456558585447042435e+07,-1.548812710000000027e-09,6.236500000000000199e+01,6.307000000000000000e+07,6.970000000000000000e+07
6.461089195168351382e+07,-1.547726660000000000e-09,6.237000000000000455e+01,6.307000000000000000e+07,6.970000000000000000e+07
6.469233718554421514e+07,-1.545778130000000160e-09,6.237500000000000000e+01,6.307000000000000000e+07,6.970000000000000000e+07
6.479199285520552844e+07,-1.543400590000000214e-09,6.238000000000000256e+01,6.307000000000000000e+07,6.970000000000000000e+07
6.484315902046185732e+07,-1.542182730000000109e-09,6.238499999999999801e+01,6.307000000000000000e+07,6.970000000000000000e+07
6.490812595538676530e+07,-1.540639150000000108e-09,6.239000000000000057e+01,6.307000000000000000e+07,6.970000000000000000e+07
6.501024717520073801e+07,-1.538219040000000158e-09,6.239500000000000313e+01,6.307000000000000000e+07,6.970000000000000000e+07
6.507201321232567728e+07,-1.536758970000000143e-09,6.239999999999999858e+01,6.307000000000000000e+07,6.970000000000000000e+07
6.512225929227238148e+07,-1.535573260000000153e-09,6.240500000000000114e+01,6.307000000000000000e+07,6.970000000000000000e+07
6.521708691068348289e+07,-1.533340490000000116e-09,6.241000000000000369e+01,6.307000000000000000e+07,6.970000000000000000e+07
6.529440292982776463e+07,-1.531524840000000158e-09,6.241499999999999915e+01,6.307000000000000000e+07,6.970000000000000000e+07
6.533150926017305255e+07,-1.530654980000000143e-09,6.242000000000000171e+01,6.307000000000000000e+07,6.970000000000000000e+07
6.540546400516572595e+07,-1.528924250000000041e-09,6.242500000000000426e+01,6.307000000000000000e+07,6.970000000000000000e+07
6.549310488919192553e+07,-1.526878290000000039e-09,6.242999999999999972e+01,6.307000000000000000e+07,6.970000000000000000e+07
6.553259496578998119e+07,-1.525958190000000180e-09,6.243500000000000227e+01,6.307000000000000000e+07,6.970000000000000000e+07
6.554713815230037272e+07,-1.525619620000000117e-09,6.243999999999999773e+01,6.307000000000000000e+07,6.970000000000000000e+07
6.554259413615709543e+07,-1.525725390000000209e-09,6.244500000000000028e+01,6.307000000000000000e+07,6.970000000000000000e+07
6.547684158102110773e+07,-1.527257539999999958e-09,6.245000000000000284e+01,6.307000000000000000e+07,6.970000000000000000e+07
6.538022573111356050e+07,-1.529514449999999997e-09,6.245499999999999829e+01,6.307000000000000000e+07,6.970000000000000000e+07
6.530407110150530934e+07,-1.531298100000000300e-09,6.246000000000000085e+01,6.307000000000000000e+07,6.970000000000000000e+07
6.524763798167575896e+07,-1.532622530000000132e-09,6.246500000000000341e+01,6.307000000000000000e+07,6.970000000000000000e+07
6.518148990650288016e+07,-1.534177880000000245e-09,6.246999999999999886e+01,6.307000000000000000e+07,6.970000000000000000e+07
6.511699802199956030e+07,-1.535697330000000081e-09,6.247500000000000142e+01,6.307000000000000000e+07,6.970000000000000000e+07
6.503741312960857898e+07,-1.537576530000000030e-09,6.248000000000000398e+01,6.307000000000000000e+07,6.970000000000000000e+07
6.491670278199232370e+07,-1.540435599999999949e-09,6.248499999999999943e+01,6.307000000000000000e+07,6.970000000000000000e+07
6.480748298824633658e+07,-1.543031690000000079e-09,6.249000000000000199e+01,6.307000000000000000e+07,6.970000000000000000e+07
6.473194366192515194e+07,-1.544832340000000011e-09,6.249500000000000455e+01,6.307000000000000000e+07,6.970000000000000000e+07
6.462055292744125426e+07,-1.547495270000000107e-09,6.250000000000000000e+01,6.307000000000000000e+07,6.970000000000000000e+07
6.451132772466689348e+07,-1.550115360000000029e-09,6.250500000000000256e+01,6.307000000000000000e+07,6.970000000000000000e+07
6.445462393508151174e+07,-1.551479070000000099e-09,6.250999999999999801e+01,6.307000000000000000e+07,6.970000000000000000e+07
6.438308450344225019e+07,-1.553202999999999894e-09,6.251500000000000057e+01,6.307000000000000000e+07,6.970000000000000000e+07
6.428178625533402711e+07,-1.555650610000000132e-09,6.252000000000000313e+01,6.307000000000000000e+07,6.970000000000000000e+07
6.422247281117530167e+07,-1.557087350000000031e-09,6.252499999999999858e+01,6.307000000000000000e+07,6.970000000000000000e+07
6.416941547052738070e+07,-1.558374799999999944e-09,6.253000000000000114e+01,6.307000000000000000e+07,6.970000000000000000e+07
6.407955748759408295e+07,-1.560560090000000231e-09,6.253500000000000369e+01,6.307000000000000000e+07,6.970000000000000000e+07
6.402042671586235613e+07,-1.562001460000000076e-09,6.253999999999999915e+01,6.307000000000000000e+07,6.970000000000000000e+07
6.400990566092083603e+07,-1.562258200000000192e-09,6.254500000000000171e+01,6.307000000000000000e+07,6.970000000000000000e+07
6.395880520807340741e+07,-1.563506380000000119e-09,6.255000000000000426e+01,6.307000000000000000e+07,6.970000000000000000e+07
6.389275585595316440e+07,-1.565122660000000133e-09,6.255499999999999972e+01,6.307000000000000000e+07,6.970000000000000000e+07
6.386964257047080994e+07,-1.565689050000000109e-09,6.256000000000000227e+01,6.307000000000000000e+07,6.970000000000000000e+07
6.382558846091569215e+07,-1.566769730000000202e-09,6.256500000000000483e+01,6.307000000000000000e+07,6.970000000000000000e+07
6.374971758875107765e+07,-1.568634400000000152e-09,6.257000000000000028e+01,6.307000000000000000e+07,6.970000000000000000e+07
6.371111525077621639e+07,-1.569584830000000084e-09,6.257500000000000284e+01,6.307000000000000000e+07,6.970000000000000000e+07
6.367440272455128282e+07,-1.570489800000000166e-09,6.257999999999999829e+01,6.307000000000000000e+07,6.970000000000000000e+07
6.359145269319277257e+07,-1.572538380000000052e-09,6.258500000000000085e+01,6.307000000000000000e+07,6.970000000000000000e+07
6.353604697611334920e+07,-1.573909690000000063e-09,6.259000000000000341e+01,6.307000000000000000e+07,6.970000000000000000e+07
6.351788926090469956e+07,-1.574359620000000096e-09,6.259499999999999886e+01,6.307000000000000000e+07,6.970000000000000000e+07
6.346058905451431870e+07,-1.575781150000000275e-09,6.260000000000000142e+01,6.307000000000000000e+07,6.970000000000000000e+07
6.339395380165616423e+07,-1.577437500000000117e-09,6.260500000000000398e+01,6.307000000000000000e+07,6.970000000000000000e+07
6.337454816799011081e+07,-1.577920520000000110e-09,6.260999999999999943e+01,6.307000000000000000e+07,6.970000000000000000e+07
6.334689132067327946e+07,-1.578609430000000140e-09,6.261500000000000199e+01,6.307000000000000000e+07,6.970000000000000000e+07
6.330404004294520617e+07,-1.579678010000000098e-09,6.262000000000000455e+01,6.307000000000000000e+07,6.970000000000000000e+07
6.330204361848837882e+07,-1.579727830000000139e-09,6.262500000000000000e+01,6.307000000000000000e+07,6.970000000000000000e+07
6.330431775708649307e+07,-1.579671080000000040e-09,6.263000000000000256e+01,6.307000000000000000e+07,6.970000000000000000e+07
6.326827696832133085e+07,-1.580570940000000106e-09,6.263499999999999801e+01,6.307000000000000000e+07,6.970000000000000000e+07
6.325530310954467207e+07,-1.580895120000000171e-09,6.264000000000000057e+01,6.307000000000000000e+07,6.970000000000000000e+07
6.326661902099766582e+07,-1.580612359999999950e-09,6.264500000000000313e+01,6.307000000000000000e+07,6.970000000000000000e+07
6.323736186778479069e+07,-1.581343640000000127e-09,6.264999999999999858e+01,6.307000000000000000e+07,6.970000000000000000e+07
6.318724541187459230e+07,-1.582597870000000122e-09,6.265500000000000114e+01,6.307000000000000000e+07,6.970000000000000000e+07
6.317621291253056377e+07,-1.582874240000000002e-09,6.266000000000000369e+01,6.307000000000000000e+07,6.970000000000000000e+07
6.314284586915303022e+07,-1.583710690000000079e-09,6.266499999999999915e+01,6.307000000000000000e+07,6.970000000000000000e+07
6.307894406806429476e+07,-1.585315060000000184e-09,6.267000000000000171e+01,6.307000000000000000e+07,6.970000000000000000e+07
6.306992308200311661e+07,-1.585541810000000088e-09,6.267500000000000426e+01,6.307000000000000000e+07,6.970000000000000000e+07
6.307370024372813106e+07,-1.585446860000000012e-09,6.267999999999999972e+01,6.307000000000000000e+07,6.970000000000000000e+07
6.302970598236810416e+07,-1.586553490000000106e-09,6.268500000000000227e+01,6.307000000000000000e+07,6.970000000000000000e+07
6.300880873227486759e+07,-1.587079680000000088e-09,6.269000000000000483e+01,6.307000000000000000e+07,6.970000000000000000e+07
6.301014112935798615e+07,-1.587046119999999895e-09,6.269500000000000028e+01,6.307000000000000000e+07,6.970000000000000000e+07
6.296799506194907427e+07,-1.588108370000000193e-09,6.270000000000000284e+01,6.307000000000000000e+07,6.970000000000000000e+07
6.291067063492078334e+07,-1.589555460000000082e-09,6.270499999999999829e+01,6.307000000000000000e+07,6.970000000000000000e+07
6.288783398879645765e+07,-1.590132680000000118e-09,6.271000000000000085e+01,6.307000000000000000e+07,6.970000000000000000e+07
6.284406102193517983e+07,-1.591240260000000101e-09,6.271500000000000341e+01,6.307000000000000000e+07,6.970000000000000000e+07
6.276595819465822726e+07,-1.593220319999999983e-09,6.271999999999999886e+01,6.307000000000000000e+07,6.970000000000000000e+07
6.272324378523987532e+07,-1.594305300000000206e-09,6.272500000000000142e+01,6.307000000000000000e+07,6.970000000000000000e+07
6.268804886638724804e+07,-1.595200390000000116e-09,6.273000000000000398e+01,6.307000000000000000e+07,6.970000000000000000e+07
6.262361353354904801e+07,-1.596841739999999933e-09,6.273499999999999943e+01,6.307000000000000000e+07,6.970000000000000000e+07
6.259187078313872218e+07,-1.597651560000000083e-09,6.274000000000000199e+01,6.307000000000000000e+07,6.970000000000000000e+07
6.259512424543768167e+07,-1.597568520000000123e-09,6.274500000000000455e+01,6.307000000000000000e+07,6.970000000000000000e+07
6.257014934975317866e+07,-1.598206189999999990e-09,6.275000000000000000e+01,6.307000000000000000e+07,6.970000000000000000e+07
6.254645677168252319e+07,-1.598811590000000035e-09,6.275500000000000256e+01,6.307000000000000000e+07,6.970000000000000000e+07
6.255645485463925451e+07,-1.598556060000000139e-09,6.275999999999999801e+01,6.307000000000000000e+07,6.970000000000000000e+07
6.255776818906208128e+07,-1.598522500000000153e-09,6.276500000000000057e+01,6.307000000000000000e+07,6.970000000000000000e+07
6.253175792573303729e+07,-1.599187410000000184e-09,6.277000000000000313e+01,6.307000000000000000e+07,6.970000000000000000e+07
6.253649356167099625e+07,-1.599066310000000044e-09,6.277499999999999858e+01,6.307000000000000000e+07,6.970000000000000000e+07
6.254153265918522328e+07,-1.598937470000000167e-09,6.278000000000000114e+01,6.307000000000000000e+07,6.970000000000000000e+07
6.250448704086343944e+07,-1.599885140000000212e-09,6.278500000000000369e+01,6.307000000000000000e+07,6.970000000000000000e+07
6.248683558591293544e+07,-1.600337080000000100e-09,6.278999999999999915e+01,6.307000000000000000e+07,6.970000000000000000e+07
6.250132698129846901e+07,-1.599966030000000107e-09,6.279500000000000171e+01,6.307000000000000000e+07,6.970000000000000000e+07
6.248111742530010641e+07,-1.600483540000000093e-09,6.280000000000000426e+01,6.307000000000000000e+07,6.970000000000000000e+07
6.247075782870262116e+07,-1.600748950000000160e-09,6.280499999999999972e+01,6.307000000000000000e+07,6.970000000000000000e+07
6.251149703639556468e+07,-1.599705730000000056e-09,6.281000000000000227e+01,6.307000000000000000e+07,6.970000000000000000e+07
6.253002261792207509e+07,-1.599231789999999979e-09,6.281500000000000483e+01,6.307000000000000000e+07,6.970000000000000000e+07
6.252541384524122626e+07,-1.599349670000000250e-09,6.282000000000000028e+01,6.307000000000000000e+07,6.970000000000000000e+07
6.256331329100908339e+07,-1.598380820000000154e-09,6.282500000000000284e+01,6.307000000000000000e+07,6.970000000000000000e+07
6.260000428935229033e+07,-1.597443980000000170e-09,6.282999999999999829e+01,6.307000000000000000e+07,6.970000000000000000e+07
6.258490855427991599e+07,-1.597829289999999994e-09,6.283500000000000085e+01,6.307000000000000000e+07,6.970000000000000000e+07
6.258971335682570934e+07,-1.597706630000000143e-09,6.284000000000000341e+01,6.307000000000000000e+07,6.970000000000000000e+07
6.262308606705908477e+07,-1.596855190000000292e-09,6.284499999999999886e+01,6.307000000000000000e+07,6.970000000000000000e+07
6.261226810129906237e+07,-1.597131090000000146e-09,6.285000000000000142e+01,6.307000000000000000e+07,6.970000000000000000e+07
6.258331012014055997e+07,-1.597870100000000016e-09,6.285500000000000398e+01,6.307000000000000000e+07,6.970000000000000000e+07
6.258968946025430411e+07,-1.597707240000000172e-09,6.285999999999999943e+01,6.307000000000000000e+07,6.970000000000000000e+07
6.257138417256211489e+07,-1.598174650000000111e-09,6.286500000000000199e+01,6.307000000000000000e+07,6.970000000000000000e+07
6.253101381957916915e+07,-1.599206439999999963e-09,6.287000000000000455e+01,6.307000000000000000e+07,6.970000000000000000e+07
6.252428873228847235e+07,-1.599378450000000036e-09,6.287500000000000000e+01,6.307000000000000000e+07,6.970000000000000000e+07
6.252722239865667373e+07,-1.599303410000000145e-09,6.288000000000000256e+01,6.307000000000000000e+07,6.970000000000000000e+07
6.249662791631999612e+07,-1.600086329999999991e-09,6.288499999999999801e+01,6.307000000000000000e+07,6.970000000000000000e+07
6.249540658761581033e+07,-1.600117600000000116e-09,6.289000000000000057e+01,6.307000000000000000e+07,6.970000000000000000e+07
6.251358889138526469e+07,-1.599652200000000032e-09,6.289500000000000313e+01,6.307000000000000000e+07,6.970000000000000000e+07
6.248067121385579556e+07,-1.600494970000000139e-09,6.289999999999999858e+01,6.307000000000000000e+07,6.970000000000000000e+07
6.243899437079373002e+07,-1.601563270000000090e-09,6.290500000000000114e+01,6.307000000000000000e+07,6.970000000000000000e+07
6.245493486106430739e+07,-1.601154500000000191e-09,6.291000000000000369e+01,6.307000000000000000e+07,6.970000000000000000e+07
6.245567715766111761e+07,-1.601135470000000205e-09,6.291499999999999915e+01,6.307000000000000000e+07,6.970000000000000000e+07
6.243095760398574919e+07,-1.601769440000000133e-09,6.292000000000000171e+01,6.307000000000000000e+07,6.970000000000000000e+07
6.245024822912017256e+07,-1.601274660000000072e-09,6.292500000000000426e+01,6.307000000000000000e+07,6.970000000000000000e+07
6.246102861234162003e+07,-1.600998289999999985e-09,6.292999999999999972e+01,6.307000000000000000e+07,6.970000000000000000e+07
6.242724377856799215e+07,-1.601864730000000069e-09,6.293500000000000227e+01,6.307000000000000000e+07,6.970000000000000000e+07
6.241599820901037008e+07,-1.602153340000000294e-09,6.294000000000000483e+01,6.307000000000000000e+07,6.970000000000000000e+07
6.243425477864762396e+07,-1.601684850000000093e-09,6.294500000000000028e+01,6.307000000000000000e+07,6.970000000000000000e+07
6.240579883669225127e+07,-1.602415190000000219e-09,6.295000000000000284e+01,6.307000000000000000e+07,6.970000000000000000e+07
6.237003332455828786e+07,-1.603334080000000064e-09,6.295499999999999829e+01,6.307000000000000000e+07,6.970000000000000000e+07
6.237250553092870116e+07,-1.603270530000000279e-09,6.296000000000000085e+01,6.307000000000000000e+07,6.970000000000000000e+07
6.234776779342009872e+07,-1.603906660000000110e-09,6.296500000000000341e+01,6.307000000000000000e+07,6.970000000000000000e+07
6.229580952099375427e+07,-1.605244410000000135e-09,6.296999999999999886e+01,6.307000000000000000e+07,6.970000000000000000e+07
6.228013012112849951e+07,-1.605648540000000044e-09,6.297500000000000142e+01,6.307000000000000000e+07,6.970000000000000000e+07
6.226859588724891096e+07,-1.605945960000000017e-09,6.298000000000000398e+01,6.307000000000000000e+07,6.970000000000000000e+07
6.223230501730472594e+07,-1.606882469999999978e-09,6.298499999999999943e+01,6.307000000000000000e+07,6.970000000000000000e+07
6.222392566441120952e+07,-1.607098860000000053e-09,6.299000000000000199e+01,6.307000000000000000e+07,6.970000000000000000e+07
6.223753497936178744e+07,-1.606747440000000031e-09,6.299500000000000455e+01,6.307000000000000000e+07,6.970000000000000000e+07
6.221542354194795340e+07,-1.607318480000000041e-09,6.300000000000000000e+01,6.307000000000000000e+07,6.970000000000000000e+07
6.219040218508216739e+07,-1.607965160000000133e-09,6.300500000000000256e+01,6.307000000000000000e+07,6.970000000000000000e+07
6.220940122406203300e+07,-1.607474080000000217e-09,6.300999999999999801e+01,6.307000000000000000e+07,6.970000000000000000e+07
6.221023909242527932e+07,-1.607452429999999933e-09,6.301500000000000057e+01,6.307000000000000000e+07,6.970000000000000000e+07
6.219807770247864723e+07,-1.607766730000000034e-09,6.302000000000000313e+01,6.307000000000000000e+07,6.970000000000000000e+07
6.223568310897110403e+07,-1.606795250000000010e-09,6.302499999999999858e+01,6.307000000000000000e+07,6.970000000000000000e+07
6.228412594440718740e+07,-1.605545530000000253e-09,6.303000000000000114e+01,6.307000000000000000e+07,6.970000000000000000e+07
6.229654299475965649e+07,-1.605225510000000107e-09,6.303500000000000369e+01,6.307000000000000000e+07,6.970000000000000000e+07
6.234256126470514387e+07,-1.604040610000000003e-09,6.303999999999999915e+01,6.307000000000000000e+07,6.970000000000000000e+07
6.241822237584040314e+07,-1.602096250000000127e-09,6.304500000000000171e+01,6.307000000000000000e+07,6.970000000000000000e+07
6.245468834292359650e+07,-1.601160820000000221e-09,6.305000000000000426e+01,6.307000000000000000e+07,6.970000000000000000e+07
6.247186267305205017e+07,-1.600720640000000194e-09,6.305499999999999972e+01,6.307000000000000000e+07,6.970000000000000000e+07
6.251743376787409931e+07,-1.599553819999999980e-09,6.306000000000000227e+01,6.307000000000000000e+07,6.970000000000000000e+07
6.253149750611568987e+07,-1.599194070000000073e-09,6.306500000000000483e+01,6.307000000000000000e+07,6.970000000000000000e+07
6.253054812683959305e+07,-1.599218350000000079e-09,6.307000000000000028e+01,6.307000000000000000e+07,6.970000000000000000e+07
6.257731348859874159e+07,-1.598023220000000105e-09,6.307500000000000284e+01,6.307000000000000000e+07,6.970000000000000000e+07
6.261819183709250391e+07,-1.596980000000000207e-09,6.307999999999999829e+01,6.307000000000000000e+07,6.970000000000000000e+07
6.261768289050337672e+07,-1.596992980000000126e-09,6.308500000000000085e+01,6.307000000000000000e+07,6.970000000000000000e+07
6.263628206513350457e+07,-1.596518770000000088e-09,6.309000000000000341e+01,6.307000000000000000e+07,6.970000000000000000e+07
6.267263883434106410e+07,-1.595592619999999954e-09,6.309499999999999886e+01,6.307000000000000000e+07,6.970000000000000000e+07
6.267069499688749015e+07,-1.595642110000000179e-09,6.310000000000000142e+01,6.307000000000000000e+07,6.970000000000000000e+07
6.268962946836868674e+07,-1.595160170000000034e-09,6.310500000000000398e+01,6.307000000000000000e+07,6.970000000000000000e+07
6.275436501321151853e+07,-1.593514650000000046e-09,6.310999999999999943e+01,6.307000000000000000e+07,6.970000000000000000e+07
6.279038985548414290e+07,-1.592600400000000191e-09,6.311500000000000199e+01,6.307000000000000000e+07,6.970000000000000000e+07
6.280386314601106197e+07,-1.592258740000000012e-09,6.312000000000000455e+01,6.307000000000000000e+07,6.970000000000000000e+07
6.284360961150024086e+07,-1.591251690000000146e-09,6.312500000000000000e+01,6.307000000000000000e+07,6.970000000000000000e+07
6.286766068862482160e+07,-1.590642930000000024e-09,6.313000000000000256e+01,6.307000000000000000e+07,6.970000000000000000e+07
6.285772251310051978e+07,-1.590894420000000120e-09,6.313499999999999801e+01,6.307000000000000000e+07,6.970000000000000000e+07
6.288982849786543846e+07,-1.590082250000000049e-09,6.314000000000000057e+01,6.307000000000000000e+07,6.970000000000000000e+07
6.295685467906582355e+07,-1.588389389999999901e-09,6.314500000000000313e+01,6.307000000000000000e+07,6.970000000000000000e+07
6.299561564374154806e+07,-1.587412060000000079e-09,6.314999999999999858e+01,6.307000000000000000e+07,6.970000000000000000e+07
6.303869639203442633e+07,-1.586327220000000066e-09,6.315500000000000114e+01,6.307000000000000000e+07,6.970000000000000000e+07
6.312253814210928231e+07,-1.584220200000000203e-09,6.316000000000000369e+01,6.307000000000000000e+07,6.970000000000000000e+07
6.317103351386308670e+07,-1.583004020000000137e-09,6.316499999999999915e+01,6.307000000000000000e+07,6.970000000000000000e+07
6.317105226959219575e+07,-1.583003550000000111e-09,6.317000000000000171e+01,6.307000000000000000e+07,6.970000000000000000e+07
6.319664106313736737e+07,-1.582362580000000226e-09,6.317500000000000426e+01,6.307000000000000000e+07,6.970000000000000000e+07
6.322801087377627194e+07,-1.581577510000000108e-09,6.317999999999999972e+01,6.307000000000000000e+07,6.970000000000000000e+07
6.322487636881224811e+07,-1.581655920000000122e-09,6.318500000000000227e+01,6.307000000000000000e+07,6.970000000000000000e+07
6.325010553438233584e+07,-1.581025030000000058e-09,6.319000000000000483e+01,6.307000000000000000e+07,6.970000000000000000e+07
6.328899382372835279e+07,-1.580053560000000078e-09,6.319500000000000028e+01,6.307000000000000000e+07,6.970000000000000000e+07
6.327444439849313349e+07,-1.580416880000000172e-09,6.320000000000000284e+01,6.307000000000000000e+07,6.970000000000000000e+07
6.325466011787797511e+07,-1.580911190000000000e-09,6.320499999999999829e+01,6.307000000000000000e+07,6.970000000000000000e+07
6.328046486740730703e+07,-1.580266519999999969e-09,6.321000000000000085e+01,6.307000000000000000e+07,6.970000000000000000e+07
6.328912320153751224e+07,-1.580050329999999958e-09,6.321500000000000341e+01,6.307000000000000000e+07,6.970000000000000000e+07
6.327584971271941066e+07,-1.580381780000000150e-09,6.321999999999999886e+01,6.307000000000000000e+07,6.970000000000000000e+07
6.331377792331504822e+07,-1.579435050000000156e-09,6.322500000000000142e+01,6.307000000000000000e+07,6.970000000000000000e+07
6.335038026604233682e+07,-1.578522489999999971e-09,6.323000000000000398e+01,6.307000000000000000e+07,6.970000000000000000e+07
6.334488657493114471e+07,-1.578659390000000184e-09,6.323499999999999943e+01,6.307000000000000000e+07,6.970000000000000000e+07
6.337380274528722465e+07,-1.577939080000000071e-09,6.324000000000000199e+01,6.307000000000000000e+07,6.970000000000000000e+07
6.342858215343853831e+07,-1.576576310000000260e-09,6.324500000000000455e+01,6.307000000000000000e+07,6.970000000000000000e+07
6.343845256206689030e+07,-1.576331010000000233e-09,6.325000000000000000e+01,6.307000000000000000e+07,6.970000000000000000e+07
6.344979625921447575e+07,-1.576049190000000064e-09,6.325500000000000256e+01,6.307000000000000000e+07,6.970000000000000000e+07
6.350169438078522682e+07,-1.574761130000000121e-09,6.325999999999999801e+01,6.307000000000000000e+07,6.970000000000000000e+07
6.351755843180280924e+07,-1.574367820000000022e-09,6.326500000000000057e+01,6.307000000000000000e+07,6.970000000000000000e+07
6.350952921745094657e+07,-1.574566860000000149e-09,6.327000000000000313e+01,6.307000000000000000e+07,6.970000000000000000e+07
6.354128640516194701e+07,-1.573779910000000135e-09,6.327499999999999858e+01,6.307000000000000000e+07,6.970000000000000000e+07
6.356514363141715527e+07,-1.573189240000000154e-09,6.328000000000000114e+01,6.307000000000000000e+07,6.970000000000000000e+07
6.356466281228348613e+07,-1.573201140000000225e-09,6.328500000000000369e+01,6.307000000000000000e+07,6.970000000000000000e+07
6.359035116130798310e+07,-1.572565620000000009e-09,6.328999999999999915e+01,6.307000000000000000e+07,6.970000000000000000e+07
6.363992510013567656e+07,-1.571340629999999988e-09,6.329500000000000171e+01,6.307000000000000000e+07,6.970000000000000000e+07
6.363142641614125669e+07,-1.571550500000000176e-09,6.330000000000000426e+01,6.307000000000000000e+07,6.970000000000000000e+07
6.362300367317868024e+07,-1.571758550000000115e-09,6.330499999999999972e+01,6.307000000000000000e+07,6.970000000000000000e+07
6.364982331731969863e+07,-1.571096270000000013e-09,6.331000000000000227e+01,6.307000000000000000e+07,6.970000000000000000e+07
6.364566371432465315e+07,-1.571198950000000195e-09,6.331500000000000483e+01,6.307000000000000000e+07,6.970000000000000000e+07
6.361620475990056992e+07,-1.571926530000000227e-09,6.332000000000000028e+01,6.307000000000000000e+07,6.970000000000000000e+07
6.362022977743836492e+07,-1.571827080000000165e-09,6.332500000000000284e+01,6.307000000000000000e+07,6.970000000000000000e+07
6.360709217296729237e+07,-1.572151730000000256e-09,6.332999999999999829e+01,6.307000000000000000e+07,6.970000000000000000e+07
6.356533111244541407e+07,-1.573184600000000163e-09,6.333500000000000085e+01,6.307000000000000000e+07,6.970000000000000000e+07
6.355198514571488649e+07,-1.573514970000000093e-09,6.334000000000000341e+01,6.307000000000000000e+07,6.970000000000000000e+07
6.354919361189016700e+07,-1.573584090000000082e-09,6.334499999999999886e+01,6.307000000000000000e+07,6.970000000000000000e+07
6.352252607234441489e+07,-1.574244699999999983e-09,6.335000000000000142e+01,6.307000000000000000e+07,6.970000000000000000e+07
6.351428421643741429e+07,-1.574448980000000292e-09,6.335500000000000398e+01,6.307000000000000000e+07,6.970000000000000000e+07
6.353240717569059879e+07,-1.573999860000000145e-09,6.335999999999999943e+01,6.307000000000000000e+07,6.970000000000000000e+07
6.350753312068682164e+07,-1.574616350000000167e-09,6.336500000000000199e+01,6.307000000000000000e+07,6.970000000000000000e+07
6.346102480556286871e+07,-1.575770330000000259e-09,6.337000000000000455e+01,6.307000000000000000e+07,6.970000000000000000e+07
6.345787279310969263e+07,-1.575848600000000062e-09,6.337500000000000000e+01,6.307000000000000000e+07,6.970000000000000000e+07
6.344720571336504072e+07,-1.576113540000000104e-09,6.338000000000000256e+01,6.307000000000000000e+07,6.970000000000000000e+07
6.340047496465820074e+07,-1.577275250000000095e-09,6.338499999999999801e+01,6.307000000000000000e+07,6.970000000000000000e+07
6.338486138028725237e+07,-1.577663779999999994e-09,6.339000000000000057e+01,6.307000000000000000e+07,6.970000000000000000e+07
6.337343566318038106e+07,-1.577948220000000048e-09,6.339500000000000313e+01,6.307000000000000000e+07,6.970000000000000000e+07
6.332773866537018120e+07,-1.579086860000000253e-09,6.339999999999999858e+01,6.307000000000000000e+07,6.970000000000000000e+07
6.331208512223739922e+07,-1.579477280000000093e-09,6.340500000000000114e+01,6.307000000000000000e+07,6.970000000000000000e+07
6.338560706316468865e+07,-1.577645220000000033e-09,6.341000000000000369e+01,6.307000000000000000e+07,6.970000000000000000e+07
6.347273151155168563e+07,-1.575479700000000134e-09,6.341499999999999915e+01,6.307000000000000000e+07,6.970000000000000000e+07
6.358168379291245341e+07,-1.572779989999999977e-09,6.342000000000000171e+01,6.307000000000000000e+07,6.970000000000000000e+07
6.375107581534215063e+07,-1.568600980000000169e-09,6.342500000000000426e+01,6.307000000000000000e+07,6.970000000000000000e+07
6.393780703014858812e+07,-1.564019859999999937e-09,6.342999999999999972e+01,6.307000000000000000e+07,6.970000000000000000e+07
6.410460271111570299e+07,-1.559950390000000057e-09,6.343500000000000227e+01,6.307000000000000000e+07,6.970000000000000000e+07
6.431165903301207721e+07,-1.554928010000000158e-09,6.344000000000000483e+01,6.307000000000000000e+07,6.970000000000000000e+07
6.454392122832658887e+07,-1.549332579999999979e-09,6.344500000000000028e+01,6.307000000000000000e+07,6.970000000000000000e+07
6.473187871351009607e+07,-1.544833890000000092e-09,6.345000000000000284e+01,6.307000000000000000e+07,6.970000000000000000e+07
6.492580331138217449e+07,-1.540219680000000107e-09,6.345499999999999829e+01,6.307000000000000000e+07,6.970000000000000000e+07
6.515272156274275482e+07,-1.534855300000000168e-09,6.346000000000000085e+01,6.307000000000000000e+07,6.970000000000000000e+07
6.535849375651877373e+07,-1.530023020000000069e-09,6.346500000000000341e+01,6.307000000000000000e+07,6.970000000000000000e+07
6.555409007930425555e+07,-1.525457830000000077e-09,6.346999999999999886e+01,6.307000000000000000e+07,6.970000000000000000e+07
6.578552265765564144e+07,-1.520091290000000236e-09,6.347500000000000142e+01,6.307000000000000000e+07,6.970000000000000000e+07
6.599659792817407846e+07,-1.515229620000000115e-09,6.348000000000000398e+01,6.307000000000000000e+07,6.970000000000000000e+07
6.616377390597224236e+07,-1.511401090000000071e-09,6.348499999999999943e+01,6.307000000000000000e+07,6.970000000000000000e+07
6.635330962312826514e+07,-1.507083830000000033e-09,6.349000000000000199e+01,6.307000000000000000e+07,6.970000000000000000e+07
6.655518850073296577e+07,-1.502512460000000014e-09,6.349500000000000455e+01,6.307000000000000000e+07,6.970000000000000000e+07
6.671042692778657377e+07,-1.499016040000000206e-09,6.350000000000000000e+01,6.307000000000000000e+07,6.970000000000000000e+07
6.687309320569774508e+07,-1.495369740000000059e-09,6.350500000000000256e+01,6.307000000000000000e+07,6.970000000000000000e+07
6.707961368769981712e+07,-1.490765890000000109e-09,6.350999999999999801e+01,6.307000000000000000e+07,6.970000000000000000e+07
6.724315116737808287e+07,-1.487140300000000194e-09,6.351500000000000057e+01,6.307000000000000000e+07,6.970000000000000000e+07
6.736941772288888693e+07,-1.484353040000000046e-09,6.352000000000000313e+01,6.307000000000000000e+07,6.970000000000000000e+07
6.753070538448718190e+07,-1.480807870000000208e-09,6.352499999999999858e+01,6.307000000000000000e+07,6.970000000000000000e+07
6.767041333609528840e+07,-1.477750689999999961e-09,6.353000000000000114e+01,6.307000000000000000e+07,6.970000000000000000e+07
6.776291798725864291e+07,-1.475733380000000199e-09,6.353500000000000369e+01,6.307000000000000000e+07,6.970000000000000000e+07
6.787498944628758729e+07,-1.473296729999999981e-09,6.353999999999999915e+01,6.307000000000000000e+07,6.970000000000000000e+07
6.800442940050457418e+07,-1.470492450000000115e-09,6.354500000000000171e+01,6.307000000000000000e+07,6.970000000000000000e+07
6.809573001230639219e+07,-1.468520860000000121e-09,6.355000000000000426e+01,6.307000000000000000e+07,6.970000000000000000e+07
6.820131399243187904e+07,-1.466247410000000020e-09,6.355499999999999972e+01,6.307000000000000000e+07,6.970000000000000000e+07
6.834838646170744300e+07,-1.463092330000000206e-09,6.356000000000000227e+01,6.307000000000000000e+07,6.970000000000000000e+07
6.846231028982567787e+07,-1.460657690000000049e-09,6.356500000000000483e+01,6.307000000000000000e+07,6.970000000000000000e+07
6.857506453890767694e+07,-1.458256010000000101e-09,6.357000000000000028e+01,6.307000000000000000e+07,6.970000000000000000e+07
6.875195612206159532e+07,-1.454504070000000028e-09,6.357500000000000284e+01,6.307000000000000000e+07,6.970000000000000000e+07
6.890765761978949606e+07,-1.451217519999999995e-09,6.357999999999999829e+01,6.307000000000000000e+07,6.970000000000000000e+07
6.901740643146294355e+07,-1.448909850000000070e-09,6.358500000000000085e+01,6.307000000000000000e+07,6.970000000000000000e+07
6.916857088318713009e+07,-1.445743330000000166e-09,6.359000000000000341e+01,6.307000000000000000e+07,6.970000000000000000e+07
6.932108997182187438e+07,-1.442562430000000103e-09,6.359499999999999886e+01,6.307000000000000000e+07,6.970000000000000000e+07
6.943311431027734280e+07,-1.440234980000000160e-09,6.360000000000000142e+01,6.307000000000000000e+07,6.970000000000000000e+07
6.956706751234155893e+07,-1.437461770000000148e-09,6.360500000000000398e+01,6.307000000000000000e+07,6.970000000000000000e+07
6.973829401066400111e+07,-1.433932410000000013e-09,6.360999999999999943e+01,6.307000000000000000e+07,6.970000000000000000e+07
6.986595350482276082e+07,-1.431312320000000091e-09,6.361500000000000199e+01,6.307000000000000000e+07,6.970000000000000000e+07
6.996688033758965135e+07,-1.429247659999999918e-09,6.362000000000000455e+01,6.307000000000000000e+07,6.970000000000000000e+07
7.011082495222105086e+07,-1.426313270000000101e-09,6.362500000000000000e+01,6.307000000000000000e+07,6.970000000000000000e+07
7.023190850091443956e+07,-1.423854230000000231e-09,6.363000000000000256e+01,6.307000000000000000e+07,6.970000000000000000e+07
7.029884933648325503e+07,-1.422498390000000065e-09,6.363499999999999801e+01,6.307000000000000000e+07,6.970000000000000000e+07
7.039658613726630807e+07,-1.420523430000000154e-09,6.364000000000000057e+01,6.307000000000000000e+07,6.970000000000000000e+07
7.049046766921922565e+07,-1.418631530000000086e-09,6.364500000000000313e+01,6.307000000000000000e+07,6.970000000000000000e+07
7.052354529055577517e+07,-1.417966150000000029e-09,6.364999999999999858e+01,6.307000000000000000e+07,6.970000000000000000e+07
7.057623285086643696e+07,-1.416907590000000246e-09,6.365500000000000114e+01,6.307000000000000000e+07,6.970000000000000000e+07
7.067867572757865489e+07,-1.414853900000000137e-09,6.366000000000000369e+01,6.307000000000000000e+07,6.970000000000000000e+07
7.074766957883882523e+07,-1.413474120000000238e-09,6.366499999999999915e+01,6.307000000000000000e+07,6.970000000000000000e+07
7.080273843751454353e+07,-1.412374750000000019e-09,6.367000000000000171e+01,6.307000000000000000e+07,6.970000000000000000e+07
7.092587768450811505e+07,-1.409922630000000163e-09,6.367500000000000426e+01,6.307000000000000000e+07,6.970000000000000000e+07
7.103945383503933251e+07,-1.407668480000000218e-09,6.367999999999999972e+01,6.307000000000000000e+07,6.970000000000000000e+07
7.105017191548272967e+07,-1.407456129999999942e-09,6.368500000000000227e+01,6.307000000000000000e+07,6.970000000000000000e+07
7.102134013717772067e+07,-1.408027499999999975e-09,6.369000000000000483e+01,6.307000000000000000e+07,6.970000000000000000e+07
7.096371952872881293e+07,-1.409170779999999964e-09,6.369500000000000028e+01,6.307000000000000000e+07,6.970000000000000000e+07
7.081973868777015805e+07,-1.412035710000000138e-09,6.370000000000000284e+01,6.307000000000000000e+07,6.970000000000000000e+07
7.065963461040894687e+07,-1.415235170000000162e-09,6.370499999999999829e+01,6.307000000000000000e+07,6.970000000000000000e+07
7.052665241689759493e+07,-1.417903680000000092e-09,6.371000000000000085e+01,6.307000000000000000e+07,6.970000000000000000e+07
7.034745763021869957e+07,-1.421515480000000202e-09,6.371500000000000341e+01,6.307000000000000000e+07,6.970000000000000000e+07
7.016724404718993604e+07,-1.425166420000000132e-09,6.371999999999999886e+01,6.307000000000000000e+07,6.970000000000000000e+07
7.004985714522483945e+07,-1.427554659999999973e-09,6.372500000000000142e+01,6.307000000000000000e+07,6.970000000000000000e+07
6.991595326350644231e+07,-1.430288730000000164e-09,6.373000000000000398e+01,6.307000000000000000e+07,6.970000000000000000e+07
6.974443949553400278e+07,-1.433806060000000062e-09,6.373499999999999943e+01,6.307000000000000000e+07,6.970000000000000000e+07
6.962797653768356144e+07,-1.436204310000000033e-09,6.374000000000000199e+01,6.307000000000000000e+07,6.970000000000000000e+07
6.954258400144343078e+07,-1.437967850000000089e-09,6.374500000000000455e+01,6.307000000000000000e+07,6.970000000000000000e+07
6.942170835286368430e+07,-1.440471610000000027e-09,6.375000000000000000e+01,6.307000000000000000e+07,6.970000000000000000e+07
6.930853858254210651e+07,-1.442823669999999999e-09,6.375500000000000256e+01,6.307000000000000000e+07,6.970000000000000000e+07
6.922675993634183705e+07,-1.444528100000000195e-09,6.375999999999999801e+01,6.307000000000000000e+07,6.970000000000000000e+07
6.910113465168716013e+07,-1.447154239999999978e-09,6.376500000000000057e+01,6.307000000000000000e+07,6.970000000000000000e+07
6.896158357753261924e+07,-1.450082710000000100e-09,6.377000000000000313e+01,6.307000000000000000e+07,6.970000000000000000e+07
6.887301887708203495e+07,-1.451947390000000094e-09,6.377499999999999858e+01,6.307000000000000000e+07,6.970000000000000000e+07
6.877724735312655568e+07,-1.453969210000000095e-09,6.378000000000000114e+01,6.307000000000000000e+07,6.970000000000000000e+07
6.864502592410293221e+07,-1.456769790000000228e-09,6.378500000000000369e+01,6.307000000000000000e+07,6.970000000000000000e+07
6.855357784653291106e+07,-1.458713070000000049e-09,6.378999999999999915e+01,6.307000000000000000e+07,6.970000000000000000e+07
6.846863938099639118e+07,-1.460522670000000146e-09,6.379500000000000171e+01,6.307000000000000000e+07,6.970000000000000000e+07
6.833409045227751136e+07,-1.463398420000000130e-09,6.380000000000000426e+01,6.307000000000000000e+07,6.970000000000000000e+07
6.821728186603190005e+07,-1.465904200000000175e-09,6.380499999999999972e+01,6.307000000000000000e+07,6.970000000000000000e+07
6.812870133015021682e+07,-1.467810160000000011e-09,6.381000000000000227e+01,6.307000000000000000e+07,6.970000000000000000e+07
6.798771834502202272e+07,-1.470853890000000105e-09,6.381500000000000483e+01,6.307000000000000000e+07,6.970000000000000000e+07
6.783953074582508206e+07,-1.474066800000000074e-09,6.382000000000000028e+01,6.307000000000000000e+07,6.970000000000000000e+07
6.775238784144374728e+07,-1.475962739999999941e-09,6.382500000000000284e+01,6.307000000000000000e+07,6.970000000000000000e+07
6.765076383699464798e+07,-1.478179909999999968e-09,6.382999999999999829e+01,6.307000000000000000e+07,6.970000000000000000e+07
6.752417416078086197e+07,-1.480951100000000081e-09,6.383500000000000085e+01,6.307000000000000000e+07,6.970000000000000000e+07
6.744877978446215391e+07,-1.482606510000000285e-09,6.384000000000000341e+01,6.307000000000000000e+07,6.970000000000000000e+07
6.738698638018032908e+07,-1.483966050000000183e-09,6.384499999999999886e+01,6.307000000000000000e+07,6.970000000000000000e+07
6.728506078340627253e+07,-1.486214010000000264e-09,6.385000000000000142e+01,6.307000000000000000e+07,6.970000000000000000e+07
6.720278810927307606e+07,-1.488033500000000164e-09,6.385500000000000398e+01,6.307000000000000000e+07,6.970000000000000000e+07
6.716496984668977559e+07,-1.488871360000000111e-09,6.385999999999999943e+01,6.307000000000000000e+07,6.970000000000000000e+07
6.707471524972359091e+07,-1.490874760000000154e-09,6.386500000000000199e+01,6.307000000000000000e+07,6.970000000000000000e+07
6.698212075053117424e+07,-1.492935710000000138e-09,6.387000000000000455e+01,6.307000000000000000e+07,6.970000000000000000e+07
6.693479988907833397e+07,-1.493991169999999967e-09,6.387500000000000000e+01,6.307000000000000000e+07,6.970000000000000000e+07
6.688220303770137578e+07,-1.495166060000000148e-09,6.388000000000000256e+01,6.307000000000000000e+07,6.970000000000000000e+07
6.681043782944352180e+07,-1.496772110000000085e-09,6.388499999999999801e+01,6.307000000000000000e+07,6.970000000000000000e+07
6.677645963123955578e+07,-1.497533720000000129e-09,6.389000000000000057e+01,6.307000000000000000e+07,6.970000000000000000e+07
6.674301355491870642e+07,-1.498284160000000251e-09,6.389500000000000313e+01,6.307000000000000000e+07,6.970000000000000000e+07
6.665847789485219866e+07,-1.500184270000000290e-09,6.389999999999999858e+01,6.307000000000000000e+07,6.970000000000000000e+07
6.658235609244105220e+07,-1.501899390000000130e-09,6.390500000000000114e+01,6.307000000000000000e+07,6.970000000000000000e+07
6.653755099254930764e+07,-1.502910739999999919e-09,6.391000000000000369e+01,6.307000000000000000e+07,6.970000000000000000e+07
6.645755840220451355e+07,-1.504719740000000238e-09,6.391499999999999915e+01,6.307000000000000000e+07,6.970000000000000000e+07
6.637419409034309536e+07,-1.506609630000000038e-09,6.392000000000000171e+01,6.307000000000000000e+07,6.970000000000000000e+07
6.634483142780141532e+07,-1.507276419999999965e-09,6.392500000000000426e+01,6.307000000000000000e+07,6.970000000000000000e+07
6.629727152916049212e+07,-1.508357700000000043e-09,6.392999999999999972e+01,6.307000000000000000e+07,6.970000000000000000e+07
6.621794386026827246e+07,-1.510164680000000049e-09,6.393500000000000227e+01,6.307000000000000000e+07,6.970000000000000000e+07
6.617116025531426817e+07,-1.511232380000000223e-09,6.394000000000000483e+01,6.307000000000000000e+07,6.970000000000000000e+07
6.612113818335320801e+07,-1.512375660000000005e-09,6.394500000000000028e+01,6.307000000000000000e+07,6.970000000000000000e+07
6.602383266249047965e+07,-1.514604590000000100e-09,6.395000000000000284e+01,6.307000000000000000e+07,6.970000000000000000e+07
6.595222033359978348e+07,-1.516249180000000081e-09,6.395499999999999829e+01,6.307000000000000000e+07,6.970000000000000000e+07
6.592936147565048933e+07,-1.516774889999999993e-09,6.396000000000000085e+01,6.307000000000000000e+07,6.970000000000000000e+07
6.588338741887275875e+07,-1.517833310000000186e-09,6.396500000000000341e+01,6.307000000000000000e+07,6.970000000000000000e+07
6.583436189100014418e+07,-1.518963610000000050e-09,6.396999999999999886e+01,6.307000000000000000e+07,6.970000000000000000e+07
6.582955608826294541e+07,-1.519074500000000202e-09,6.397500000000000142e+01,6.307000000000000000e+07,6.970000000000000000e+07
6.579458012277439982e+07,-1.519882030000000076e-09,6.398000000000000398e+01,6.307000000000000000e+07,6.970000000000000000e+07
6.572369075565464050e+07,-1.521521370000000245e-09,6.398499999999999943e+01,6.307000000000000000e+07,6.970000000000000000e+07
6.569725721046449989e+07,-1.522133560000000137e-09,6.399000000000000199e+01,6.307000000000000000e+07,6.970000000000000000e+07
6.569421275372993946e+07,-1.522204100000000042e-09,6.399500000000000455e+01,6.307000000000000000e+07,6.970000000000000000e+07
6.565989647036428005e+07,-1.522999660000000154e-09,6.400000000000000000e+01,6.307000000000000000e+07,6.970000000000000000e+07
6.564897494410367310e+07,-1.523253030000000147e-09,6.400499999999999545e+01,6.307000000000000000e+07,6.970000000000000000e+07
6.566048193953289837e+07,-1.522986080000000043e-09,6.400999999999999091e+01,6.307000000000000000e+07,6.970000000000000000e+07
6.561487638324607909e+07,-1.524044629999999989e-09,6.401500000000000057e+01,6.307000000000000000e+07,6.970000000000000000e+07
6.553571680181770027e+07,-1.525885500000000004e-09,6.402000000000001023e+01,6.307000000000000000e+07,6.970000000000000000e+07
6.549673945441583544e+07,-1.526793559999999995e-09,6.402500000000000568e+01,6.307000000000000000e+07,6.970000000000000000e+07
6.544817480060836673e+07,-1.527926490000000201e-09,6.403000000000000114e+01,6.307000000000000000e+07,6.970000000000000000e+07
6.536639699040558189e+07,-1.529838030000000078e-09,6.403499999999999659e+01,6.307000000000000000e+07,6.970000000000000000e+07
6.531497628057244420e+07,-1.531042430000000194e-09,6.403999999999999204e+01,6.307000000000000000e+07,6.970000000000000000e+07
6.526569842044348270e+07,-1.532198420000000140e-09,6.404500000000000171e+01,6.307000000000000000e+07,6.970000000000000000e+07
6.515837368243903667e+07,-1.534722160000000162e-09,6.405000000000001137e+01,6.307000000000000000e+07,6.970000000000000000e+07
6.507105075496409088e+07,-1.536781700000000068e-09,6.405500000000000682e+01,6.307000000000000000e+07,6.970000000000000000e+07
6.502529893788066506e+07,-1.537862980000000145e-09,6.406000000000000227e+01,6.307000000000000000e+07,6.970000000000000000e+07
6.496264242044309527e+07,-1.539346250000000111e-09,6.406499999999999773e+01,6.307000000000000000e+07,6.970000000000000000e+07
6.491314368214069307e+07,-1.540520060000000031e-09,6.406999999999999318e+01,6.307000000000000000e+07,6.970000000000000000e+07
6.491904342101130635e+07,-1.540380060000000070e-09,6.407500000000000284e+01,6.307000000000000000e+07,6.970000000000000000e+07
6.493123483547243476e+07,-1.540090840000000023e-09,6.407999999999999829e+01,6.307000000000000000e+07,6.970000000000000000e+07
6.495662420735786110e+07,-1.539488870000000162e-09,6.408500000000000796e+01,6.307000000000000000e+07,6.970000000000000000e+07
6.502763303746584058e+07,-1.537807780000000127e-09,6.409000000000000341e+01,6.307000000000000000e+07,6.970000000000000000e+07
6.510583712307357788e+07,-1.535960590000000083e-09,6.409499999999999886e+01,6.307000000000000000e+07,6.970000000000000000e+07
6.511437512543877214e+07,-1.535759190000000196e-09,6.409999999999999432e+01,6.307000000000000000e+07,6.970000000000000000e+07
6.511254481989467144e+07,-1.535802359999999978e-09,6.410500000000000398e+01,6.307000000000000000e+07,6.970000000000000000e+07
6.512622605574870855e+07,-1.535479730000000199e-09,6.410999999999999943e+01,6.307000000000000000e+07,6.970000000000000000e+07
6.510067852484206110e+07,-1.536082300000000044e-09,6.411500000000000909e+01,6.307000000000000000e+07,6.970000000000000000e+07
6.506826601341250539e+07,-1.536847470000000230e-09,6.412000000000000455e+01,6.307000000000000000e+07,6.970000000000000000e+07
6.508713892193724960e+07,-1.536401839999999913e-09,6.412500000000000000e+01,6.307000000000000000e+07,6.970000000000000000e+07
6.508335905915807933e+07,-1.536491070000000150e-09,6.412999999999999545e+01,6.307000000000000000e+07,6.970000000000000000e+07
6.503349397278357297e+07,-1.537669190000000037e-09,6.413499999999999091e+01,6.307000000000000000e+07,6.970000000000000000e+07
6.501183589231296629e+07,-1.538181450000000004e-09,6.414000000000000057e+01,6.307000000000000000e+07,6.970000000000000000e+07
6.497857188639187813e+07,-1.538968880000000089e-09,6.414500000000001023e+01,6.307000000000000000e+07,6.970000000000000000e+07
6.488483269864395261e+07,-1.541192230000000142e-09,6.415000000000000568e+01,6.307000000000000000e+07,6.970000000000000000e+07
6.480574885058255494e+07,-1.543072980000000172e-09,6.415500000000000114e+01,6.307000000000000000e+07,6.970000000000000000e+07
6.476664767902856320e+07,-1.544004570000000137e-09,6.415999999999999659e+01,6.307000000000000000e+07,6.970000000000000000e+07
6.470753182405387610e+07,-1.545415150000000134e-09,6.416499999999999204e+01,6.307000000000000000e+07,6.970000000000000000e+07
6.464666357534941286e+07,-1.546870240000000092e-09,6.417000000000000171e+01,6.307000000000000000e+07,6.970000000000000000e+07
6.463697515503339469e+07,-1.547102100000000218e-09,6.417500000000001137e+01,6.307000000000000000e+07,6.970000000000000000e+07
6.460200885889931768e+07,-1.547939480000000095e-09,6.418000000000000682e+01,6.307000000000000000e+07,6.970000000000000000e+07
6.453900540319908410e+07,-1.549450590000000002e-09,6.418500000000000227e+01,6.307000000000000000e+07,6.970000000000000000e+07
6.451117374171245843e+07,-1.550119060000000175e-09,6.418999999999999773e+01,6.307000000000000000e+07,6.970000000000000000e+07
6.449493807608813047e+07,-1.550509280000000158e-09,6.419499999999999318e+01,6.307000000000000000e+07,6.970000000000000000e+07
6.444014537026617676e+07,-1.551827660000000129e-09,6.420000000000000284e+01,6.307000000000000000e+07,6.970000000000000000e+07
6.440419744567414373e+07,-1.552693830000000044e-09,6.420499999999999829e+01,6.307000000000000000e+07,6.970000000000000000e+07
6.440531325027962774e+07,-1.552666930000000154e-09,6.421000000000000796e+01,6.307000000000000000e+07,6.970000000000000000e+07
6.437446989635743201e+07,-1.553410849999999976e-09,6.421500000000000341e+01,6.307000000000000000e+07,6.970000000000000000e+07
6.434517883677545190e+07,-1.554117989999999944e-09,6.421999999999999886e+01,6.307000000000000000e+07,6.970000000000000000e+07
6.435798816851755232e+07,-1.553808670000000107e-09,6.422499999999999432e+01,6.307000000000000000e+07,6.970000000000000000e+07
6.434556885559161007e+07,-1.554108569999999960e-09,6.423000000000000398e+01,6.307000000000000000e+07,6.970000000000000000e+07
6.429280527697858214e+07,-1.555383990000000051e-09,6.423499999999999943e+01,6.307000000000000000e+07,6.970000000000000000e+07
6.427075696561482549e+07,-1.555917570000000280e-09,6.424000000000000909e+01,6.307000000000000000e+07,6.970000000000000000e+07
6.425305133885625005e+07,-1.556346320000000054e-09,6.424500000000000455e+01,6.307000000000000000e+07,6.970000000000000000e+07
6.419040785275665671e+07,-1.557865160000000068e-09,6.425000000000000000e+01,6.307000000000000000e+07,6.970000000000000000e+07
6.415531128349500895e+07,-1.558717399999999968e-09,6.425499999999999545e+01,6.307000000000000000e+07,6.970000000000000000e+07
6.414734923235219717e+07,-1.558910870000000098e-09,6.425999999999999091e+01,6.307000000000000000e+07,6.970000000000000000e+07
6.410498940799670666e+07,-1.559940980000000118e-09,6.426500000000000057e+01,6.307000000000000000e+07,6.970000000000000000e+07
6.404967098100340366e+07,-1.561288270000000041e-09,6.427000000000001023e+01,6.307000000000000000e+07,6.970000000000000000e+07
6.403043832875356823e+07,-1.561757230000000060e-09,6.427500000000000568e+01,6.307000000000000000e+07,6.970000000000000000e+07
6.398749203219750524e+07,-1.562805430000000222e-09,6.428000000000000114e+01,6.307000000000000000e+07,6.970000000000000000e+07
6.392607935940749943e+07,-1.564306790000000123e-09,6.428499999999999659e+01,6.307000000000000000e+07,6.970000000000000000e+07
6.391555129662091285e+07,-1.564564460000000039e-09,6.428999999999999204e+01,6.307000000000000000e+07,6.970000000000000000e+07
6.390622615099523216e+07,-1.564792760000000023e-09,6.429500000000000171e+01,6.307000000000000000e+07,6.970000000000000000e+07
6.385311698926729709e+07,-1.566094260000000072e-09,6.430000000000001137e+01,6.307000000000000000e+07,6.970000000000000000e+07
6.382905374315050244e+07,-1.566684669999999929e-09,6.430500000000000682e+01,6.307000000000000000e+07,6.970000000000000000e+07
6.383621323174557090e+07,-1.566508960000000125e-09,6.431000000000000227e+01,6.307000000000000000e+07,6.970000000000000000e+07
6.382911689250855148e+07,-1.566683120000000055e-09,6.431499999999999773e+01,6.307000000000000000e+07,6.970000000000000000e+07
6.381987478540567309e+07,-1.566910000000000124e-09,6.431999999999999318e+01,6.307000000000000000e+07,6.970000000000000000e+07
6.385263710401523113e+07,-1.566106030000000185e-09,6.432500000000000284e+01,6.307000000000000000e+07,6.970000000000000000e+07
6.385167205500284582e+07,-1.566129700000000161e-09,6.432999999999999829e+01,6.307000000000000000e+07,6.970000000000000000e+07
6.382296713893280178e+07,-1.566834080000000035e-09,6.433500000000000796e+01,6.307000000000000000e+07,6.970000000000000000e+07
6.383887965626185387e+07,-1.566443530000000030e-09,6.434000000000000341e+01,6.307000000000000000e+07,6.970000000000000000e+07
6.384991204706540704e+07,-1.566172869999999943e-09,6.434499999999999886e+01,6.307000000000000000e+07,6.970000000000000000e+07
6.382267141355869174e+07,-1.566841340000000116e-09,6.434999999999999432e+01,6.307000000000000000e+07,6.970000000000000000e+07
6.381960352632921934e+07,-1.566916660000000014e-09,6.435500000000000398e+01,6.307000000000000000e+07,6.970000000000000000e+07
6.384291374461641163e+07,-1.566344549999999993e-09,6.435999999999999943e+01,6.307000000000000000e+07,6.970000000000000000e+07
6.382552002273260057e+07,-1.566771410000000241e-09,6.436500000000000909e+01,6.307000000000000000e+07,6.970000000000000000e+07
6.379236961605159193e+07,-1.567585600000000005e-09,6.437000000000000455e+01,6.307000000000000000e+07,6.970000000000000000e+07
6.380658580185806751e+07,-1.567236340000000092e-09,6.437500000000000000e+01,6.307000000000000000e+07,6.970000000000000000e+07
6.380820946979423612e+07,-1.567196460000000077e-09,6.437999999999999545e+01,6.307000000000000000e+07,6.970000000000000000e+07
6.377773306958689541e+07,-1.567945350000000119e-09,6.438499999999999091e+01,6.307000000000000000e+07,6.970000000000000000e+07
6.378425694574519247e+07,-1.567784980000000200e-09,6.439000000000000057e+01,6.307000000000000000e+07,6.970000000000000000e+07
6.379488749430287629e+07,-1.567523730000000053e-09,6.439500000000001023e+01,6.307000000000000000e+07,6.970000000000000000e+07
6.377197020900063962e+07,-1.568087040000000163e-09,6.440000000000000568e+01,6.307000000000000000e+07,6.970000000000000000e+07
6.377706558353821188e+07,-1.567961760000000014e-09,6.440500000000000114e+01,6.307000000000000000e+07,6.970000000000000000e+07
6.380059099763453007e+07,-1.567383600000000134e-09,6.440999999999999659e+01,6.307000000000000000e+07,6.970000000000000000e+07
6.379018601511677355e+07,-1.567639259999999988e-09,6.441499999999999204e+01,6.307000000000000000e+07,6.970000000000000000e+07
6.377840585759758204e+07,-1.567928810000000057e-09,6.442000000000000171e+01,6.307000000000000000e+07,6.970000000000000000e+07
6.381309685067498684e+07,-1.567076430000000155e-09,6.442500000000001137e+01,6.307000000000000000e+07,6.970000000000000000e+07
6.381943938719706982e+07,-1.566920689999999975e-09,6.443000000000000682e+01,6.307000000000000000e+07,6.970000000000000000e+07
6.379062671120349318e+07,-1.567628430000000134e-09,6.443500000000000227e+01,6.307000000000000000e+07,6.970000000000000000e+07
6.379664447002775222e+07,-1.567480560000000064e-09,6.443999999999999773e+01,6.307000000000000000e+07,6.970000000000000000e+07
6.380900341975420713e+07,-1.567176960000000065e-09,6.444499999999999318e+01,6.307000000000000000e+07,6.970000000000000000e+07
6.378614475380199403e+07,-1.567738580000000298e-09,6.445000000000000284e+01,6.307000000000000000e+07,6.970000000000000000e+07
6.379843166229397058e+07,-1.567436650000000294e-09,6.445499999999999829e+01,6.307000000000000000e+07,6.970000000000000000e+07
6.384302094143021107e+07,-1.566341920000000065e-09,6.446000000000000796e+01,6.307000000000000000e+07,6.970000000000000000e+07
6.385528573653563112e+07,-1.566041070000000115e-09,6.446500000000000341e+01,6.307000000000000000e+07,6.970000000000000000e+07
6.386701762870194018e+07,-1.565753400000000149e-09,6.446999999999999886e+01,6.307000000000000000e+07,6.970000000000000000e+07
6.391854016701786965e+07,-1.564491300000000044e-09,6.447499999999999432e+01,6.307000000000000000e+07,6.970000000000000000e+07
6.394752619474522024e+07,-1.563782150000000015e-09,6.448000000000000398e+01,6.307000000000000000e+07,6.970000000000000000e+07
6.395876675524614751e+07,-1.563507320000000171e-09,6.448499999999999943e+01,6.307000000000000000e+07,6.970000000000000000e+07
6.400486682766579092e+07,-1.562381190000000065e-09,6.449000000000000909e+01,6.307000000000000000e+07,6.970000000000000000e+07
6.405144735230115801e+07,-1.561244970000000093e-09,6.449500000000000455e+01,6.307000000000000000e+07,6.970000000000000000e+07
6.406371520859786868e+07,-1.560946000000000040e-09,6.450000000000000000e+01,6.307000000000000000e+07,6.970000000000000000e+07
6.411079329823720455e+07,-1.559799760000000100e-09,6.450499999999999545e+01,6.307000000000000000e+07,6.970000000000000000e+07
6.417992518558956683e+07,-1.558119610000000116e-09,6.450999999999999091e+01,6.307000000000000000e+07,6.970000000000000000e+07
6.421328303258582205e+07,-1.557310190000000094e-09,6.451500000000000057e+01,6.307000000000000000e+07,6.970000000000000000e+07
6.424479631604919583e+07,-1.556546300000000027e-09,6.452000000000001023e+01,6.307000000000000000e+07,6.970000000000000000e+07
6.432034040588218719e+07,-1.554718140000000176e-09,6.452500000000000568e+01,6.307000000000000000e+07,6.970000000000000000e+07
6.437596925666362047e+07,-1.553374670000000106e-09,6.453000000000000114e+01,6.307000000000000000e+07,6.970000000000000000e+07
6.441221758060625196e+07,-1.552500500000000123e-09,6.453499999999999659e+01,6.307000000000000000e+07,6.970000000000000000e+07
6.449700795800202340e+07,-1.550459520000000178e-09,6.453999999999999204e+01,6.307000000000000000e+07,6.970000000000000000e+07
6.458218494099348783e+07,-1.548414629999999978e-09,6.454500000000000171e+01,6.307000000000000000e+07,6.970000000000000000e+07
6.462334959235268086e+07,-1.547428299999999976e-09,6.455000000000001137e+01,6.307000000000000000e+07,6.970000000000000000e+07
6.469163074863335490e+07,-1.545795010000000082e-09,6.455500000000000682e+01,6.307000000000000000e+07,6.970000000000000000e+07
6.478291007138312608e+07,-1.543616980000000082e-09,6.456000000000000227e+01,6.307000000000000000e+07,6.970000000000000000e+07
6.483882180884116143e+07,-1.542285890000000154e-09,6.456499999999999773e+01,6.307000000000000000e+07,6.970000000000000000e+07
6.490374087248956412e+07,-1.540743240000000160e-09,6.456999999999999318e+01,6.307000000000000000e+07,6.970000000000000000e+07
6.501664774021215737e+07,-1.538067609999999946e-09,6.457500000000000284e+01,6.307000000000000000e+07,6.970000000000000000e+07
6.509127257714384794e+07,-1.536304270000000161e-09,6.457999999999999829e+01,6.307000000000000000e+07,6.970000000000000000e+07
6.513986212366503477e+07,-1.535158299999999976e-09,6.458500000000000796e+01,6.307000000000000000e+07,6.970000000000000000e+07
6.522681813934070617e+07,-1.533111729999999944e-09,6.459000000000000341e+01,6.307000000000000000e+07,6.970000000000000000e+07
6.530370136089713871e+07,-1.531306770000000044e-09,6.459499999999999886e+01,6.307000000000000000e+07,6.970000000000000000e+07
6.534062614001015574e+07,-1.530441410000000016e-09,6.459999999999999432e+01,6.307000000000000000e+07,6.970000000000000000e+07
6.540343892197499424e+07,-1.528971590000000201e-09,6.460500000000000398e+01,6.307000000000000000e+07,6.970000000000000000e+07
6.547855951385888457e+07,-1.527217470000000130e-09,6.460999999999999943e+01,6.307000000000000000e+07,6.970000000000000000e+07
6.550904454881651700e+07,-1.526506770000000020e-09,6.461500000000000909e+01,6.307000000000000000e+07,6.970000000000000000e+07
6.554501191939318925e+07,-1.525669110000000136e-09,6.462000000000000455e+01,6.307000000000000000e+07,6.970000000000000000e+07
6.562390715687113255e+07,-1.523834900000000011e-09,6.462500000000000000e+01,6.307000000000000000e+07,6.970000000000000000e+07
6.567386133230815083e+07,-1.522675810000000110e-09,6.462999999999999545e+01,6.307000000000000000e+07,6.970000000000000000e+07
6.570303356293608248e+07,-1.521999740000000203e-09,6.463499999999999091e+01,6.307000000000000000e+07,6.970000000000000000e+07
6.575732094994971901e+07,-1.520743220000000140e-09,6.464000000000000057e+01,6.307000000000000000e+07,6.970000000000000000e+07
6.578390152807779610e+07,-1.520128750000000224e-09,6.464500000000001023e+01,6.307000000000000000e+07,6.970000000000000000e+07
6.573871993249001354e+07,-1.521173520000000203e-09,6.465000000000000568e+01,6.307000000000000000e+07,6.970000000000000000e+07
6.571131353525052965e+07,-1.521807960000000157e-09,6.465500000000000114e+01,6.307000000000000000e+07,6.970000000000000000e+07
6.570092310388269275e+07,-1.522048630000000030e-09,6.465999999999999659e+01,6.307000000000000000e+07,6.970000000000000000e+07
6.565688737531378865e+07,-1.523069460000000277e-09,6.466499999999999204e+01,6.307000000000000000e+07,6.970000000000000000e+07
6.566248244316545129e+07,-1.522939679999999935e-09,6.467000000000000171e+01,6.307000000000000000e+07,6.970000000000000000e+07
6.575801582815168053e+07,-1.520727150000000105e-09,6.467500000000001137e+01,6.307000000000000000e+07,6.970000000000000000e+07
6.585214499730934948e+07,-1.518553420000000029e-09,6.468000000000000682e+01,6.307000000000000000e+07,6.970000000000000000e+07
6.594834498275674880e+07,-1.516338280000000153e-09,6.468500000000000227e+01,6.307000000000000000e+07,6.970000000000000000e+07
6.610460826858650893e+07,-1.512753840000000121e-09,6.468999999999999773e+01,6.307000000000000000e+07,6.970000000000000000e+07
6.626156642024961859e+07,-1.509170480000000143e-09,6.469499999999999318e+01,6.307000000000000000e+07,6.970000000000000000e+07
6.638952227812618762e+07,-1.506261779999999996e-09,6.470000000000000284e+01,6.307000000000000000e+07,6.970000000000000000e+07
6.655208482957671583e+07,-1.502582530000000099e-09,6.470499999999999829e+01,6.307000000000000000e+07,6.970000000000000000e+07
6.671973509916630387e+07,-1.498806910000000212e-09,6.471000000000000796e+01,6.307000000000000000e+07,6.970000000000000000e+07
6.683179153838276118e+07,-1.496293870000000086e-09,6.471500000000000341e+01,6.307000000000000000e+07,6.970000000000000000e+07
6.693854784264021367e+07,-1.493907520000000185e-09,6.471999999999999886e+01,6.307000000000000000e+07,6.970000000000000000e+07
6.708128400849203020e+07,-1.490728770000000187e-09,6.472499999999999432e+01,6.307000000000000000e+07,6.970000000000000000e+07
6.719564331402139366e+07,-1.488191720000000224e-09,6.473000000000000398e+01,6.307000000000000000e+07,6.970000000000000000e+07
6.729100698488727212e+07,-1.486082680000000049e-09,6.473499999999999943e+01,6.307000000000000000e+07,6.970000000000000000e+07
6.742833852723710239e+07,-1.483055970000000085e-09,6.474000000000000909e+01,6.307000000000000000e+07,6.970000000000000000e+07
6.754970523470225930e+07,-1.480391360000000157e-09,6.474500000000000455e+01,6.307000000000000000e+07,6.970000000000000000e+07
6.762135853067442775e+07,-1.478822700000000103e-09,6.475000000000000000e+01,6.307000000000000000e+07,6.970000000000000000e+07
6.772327665068902075e+07,-1.476597189999999940e-09,6.475499999999999545e+01,6.307000000000000000e+07,6.970000000000000000e+07
6.785015935525901616e+07,-1.473835890000000044e-09,6.475999999999999091e+01,6.307000000000000000e+07,6.970000000000000000e+07
6.794864837975564599e+07,-1.471699620000000163e-09,6.476500000000000057e+01,6.307000000000000000e+07,6.970000000000000000e+07
6.804822713953833282e+07,-1.469546000000000128e-09,6.477000000000001023e+01,6.307000000000000000e+07,6.970000000000000000e+07
6.817663226430623233e+07,-1.466778230000000155e-09,6.477500000000000568e+01,6.307000000000000000e+07,6.970000000000000000e+07
6.827208473931157589e+07,-1.464727499999999996e-09,6.478000000000000114e+01,6.307000000000000000e+07,6.970000000000000000e+07
6.835606166687418520e+07,-1.462928050000000033e-09,6.478499999999999659e+01,6.307000000000000000e+07,6.970000000000000000e+07
6.850789630576308072e+07,-1.459685750000000043e-09,6.478999999999999204e+01,6.307000000000000000e+07,6.970000000000000000e+07
6.866626256571146846e+07,-1.456319249999999960e-09,6.479500000000000171e+01,6.307000000000000000e+07,6.970000000000000000e+07
6.880946212675598264e+07,-1.453288499999999991e-09,6.480000000000001137e+01,6.307000000000000000e+07,6.970000000000000000e+07
6.898487201767878234e+07,-1.449593180000000058e-09,6.480500000000000682e+01,6.307000000000000000e+07,6.970000000000000000e+07
6.916211125810056925e+07,-1.445878360000000113e-09,6.481000000000000227e+01,6.307000000000000000e+07,6.970000000000000000e+07
6.927826896994188428e+07,-1.443454079999999992e-09,6.481499999999999773e+01,6.307000000000000000e+07,6.970000000000000000e+07
6.939144961611053348e+07,-1.441099740000000204e-09,6.481999999999999318e+01,6.307000000000000000e+07,6.970000000000000000e+07
6.953346659653985500e+07,-1.438156400000000016e-09,6.482500000000000284e+01,6.307000000000000000e+07,6.970000000000000000e+07
6.962411382166837156e+07,-1.436283990000000121e-09,6.482999999999999829e+01,6.307000000000000000e+07,6.970000000000000000e+07
6.969295694546139240e+07,-1.434865220000000243e-09,6.483500000000000796e+01,6.307000000000000000e+07,6.970000000000000000e+07
6.981369538194482028e+07,-1.432383710000000159e-09,6.484000000000000341e+01,6.307000000000000000e+07,6.970000000000000000e+07
6.993270487702012062e+07,-1.429946120000000096e-09,6.484499999999999886e+01,6.307000000000000000e+07,6.970000000000000000e+07
7.000915677765157819e+07,-1.428384579999999913e-09,6.484999999999999432e+01,6.307000000000000000e+07,6.970000000000000000e+07
7.012311985978685319e+07,-1.426063190000000081e-09,6.485500000000000398e+01,6.307000000000000000e+07,6.970000000000000000e+07
7.025079625589388609e+07,-1.423471410000000126e-09,6.485999999999999943e+01,6.307000000000000000e+07,6.970000000000000000e+07
7.032433371737451851e+07,-1.421982899999999978e-09,6.486500000000000909e+01,6.307000000000000000e+07,6.970000000000000000e+07
7.040455775450970232e+07,-1.420362590000000210e-09,6.487000000000000455e+01,6.307000000000000000e+07,6.970000000000000000e+07
7.052193687455901504e+07,-1.417998490000000164e-09,6.487500000000000000e+01,6.307000000000000000e+07,6.970000000000000000e+07
7.059552706458136439e+07,-1.416520340000000052e-09,6.487999999999999545e+01,6.307000000000000000e+07,6.970000000000000000e+07
7.064487203603346646e+07,-1.415530910000000095e-09,6.488499999999999091e+01,6.307000000000000000e+07,6.970000000000000000e+07
7.074712751628519595e+07,-1.413484950000000092e-09,6.489000000000000057e+01,6.307000000000000000e+07,6.970000000000000000e+07
7.084429976527087390e+07,-1.411546170000000052e-09,6.489500000000001023e+01,6.307000000000000000e+07,6.970000000000000000e+07
7.089475368259431422e+07,-1.410541609999999904e-09,6.490000000000000568e+01,6.307000000000000000e+07,6.970000000000000000e+07
7.097895775563114882e+07,-1.408868250000000182e-09,6.490500000000000114e+01,6.307000000000000000e+07,6.970000000000000000e+07
7.107440058302615583e+07,-1.406976340000000069e-09,6.490999999999999659e+01,6.307000000000000000e+07,6.970000000000000000e+07
7.111642113722269237e+07,-1.406145000000000008e-09,6.491499999999999204e+01,6.307000000000000000e+07,6.970000000000000000e+07
7.117156480763123930e+07,-1.405055520000000004e-09,6.492000000000000171e+01,6.307000000000000000e+07,6.970000000000000000e+07
7.126219202573934197e+07,-1.403268650000000040e-09,6.492500000000001137e+01,6.307000000000000000e+07,6.970000000000000000e+07
7.129757029145462811e+07,-1.402572340000000133e-09,6.493000000000000682e+01,6.307000000000000000e+07,6.970000000000000000e+07
7.131339367582698166e+07,-1.402261130000000148e-09,6.493500000000000227e+01,6.307000000000000000e+07,6.970000000000000000e+07
7.139358143431048095e+07,-1.400686140000000020e-09,6.493999999999999773e+01,6.307000000000000000e+07,6.970000000000000000e+07
7.146800696432858706e+07,-1.399227489999999919e-09,6.494499999999999318e+01,6.307000000000000000e+07,6.970000000000000000e+07
7.149883895537878573e+07,-1.398624110000000188e-09,6.495000000000000284e+01,6.307000000000000000e+07,6.970000000000000000e+07
7.157437302763842046e+07,-1.397148110000000141e-09,6.495499999999999829e+01,6.307000000000000000e+07,6.970000000000000000e+07
7.166820584888957441e+07,-1.395318870000000235e-09,6.496000000000000796e+01,6.307000000000000000e+07,6.970000000000000000e+07
7.171245285668168962e+07,-1.394457950000000133e-09,6.496500000000000341e+01,6.307000000000000000e+07,6.970000000000000000e+07
7.178015833482666314e+07,-1.393142650000000027e-09,6.496999999999999886e+01,6.307000000000000000e+07,6.970000000000000000e+07
7.190646642700386047e+07,-1.390695510000000022e-09,6.497499999999999432e+01,6.307000000000000000e+07,6.970000000000000000e+07
7.199074354538011551e+07,-1.389067470000000147e-09,6.498000000000000398e+01,6.307000000000000000e+07,6.970000000000000000e+07
7.206049409301033616e+07,-1.387722930000000067e-09,6.498499999999999943e+01,6.307000000000000000e+07,6.970000000000000000e+07
7.217758191155888140e+07,-1.385471740000000073e-09,6.499000000000000909e+01,6.307000000000000000e+07,6.970000000000000000e+07
7.226313528093948960e+07,-1.383831460000000059e-09,6.499500000000000455e+01,6.307000000000000000e+07,6.970000000000000000e+07
7.228570015076194704e+07,-1.383399480000000165e-09,6.500000000000000000e+01,6.307000000000000000e+07,6.970000000000000000e+07
7.234664623520207405e+07,-1.382234080000000073e-09,6.500499999999999545e+01,6.307000000000000000e+07,6.970000000000000000e+07
7.240914119065681100e+07,-1.381041100000000164e-09,6.501000000000000512e+01,6.307000000000000000e+07,6.970000000000000000e+07
7.239793478520005941e+07,-1.381254870000000148e-09,6.501500000000000057e+01,6.307000000000000000e+07,6.970000000000000000e+07
7.239604581195716560e+07,-1.381290910000000015e-09,6.501999999999999602e+01,6.307000000000000000e+07,6.970000000000000000e+07
7.242892507935330272e+07,-1.380663870000000145e-09,6.502500000000000568e+01,6.307000000000000000e+07,6.970000000000000000e+07
7.241562169777975976e+07,-1.380917510000000100e-09,6.503000000000000114e+01,6.307000000000000000e+07,6.970000000000000000e+07
7.237822387356194854e+07,-1.381631030000000157e-09,6.503499999999999659e+01,6.307000000000000000e+07,6.970000000000000000e+07
7.239855852442818880e+07,-1.381242970000000077e-09,6.504000000000000625e+01,6.307000000000000000e+07,6.970000000000000000e+07
7.240468851347331703e+07,-1.381126030000000065e-09,6.504500000000000171e+01,6.307000000000000000e+07,6.970000000000000000e+07
7.235390081476932764e+07,-1.382095489999999983e-09,6.504999999999999716e+01,6.307000000000000000e+07,6.970000000000000000e+07
7.235117291380457580e+07,-1.382147600000000092e-09,6.505500000000000682e+01,6.307000000000000000e+07,6.970000000000000000e+07
7.236522398560111225e+07,-1.381879230000000074e-09,6.506000000000000227e+01,6.307000000000000000e+07,6.970000000000000000e+07
7.232957683407481015e+07,-1.382560280000000245e-09,6.506499999999999773e+01,6.307000000000000000e+07,6.970000000000000000e+07
7.231242763695366681e+07,-1.382888160000000043e-09,6.507000000000000739e+01,6.307000000000000000e+07,6.970000000000000000e+07
7.233917489532014728e+07,-1.382376840000000127e-09,6.507500000000000284e+01,6.307000000000000000e+07,6.970000000000000000e+07
7.232606609941381216e+07,-1.382627389999999966e-09,6.507999999999999829e+01,6.307000000000000000e+07,6.970000000000000000e+07
7.229752519570560753e+07,-1.383173210000000125e-09,6.508500000000000796e+01,6.307000000000000000e+07,6.970000000000000000e+07
7.233172288681171834e+07,-1.382519260000000114e-09,6.509000000000000341e+01,6.307000000000000000e+07,6.970000000000000000e+07
7.235487245995777845e+07,-1.382076930000000022e-09,6.509499999999999886e+01,6.307000000000000000e+07,6.970000000000000000e+07
7.233509708241666853e+07,-1.382454770000000071e-09,6.509999999999999432e+01,6.307000000000000000e+07,6.970000000000000000e+07
7.235165869650442898e+07,-1.382138319999999905e-09,6.510500000000000398e+01,6.307000000000000000e+07,6.970000000000000000e+07
7.237559942647548020e+07,-1.381681130000000205e-09,6.510999999999999943e+01,6.307000000000000000e+07,6.970000000000000000e+07
7.234367604102531075e+07,-1.382290830000000172e-09,6.511499999999999488e+01,6.307000000000000000e+07,6.970000000000000000e+07
7.231873655811643600e+07,-1.382767520000000091e-09,6.512000000000000455e+01,6.307000000000000000e+07,6.970000000000000000e+07
7.232628423526693881e+07,-1.382623220000000001e-09,6.512500000000000000e+01,6.307000000000000000e+07,6.970000000000000000e+07
7.231025135636314750e+07,-1.382929780000000158e-09,6.512999999999999545e+01,6.307000000000000000e+07,6.970000000000000000e+07
7.228198259618999064e+07,-1.383470630000000098e-09,6.513500000000000512e+01,6.307000000000000000e+07,6.970000000000000000e+07
7.232613985743273795e+07,-1.382625980000000095e-09,6.514000000000000057e+01,6.307000000000000000e+07,6.970000000000000000e+07
7.237260171310581267e+07,-1.381738359999999960e-09,6.514499999999999602e+01,6.307000000000000000e+07,6.970000000000000000e+07
7.237563085585349798e+07,-1.381680530000000013e-09,6.515000000000000568e+01,6.307000000000000000e+07,6.970000000000000000e+07
7.243134196879106760e+07,-1.380617800000000059e-09,6.515500000000000114e+01,6.307000000000000000e+07,6.970000000000000000e+07
7.250663319683137536e+07,-1.379184160000000114e-09,6.515999999999999659e+01,6.307000000000000000e+07,6.970000000000000000e+07
7.253723572055551410e+07,-1.378602300000000088e-09,6.516500000000000625e+01,6.307000000000000000e+07,6.970000000000000000e+07
7.258463889690163732e+07,-1.377701969999999996e-09,6.517000000000000171e+01,6.307000000000000000e+07,6.970000000000000000e+07
7.267677162076722085e+07,-1.375955450000000072e-09,6.517499999999999716e+01,6.307000000000000000e+07,6.970000000000000000e+07
7.272425057187077403e+07,-1.375057140000000087e-09,6.518000000000000682e+01,6.307000000000000000e+07,6.970000000000000000e+07
7.275709149365048110e+07,-1.374436470000000055e-09,6.518500000000000227e+01,6.307000000000000000e+07,6.970000000000000000e+07
7.285223258544421196e+07,-1.372641530000000123e-09,6.518999999999999773e+01,6.307000000000000000e+07,6.970000000000000000e+07
7.293685026850898564e+07,-1.371049060000000089e-09,6.519500000000000739e+01,6.307000000000000000e+07,6.970000000000000000e+07
7.298689427619914711e+07,-1.370108990000000192e-09,6.520000000000000284e+01,6.307000000000000000e+07,6.970000000000000000e+07
7.307405508889327943e+07,-1.368474760000000039e-09,6.520499999999999829e+01,6.307000000000000000e+07,6.970000000000000000e+07
7.318645144307288527e+07,-1.366373120000000155e-09,6.521000000000000796e+01,6.307000000000000000e+07,6.970000000000000000e+07
7.324156702090439200e+07,-1.365344900000000075e-09,6.521500000000000341e+01,6.307000000000000000e+07,6.970000000000000000e+07
7.330945590594208241e+07,-1.364080510000000109e-09,6.521999999999999886e+01,6.307000000000000000e+07,6.970000000000000000e+07
7.339969722918491066e+07,-1.362403440000000197e-09,6.522499999999999432e+01,6.307000000000000000e+07,6.970000000000000000e+07
7.342091077465081215e+07,-1.362009800000000075e-09,6.523000000000000398e+01,6.307000000000000000e+07,6.970000000000000000e+07
7.342285360916204751e+07,-1.361973760000000002e-09,6.523499999999999943e+01,6.307000000000000000e+07,6.970000000000000000e+07
7.347676566210898757e+07,-1.360974440000000036e-09,6.523999999999999488e+01,6.307000000000000000e+07,6.970000000000000000e+07
7.352629933157902956e+07,-1.360057570000000089e-09,6.524500000000000455e+01,6.307000000000000000e+07,6.970000000000000000e+07
7.354870640255169570e+07,-1.359643219999999942e-09,6.525000000000000000e+01,6.307000000000000000e+07,6.970000000000000000e+07
7.362374814688105881e+07,-1.358257389999999976e-09,6.525499999999999545e+01,6.307000000000000000e+07,6.970000000000000000e+07
7.371504304578880966e+07,-1.356575210000000048e-09,6.526000000000000512e+01,6.307000000000000000e+07,6.970000000000000000e+07
7.373876859928628802e+07,-1.356138730000000167e-09,6.526500000000000057e+01,6.307000000000000000e+07,6.970000000000000000e+07
7.375993379426357150e+07,-1.355749590000000239e-09,6.526999999999999602e+01,6.307000000000000000e+07,6.970000000000000000e+07
7.383012893715867400e+07,-1.354460590000000038e-09,6.527500000000000568e+01,6.307000000000000000e+07,6.970000000000000000e+07
7.385033436588163674e+07,-1.354090010000000070e-09,6.528000000000000114e+01,6.307000000000000000e+07,6.970000000000000000e+07
7.384170571268381178e+07,-1.354248240000000175e-09,6.528499999999999659e+01,6.307000000000000000e+07,6.970000000000000000e+07
7.388728319097481668e+07,-1.353412870000000153e-09,6.529000000000000625e+01,6.307000000000000000e+07,6.970000000000000000e+07
7.390752046565759182e+07,-1.353042279999999934e-09,6.529500000000000171e+01,6.307000000000000000e+07,6.970000000000000000e+07
7.387564081947116554e+07,-1.353626160000000067e-09,6.529999999999999716e+01,6.307000000000000000e+07,6.970000000000000000e+07
7.389026465172643960e+07,-1.353358260000000074e-09,6.530500000000000682e+01,6.307000000000000000e+07,6.970000000000000000e+07
7.391674802498330176e+07,-1.352873370000000022e-09,6.531000000000000227e+01,6.307000000000000000e+07,6.970000000000000000e+07
7.388559465860348940e+07,-1.353443800000000003e-09,6.531499999999999773e+01,6.307000000000000000e+07,6.970000000000000000e+07
7.386400157076230645e+07,-1.353839460000000232e-09,6.532000000000000739e+01,6.307000000000000000e+07,6.970000000000000000e+07
7.387200404700388014e+07,-1.353692799999999968e-09,6.532500000000000284e+01,6.307000000000000000e+07,6.970000000000000000e+07
7.383568599056091905e+07,-1.354358650000000050e-09,6.532999999999999829e+01,6.307000000000000000e+07,6.970000000000000000e+07
7.378186890698720515e+07,-1.355346530000000133e-09,6.533500000000000796e+01,6.307000000000000000e+07,6.970000000000000000e+07
7.376489861007308960e+07,-1.355658340000000102e-09,6.534000000000000341e+01,6.307000000000000000e+07,6.970000000000000000e+07
7.371364003755769134e+07,-1.356601030000000090e-09,6.534499999999999886e+01,6.307000000000000000e+07,6.970000000000000000e+07
7.362659887522117794e+07,-1.358204800000000004e-09,6.534999999999999432e+01,6.307000000000000000e+07,6.970000000000000000e+07
7.358175382066081464e+07,-1.359032570000000292e-09,6.535500000000000398e+01,6.307000000000000000e+07,6.970000000000000000e+07
7.354028328967307508e+07,-1.359798950000000077e-09,6.535999999999999943e+01,6.307000000000000000e+07,6.970000000000000000e+07
7.343560533843363822e+07,-1.361737260000000092e-09,6.536499999999999488e+01,6.307000000000000000e+07,6.970000000000000000e+07
7.334201321391318738e+07,-1.363474979999999899e-09,6.537000000000000455e+01,6.307000000000000000e+07,6.970000000000000000e+07
7.328245205664123595e+07,-1.364583160000000073e-09,6.537500000000000000e+01,6.307000000000000000e+07,6.970000000000000000e+07
7.317136651353825629e+07,-1.366654810000000159e-09,6.537999999999999545e+01,6.307000000000000000e+07,6.970000000000000000e+07
7.302897267478580773e+07,-1.369319550000000046e-09,6.538500000000000512e+01,6.307000000000000000e+07,6.970000000000000000e+07
7.290301458995637298e+07,-1.371685389999999984e-09,6.539000000000000057e+01,6.307000000000000000e+07,6.970000000000000000e+07
7.271261968015478551e+07,-1.375277090000000097e-09,6.539499999999999602e+01,6.307000000000000000e+07,6.970000000000000000e+07
7.247308248254282773e+07,-1.379822640000000074e-09,6.540000000000000568e+01,6.307000000000000000e+07,6.970000000000000000e+07
7.227261072657223046e+07,-1.383650030000000210e-09,6.540500000000000114e+01,6.307000000000000000e+07,6.970000000000000000e+07
7.206071062986855209e+07,-1.387718760000000102e-09,6.540999999999999659e+01,6.307000000000000000e+07,6.970000000000000000e+07
7.179565182701517642e+07,-1.392842010000000186e-09,6.541500000000000625e+01,6.307000000000000000e+07,6.970000000000000000e+07
7.155890933717323840e+07,-1.397450029999999894e-09,6.542000000000000171e+01,6.307000000000000000e+07,6.970000000000000000e+07
7.136057295803646743e+07,-1.401334040000000170e-09,6.542499999999999716e+01,6.307000000000000000e+07,6.970000000000000000e+07
7.113884678793130815e+07,-1.405701730000000278e-09,6.543000000000000682e+01,6.307000000000000000e+07,6.970000000000000000e+07
7.091472988079439104e+07,-1.410144270000000051e-09,6.543500000000000227e+01,6.307000000000000000e+07,6.970000000000000000e+07
7.075558974465653300e+07,-1.413315899999999971e-09,6.543999999999999773e+01,6.307000000000000000e+07,6.970000000000000000e+07
7.060774778675247729e+07,-1.416275170000000191e-09,6.544500000000000739e+01,6.307000000000000000e+07,6.970000000000000000e+07
7.046054569846576452e+07,-1.419233970000000179e-09,6.545000000000000284e+01,6.307000000000000000e+07,6.970000000000000000e+07
7.034893486753010750e+07,-1.421485630000000199e-09,6.545499999999999829e+01,6.307000000000000000e+07,6.970000000000000000e+07
7.023457857602341473e+07,-1.423800100000000016e-09,6.546000000000000796e+01,6.307000000000000000e+07,6.970000000000000000e+07
7.007118251146608591e+07,-1.427120200000000198e-09,6.546500000000000341e+01,6.307000000000000000e+07,6.970000000000000000e+07
6.990605060216583312e+07,-1.430491340000000065e-09,6.546999999999999886e+01,6.307000000000000000e+07,6.970000000000000000e+07
6.976632592374487221e+07,-1.433356260000000194e-09,6.547499999999999432e+01,6.307000000000000000e+07,6.970000000000000000e+07
6.958585982483834028e+07,-1.437073570000000064e-09,6.548000000000000398e+01,6.307000000000000000e+07,6.970000000000000000e+07
6.939852527162219584e+07,-1.440952809999999978e-09,6.548499999999999943e+01,6.307000000000000000e+07,6.970000000000000000e+07
6.925553026705257595e+07,-1.443928010000000231e-09,6.548999999999999488e+01,6.307000000000000000e+07,6.970000000000000000e+07
6.909527196738554537e+07,-1.447277029999999995e-09,6.549500000000000455e+01,6.307000000000000000e+07,6.970000000000000000e+07
6.890258447186413407e+07,-1.451324370000000141e-09,6.550000000000000000e+01,6.307000000000000000e+07,6.970000000000000000e+07
6.875205160418990254e+07,-1.454502050000000129e-09,6.550499999999999545e+01,6.307000000000000000e+07,6.970000000000000000e+07
6.860775147528105974e+07,-1.457561250000000068e-09,6.551000000000000512e+01,6.307000000000000000e+07,6.970000000000000000e+07
6.844286580518178642e+07,-1.461072660000000064e-09,6.551500000000000057e+01,6.307000000000000000e+07,6.970000000000000000e+07
6.831313761305166781e+07,-1.463847270000000108e-09,6.551999999999999602e+01,6.307000000000000000e+07,6.970000000000000000e+07
6.823210539856989682e+07,-1.465585730000000109e-09,6.552500000000000568e+01,6.307000000000000000e+07,6.970000000000000000e+07
6.811949843940272927e+07,-1.468008460000000150e-09,6.553000000000000114e+01,6.307000000000000000e+07,6.970000000000000000e+07
6.799839390513531864e+07,-1.470622970000000031e-09,6.553499999999999659e+01,6.307000000000000000e+07,6.970000000000000000e+07
6.793114284698617458e+07,-1.472078870000000082e-09,6.554000000000000625e+01,6.307000000000000000e+07,6.970000000000000000e+07
6.784247674320888519e+07,-1.474002789999999894e-09,6.554500000000000171e+01,6.307000000000000000e+07,6.970000000000000000e+07
6.771405640547041595e+07,-1.476798250000000174e-09,6.554999999999999716e+01,6.307000000000000000e+07,6.970000000000000000e+07
6.762694631112286448e+07,-1.478700510000000071e-09,6.555500000000000682e+01,6.307000000000000000e+07,6.970000000000000000e+07
6.753958746806466579e+07,-1.480613130000000210e-09,6.556000000000000227e+01,6.307000000000000000e+07,6.970000000000000000e+07
6.742047613257163763e+07,-1.483228920000000002e-09,6.556499999999999773e+01,6.307000000000000000e+07,6.970000000000000000e+07
6.733712853919149935e+07,-1.485064809999999960e-09,6.557000000000000739e+01,6.307000000000000000e+07,6.970000000000000000e+07
6.729635688345564902e+07,-1.485964540000000067e-09,6.557500000000000284e+01,6.307000000000000000e+07,6.970000000000000000e+07
6.721799719393092394e+07,-1.487696810000000205e-09,6.557999999999999829e+01,6.307000000000000000e+07,6.970000000000000000e+07
6.713752540668588877e+07,-1.489479980000000231e-09,6.558500000000000796e+01,6.307000000000000000e+07,6.970000000000000000e+07
6.709763702587173879e+07,-1.490365450000000094e-09,6.559000000000000341e+01,6.307000000000000000e+07,6.970000000000000000e+07
6.704208221444288641e+07,-1.491600450000000038e-09,6.559499999999999886e+01,6.307000000000000000e+07,6.970000000000000000e+07
6.695498509893371910e+07,-1.493540770000000115e-09,6.559999999999999432e+01,6.307000000000000000e+07,6.970000000000000000e+07
6.691204338962306827e+07,-1.494499270000000014e-09,6.560500000000000398e+01,6.307000000000000000e+07,6.970000000000000000e+07
6.687115643400330096e+07,-1.495413050000000051e-09,6.560999999999999943e+01,6.307000000000000000e+07,6.970000000000000000e+07
6.680050994974890351e+07,-1.496994560000000272e-09,6.561499999999999488e+01,6.307000000000000000e+07,6.970000000000000000e+07
6.675646612977510691e+07,-1.497982230000000247e-09,6.562000000000000455e+01,6.307000000000000000e+07,6.970000000000000000e+07
6.675550712072649598e+07,-1.498003750000000158e-09,6.562500000000000000e+01,6.307000000000000000e+07,6.970000000000000000e+07
6.670240759538714588e+07,-1.499196260000000041e-09,6.562999999999999545e+01,6.307000000000000000e+07,6.970000000000000000e+07
6.663315640808799863e+07,-1.500754359999999997e-09,6.563500000000000512e+01,6.307000000000000000e+07,6.970000000000000000e+07
6.661755709181267023e+07,-1.501105780000000226e-09,6.564000000000000057e+01,6.307000000000000000e+07,6.970000000000000000e+07
6.658684856737662107e+07,-1.501798060000000172e-09,6.564499999999999602e+01,6.307000000000000000e+07,6.970000000000000000e+07
6.651451648393011838e+07,-1.503431210000000063e-09,6.565000000000000568e+01,6.307000000000000000e+07,6.970000000000000000e+07
6.648359389672097564e+07,-1.504130480000000128e-09,6.565500000000000114e+01,6.307000000000000000e+07,6.970000000000000000e+07
6.646566121402321756e+07,-1.504536300000000120e-09,6.565999999999999659e+01,6.307000000000000000e+07,6.970000000000000000e+07
6.640700465335131437e+07,-1.505865240000000191e-09,6.566500000000000625e+01,6.307000000000000000e+07,6.970000000000000000e+07
6.638027957130102813e+07,-1.506471509999999974e-09,6.567000000000000171e+01,6.307000000000000000e+07,6.970000000000000000e+07
6.638857422364421189e+07,-1.506283290000000070e-09,6.567499999999999716e+01,6.307000000000000000e+07,6.970000000000000000e+07
6.634360603478954732e+07,-1.507304260000000113e-09,6.568000000000000682e+01,6.307000000000000000e+07,6.970000000000000000e+07
6.628945492010807991e+07,-1.508535560000000119e-09,6.568500000000000227e+01,6.307000000000000000e+07,6.970000000000000000e+07
6.628633468035341054e+07,-1.508606570000000049e-09,6.568999999999999773e+01,6.307000000000000000e+07,6.970000000000000000e+07
6.626118575783398747e+07,-1.509179150000000095e-09,6.569500000000000739e+01,6.307000000000000000e+07,6.970000000000000000e+07
6.622088094035240263e+07,-1.510097700000000080e-09,6.570000000000000284e+01,6.307000000000000000e+07,6.970000000000000000e+07
6.622488268179252744e+07,-1.510006449999999944e-09,6.570499999999999829e+01,6.307000000000000000e+07,6.970000000000000000e+07
6.622562870373450965e+07,-1.509989440000000063e-09,6.571000000000000796e+01,6.307000000000000000e+07,6.970000000000000000e+07
6.618514896989732236e+07,-1.510912970000000106e-09,6.571500000000000341e+01,6.307000000000000000e+07,6.970000000000000000e+07
6.616745045650942624e+07,-1.511317110000000060e-09,6.571999999999999886e+01,6.307000000000000000e+07,6.970000000000000000e+07
6.616093600046238303e+07,-1.511465920000000181e-09,6.572499999999999432e+01,6.307000000000000000e+07,6.970000000000000000e+07
6.610548705091674626e+07,-1.512733730000000286e-09,6.573000000000000398e+01,6.307000000000000000e+07,6.970000000000000000e+07
6.605448994727616012e+07,-1.513901630000000141e-09,6.573499999999999943e+01,6.307000000000000000e+07,6.970000000000000000e+07
6.605266836333073676e+07,-1.513943380000000008e-09,6.573999999999999488e+01,6.307000000000000000e+07,6.970000000000000000e+07
6.602558552182509750e+07,-1.514564380000000062e-09,6.574500000000000455e+01,6.307000000000000000e+07,6.970000000000000000e+07
6.597059116807495803e+07,-1.515826949999999986e-09,6.575000000000000000e+01,6.307000000000000000e+07,6.970000000000000000e+07
6.595999850613795966e+07,-1.516070379999999953e-09,6.575499999999999545e+01,6.307000000000000000e+07,6.970000000000000000e+07
6.594681845443633199e+07,-1.516373380000000174e-09,6.576000000000000512e+01,6.307000000000000000e+07,6.970000000000000000e+07
6.588787983357933909e+07,-1.517729820000000119e-09,6.576500000000000057e+01,6.307000000000000000e+07,6.970000000000000000e+07
6.585217101634963602e+07,-1.518552820000000044e-09,6.576999999999999602e+01,6.307000000000000000e+07,6.970000000000000000e+07
6.584915294481164962e+07,-1.518622420000000104e-09,6.577500000000000568e+01,6.307000000000000000e+07,6.970000000000000000e+07
6.580468538967458159e+07,-1.519648630000000121e-09,6.578000000000000114e+01,6.307000000000000000e+07,6.970000000000000000e+07
6.575633811369856447e+07,-1.520765950000000066e-09,6.578499999999999659e+01,6.307000000000000000e+07,6.970000000000000000e+07
6.574976471939818561e+07,-1.520917990000000100e-09,6.579000000000000625e+01,6.307000000000000000e+07,6.970000000000000000e+07
6.571922070200666785e+07,-1.521624860000000106e-09,6.579500000000000171e+01,6.307000000000000000e+07,6.970000000000000000e+07
6.567163371441400796e+07,-1.522727460000000031e-09,6.579999999999999716e+01,6.307000000000000000e+07,6.970000000000000000e+07
6.566641137317029387e+07,-1.522848559999999964e-09,6.580500000000000682e+01,6.307000000000000000e+07,6.970000000000000000e+07
6.565704127219341695e+07,-1.523065890000000090e-09,6.581000000000000227e+01,6.307000000000000000e+07,6.970000000000000000e+07
6.560673346573690325e+07,-1.524233790000000152e-09,6.581499999999999773e+01,6.307000000000000000e+07,6.970000000000000000e+07
6.557910411559570581e+07,-1.524875970000000257e-09,6.582000000000000739e+01,6.307000000000000000e+07,6.970000000000000000e+07
6.557309842129290104e+07,-1.525015630000000150e-09,6.582500000000000284e+01,6.307000000000000000e+07,6.970000000000000000e+07
6.552896243183955550e+07,-1.526042780000000220e-09,6.582999999999999829e+01,6.307000000000000000e+07,6.970000000000000000e+07
6.548298831198070198e+07,-1.527114180000000126e-09,6.583500000000000796e+01,6.307000000000000000e+07,6.970000000000000000e+07
6.548714066673833877e+07,-1.527017349999999947e-09,6.584000000000000341e+01,6.307000000000000000e+07,6.970000000000000000e+07
6.545550334228236228e+07,-1.527755420000000180e-09,6.584499999999999886e+01,6.307000000000000000e+07,6.970000000000000000e+07
6.538991976460675150e+07,-1.529287700000000094e-09,6.584999999999999432e+01,6.307000000000000000e+07,6.970000000000000000e+07
6.535825539470307529e+07,-1.530028600000000111e-09,6.585500000000000398e+01,6.307000000000000000e+07,6.970000000000000000e+07
6.532856475749838352e+07,-1.530723969999999967e-09,6.585999999999999943e+01,6.307000000000000000e+07,6.970000000000000000e+07
6.526986884646445513e+07,-1.532100520000000159e-09,6.586499999999999488e+01,6.307000000000000000e+07,6.970000000000000000e+07
6.523513597040934116e+07,-1.532916250000000166e-09,6.587000000000000455e+01,6.307000000000000000e+07,6.970000000000000000e+07
6.523406271995498985e+07,-1.532941470000000016e-09,6.587500000000000000e+01,6.307000000000000000e+07,6.970000000000000000e+07
6.519464290925200284e+07,-1.533868360000000137e-09,6.587999999999999545e+01,6.307000000000000000e+07,6.970000000000000000e+07
6.515620721782350540e+07,-1.534773190000000009e-09,6.588500000000000512e+01,6.307000000000000000e+07,6.970000000000000000e+07
6.515723205692812800e+07,-1.534749050000000213e-09,6.589000000000000057e+01,6.307000000000000000e+07,6.970000000000000000e+07
6.515396915601979196e+07,-1.534825909999999940e-09,6.589499999999999602e+01,6.307000000000000000e+07,6.970000000000000000e+07
6.512493414322440326e+07,-1.535510190000000231e-09,6.590000000000000568e+01,6.307000000000000000e+07,6.970000000000000000e+07
6.513711179649248719e+07,-1.535223120000000042e-09,6.590500000000000114e+01,6.307000000000000000e+07,6.970000000000000000e+07
6.514822357700269669e+07,-1.534961270000000117e-09,6.590999999999999659e+01,6.307000000000000000e+07,6.970000000000000000e+07
6.512349681293421984e+07,-1.535544080000000033e-09,6.591500000000000625e+01,6.307000000000000000e+07,6.970000000000000000e+07
6.512600380582039058e+07,-1.535484969999999967e-09,6.592000000000000171e+01,6.307000000000000000e+07,6.970000000000000000e+07
6.515152580280247331e+07,-1.534883470000000132e-09,6.592499999999999716e+01,6.307000000000000000e+07,6.970000000000000000e+07
6.512901576067472249e+07,-1.535413960000000244e-09,6.593000000000000682e+01,6.307000000000000000e+07,6.970000000000000000e+07
6.510147105888063461e+07,-1.536063600000000080e-09,6.593500000000000227e+01,6.307000000000000000e+07,6.970000000000000000e+07
6.513105527654424310e+07,-1.535365880000000096e-09,6.593999999999999773e+01,6.307000000000000000e+07,6.970000000000000000e+07
6.513947429734440148e+07,-1.535167439999999953e-09,6.594500000000000739e+01,6.307000000000000000e+07,6.970000000000000000e+07
6.513398200135740638e+07,-1.535296890000000066e-09,6.595000000000000284e+01,6.307000000000000000e+07,6.970000000000000000e+07
6.517470258257691562e+07,-1.534337650000000179e-09,6.595499999999999829e+01,6.307000000000000000e+07,6.970000000000000000e+07
6.521112097153980285e+07,-1.533480770000000083e-09,6.596000000000000796e+01,6.307000000000000000e+07,6.970000000000000000e+07
6.521416674734202027e+07,-1.533409150000000124e-09,6.596500000000000341e+01,6.307000000000000000e+07,6.970000000000000000e+07
6.524559115803753585e+07,-1.532670610000000073e-09,6.596999999999999886e+01,6.307000000000000000e+07,6.970000000000000000e+07
6.529673080686177313e+07,-1.531470240000000124e-09,6.597499999999999432e+01,6.307000000000000000e+07,6.970000000000000000e+07
6.529983021064647287e+07,-1.531397550000000155e-09,6.598000000000000398e+01,6.307000000000000000e+07,6.970000000000000000e+07
6.529950614310001582e+07,-1.531405150000000096e-09,6.598499999999999943e+01,6.307000000000000000e+07,6.970000000000000000e+07
6.539183753581061214e+07,-1.529242850000000065e-09,6.598999999999999488e+01,6.307000000000000000e+07,6.970000000000000000e+07
6.550579866828152537e+07,-1.526582410000000102e-09,6.599500000000000455e+01,6.307000000000000000e+07,6.970000000000000000e+07
6.562783147177145630e+07,-1.523743780000000040e-09,6.600000000000000000e+01,6.307000000000000000e+07,6.970000000000000000e+07
6.581737202277668566e+07,-1.519355709999999929e-09,6.600499999999999545e+01,6.307000000000000000e+07,6.970000000000000000e+07
6.601058569516018778e+07,-1.514908540000000004e-09,6.601000000000000512e+01,6.307000000000000000e+07,6.970000000000000000e+07
6.616143063560849428e+07,-1.511454620000000095e-09,6.601500000000000057e+01,6.307000000000000000e+07,6.970000000000000000e+07
6.635047656694247574e+07,-1.507148180000000073e-09,6.601999999999999602e+01,6.307000000000000000e+07,6.970000000000000000e+07
6.657259426516244560e+07,-1.502119620000000147e-09,6.602500000000000568e+01,6.307000000000000000e+07,6.970000000000000000e+07
6.675660962699336559e+07,-1.497979010000000172e-09,6.603000000000000114e+01,6.307000000000000000e+07,6.970000000000000000e+07
6.693820148097424209e+07,-1.493915250000000085e-09,6.603499999999999659e+01,6.307000000000000000e+07,6.970000000000000000e+07
6.715246235286903381e+07,-1.489148670000000250e-09,6.604000000000000625e+01,6.307000000000000000e+07,6.970000000000000000e+07
6.729502000835724175e+07,-1.485994060000000047e-09,6.604500000000000171e+01,6.307000000000000000e+07,6.970000000000000000e+07
6.738048292508487403e+07,-1.484109280000000056e-09,6.604999999999999716e+01,6.307000000000000000e+07,6.970000000000000000e+07
6.748826293060101569e+07,-1.481739130000000150e-09,6.605500000000000682e+01,6.307000000000000000e+07,6.970000000000000000e+07
6.757007861778646708e+07,-1.479945000000000104e-09,6.606000000000000227e+01,6.307000000000000000e+07,6.970000000000000000e+07
6.759549683937314153e+07,-1.479388490000000094e-09,6.606499999999999773e+01,6.307000000000000000e+07,6.970000000000000000e+07
6.763828659531110525e+07,-1.478452590000000161e-09,6.607000000000000739e+01,6.307000000000000000e+07,6.970000000000000000e+07
6.768266788941271603e+07,-1.477483130000000036e-09,6.607500000000000284e+01,6.307000000000000000e+07,6.970000000000000000e+07
6.767731135800501704e+07,-1.477600070000000048e-09,6.607999999999999829e+01,6.307000000000000000e+07,6.970000000000000000e+07
6.767915357201942801e+07,-1.477559850000000173e-09,6.608500000000000796e+01,6.307000000000000000e+07,6.970000000000000000e+07
6.773169106559729576e+07,-1.476413750000000236e-09,6.609000000000000341e+01,6.307000000000000000e+07,6.970000000000000000e+07
6.774511928594475985e+07,-1.476121100000000212e-09,6.609499999999999886e+01,6.307000000000000000e+07,6.970000000000000000e+07
6.770999279240669310e+07,-1.476886880000000013e-09,6.609999999999999432e+01,6.307000000000000000e+07,6.970000000000000000e+07
6.770500827690340579e+07,-1.476995610000000056e-09,6.610500000000000398e+01,6.307000000000000000e+07,6.970000000000000000e+07
6.770415750310641527e+07,-1.477014170000000016e-09,6.610999999999999943e+01,6.307000000000000000e+07,6.970000000000000000e+07
6.767445021648852527e+07,-1.477662540000000192e-09,6.611499999999999488e+01,6.307000000000000000e+07,6.970000000000000000e+07
6.768205175811642408e+07,-1.477496579999999980e-09,6.612000000000000455e+01,6.307000000000000000e+07,6.970000000000000000e+07
6.771388675373837352e+07,-1.476801950000000113e-09,6.612500000000000000e+01,6.307000000000000000e+07,6.970000000000000000e+07
6.770349789309422672e+07,-1.477028560000000013e-09,6.612999999999999545e+01,6.307000000000000000e+07,6.970000000000000000e+07
6.770232034469959140e+07,-1.477054250000000095e-09,6.613500000000000512e+01,6.307000000000000000e+07,6.970000000000000000e+07
6.774489073453670740e+07,-1.476126080000000063e-09,6.614000000000000057e+01,6.307000000000000000e+07,6.970000000000000000e+07
6.775333209701569378e+07,-1.475942170000000126e-09,6.614499999999999602e+01,6.307000000000000000e+07,6.970000000000000000e+07
6.772781065233029425e+07,-1.476498340000000069e-09,6.615000000000000568e+01,6.307000000000000000e+07,6.970000000000000000e+07
6.774053340779191256e+07,-1.476221030000000138e-09,6.615500000000000114e+01,6.307000000000000000e+07,6.970000000000000000e+07
6.773876539705525339e+07,-1.476259559999999930e-09,6.615999999999999659e+01,6.307000000000000000e+07,6.970000000000000000e+07
6.769338945349989831e+07,-1.477249120000000052e-09,6.616500000000000625e+01,6.307000000000000000e+07,6.970000000000000000e+07
6.768037932740984857e+07,-1.477533090000000286e-09,6.617000000000000171e+01,6.307000000000000000e+07,6.970000000000000000e+07
6.769572838870735466e+07,-1.477198080000000160e-09,6.617499999999999716e+01,6.307000000000000000e+07,6.970000000000000000e+07
6.768498455184985697e+07,-1.477432560000000170e-09,6.618000000000000682e+01,6.307000000000000000e+07,6.970000000000000000e+07
6.768290197643685341e+07,-1.477478020000000020e-09,6.618500000000000227e+01,6.307000000000000000e+07,6.970000000000000000e+07
6.770997124459086359e+07,-1.476887350000000039e-09,6.618999999999999773e+01,6.307000000000000000e+07,6.970000000000000000e+07
6.771965905833363533e+07,-1.476676069999999980e-09,6.619500000000000739e+01,6.307000000000000000e+07,6.970000000000000000e+07
6.773291872478501499e+07,-1.476386990000000143e-09,6.620000000000000284e+01,6.307000000000000000e+07,6.970000000000000000e+07
6.781284019582775235e+07,-1.474646980000000061e-09,6.620499999999999829e+01,6.307000000000000000e+07,6.970000000000000000e+07
6.789591035501983762e+07,-1.472842760000000149e-09,6.621000000000000796e+01,6.307000000000000000e+07,6.970000000000000000e+07
6.796192674998292327e+07,-1.471412079999999948e-09,6.621500000000000341e+01,6.307000000000000000e+07,6.970000000000000000e+07
6.806974104378168285e+07,-1.469081540000000096e-09,6.621999999999999886e+01,6.307000000000000000e+07,6.970000000000000000e+07
6.819555927703268826e+07,-1.466371140000000088e-09,6.622499999999999432e+01,6.307000000000000000e+07,6.970000000000000000e+07
6.827414080253890157e+07,-1.464683390000000163e-09,6.623000000000000398e+01,6.307000000000000000e+07,6.970000000000000000e+07
6.835785270266304910e+07,-1.462889720000000098e-09,6.623499999999999943e+01,6.307000000000000000e+07,6.970000000000000000e+07
6.848485604308623075e+07,-1.460176830000000165e-09,6.623999999999999488e+01,6.307000000000000000e+07,6.970000000000000000e+07
6.858324934514312446e+07,-1.458081980000000129e-09,6.624500000000000455e+01,6.307000000000000000e+07,6.970000000000000000e+07
6.865708169407971203e+07,-1.456513989999999957e-09,6.625000000000000000e+01,6.307000000000000000e+07,6.970000000000000000e+07
6.877986520618309081e+07,-1.453913870000000073e-09,6.625499999999999545e+01,6.307000000000000000e+07,6.970000000000000000e+07
6.888773918313869834e+07,-1.451637129999999999e-09,6.626000000000000512e+01,6.307000000000000000e+07,6.970000000000000000e+07
6.893747965525718033e+07,-1.450589730000000092e-09,6.626500000000000057e+01,6.307000000000000000e+07,6.970000000000000000e+07
6.900337344382126629e+07,-1.449204509999999949e-09,6.626999999999999602e+01,6.307000000000000000e+07,6.970000000000000000e+07
6.907357689781725407e+07,-1.447731600000000018e-09,6.627500000000000568e+01,6.307000000000000000e+07,6.970000000000000000e+07
6.908270580848564208e+07,-1.447540290000000204e-09,6.628000000000000114e+01,6.307000000000000000e+07,6.970000000000000000e+07
6.908231447224265337e+07,-1.447548490000000129e-09,6.628499999999999659e+01,6.307000000000000000e+07,6.970000000000000000e+07
6.911686171848225594e+07,-1.446824950000000103e-09,6.629000000000000625e+01,6.307000000000000000e+07,6.970000000000000000e+07
6.911933875463955104e+07,-1.446773099999999912e-09,6.629500000000000171e+01,6.307000000000000000e+07,6.970000000000000000e+07
6.911025795265561342e+07,-1.446963199999999919e-09,6.629999999999999716e+01,6.307000000000000000e+07,6.970000000000000000e+07
6.914343474340467155e+07,-1.446268909999999912e-09,6.630500000000000682e+01,6.307000000000000000e+07,6.970000000000000000e+07
6.916260012479422987e+07,-1.445868140000000081e-09,6.631000000000000227e+01,6.307000000000000000e+07,6.970000000000000000e+07
6.913598990448620915e+07,-1.446424650000000092e-09,6.631499999999999773e+01,6.307000000000000000e+07,6.970000000000000000e+07
6.915260460553719103e+07,-1.446077130000000072e-09,6.632000000000000739e+01,6.307000000000000000e+07,6.970000000000000000e+07
6.919878970209629834e+07,-1.445111980000000121e-09,6.632500000000000284e+01,6.307000000000000000e+07,6.970000000000000000e+07
6.920002610778585076e+07,-1.445086160000000079e-09,6.632999999999999829e+01,6.307000000000000000e+07,6.970000000000000000e+07
6.921221966377712786e+07,-1.444831570000000235e-09,6.633500000000000796e+01,6.307000000000000000e+07,6.970000000000000000e+07
6.924936705386018753e+07,-1.444056520000000085e-09,6.634000000000000341e+01,6.307000000000000000e+07,6.970000000000000000e+07
6.923652235970641673e+07,-1.444324420000000078e-09,6.634499999999999886e+01,6.307000000000000000e+07,6.970000000000000000e+07
6.919839704957965016e+07,-1.445120180000000047e-09,6.634999999999999432e+01,6.307000000000000000e+07,6.970000000000000000e+07
6.918818486097756028e+07,-1.445333480000000005e-09,6.635500000000000398e+01,6.307000000000000000e+07,6.970000000000000000e+07
6.914399744985873997e+07,-1.446257140000000006e-09,6.635999999999999943e+01,6.307000000000000000e+07,6.970000000000000000e+07
6.903983219288849831e+07,-1.448439210000000218e-09,6.636499999999999488e+01,6.307000000000000000e+07,6.970000000000000000e+07
6.896749684635776281e+07,-1.449958380000000048e-09,6.637000000000000455e+01,6.307000000000000000e+07,6.970000000000000000e+07
6.893509879705977440e+07,-1.450639830000000139e-09,6.637500000000000000e+01,6.307000000000000000e+07,6.970000000000000000e+07
6.890241498416960239e+07,-1.451327940000000121e-09,6.637999999999999545e+01,6.307000000000000000e+07,6.970000000000000000e+07
6.889966009523986280e+07,-1.451385970000000132e-09,6.638500000000000512e+01,6.307000000000000000e+07,6.970000000000000000e+07
6.893443066560833156e+07,-1.450653889999999906e-09,6.639000000000000057e+01,6.307000000000000000e+07,6.970000000000000000e+07
6.893035087788832188e+07,-1.450739750000000227e-09,6.639499999999999602e+01,6.307000000000000000e+07,6.970000000000000000e+07
6.890958926825210452e+07,-1.451176840000000138e-09,6.640000000000000568e+01,6.307000000000000000e+07,6.970000000000000000e+07
6.894619186154600978e+07,-1.450406429999999978e-09,6.640500000000000114e+01,6.307000000000000000e+07,6.970000000000000000e+07
6.896512057303065062e+07,-1.450008339999999885e-09,6.640999999999999659e+01,6.307000000000000000e+07,6.970000000000000000e+07
6.894837524877434969e+07,-1.450360500000000102e-09,6.641500000000000625e+01,6.307000000000000000e+07,6.970000000000000000e+07
6.897710016146090627e+07,-1.449756510000000135e-09,6.642000000000000171e+01,6.307000000000000000e+07,6.970000000000000000e+07
6.902529028654855490e+07,-1.448744360000000091e-09,6.642499999999999716e+01,6.307000000000000000e+07,6.970000000000000000e+07
6.901996923710951209e+07,-1.448856050000000084e-09,6.643000000000000682e+01,6.307000000000000000e+07,6.970000000000000000e+07
6.901937329636029899e+07,-1.448868559999999977e-09,6.643500000000000227e+01,6.307000000000000000e+07,6.970000000000000000e+07
6.905922584815002978e+07,-1.448032449999999967e-09,6.643999999999999773e+01,6.307000000000000000e+07,6.970000000000000000e+07
6.906194247804568708e+07,-1.447975489999999967e-09,6.644500000000000739e+01,6.307000000000000000e+07,6.970000000000000000e+07
6.904980848552267253e+07,-1.448229940000000221e-09,6.645000000000000284e+01,6.307000000000000000e+07,6.970000000000000000e+07
6.908808808609636128e+07,-1.447427520000000155e-09,6.645499999999999829e+01,6.307000000000000000e+07,6.970000000000000000e+07
6.911648575956413150e+07,-1.446832820000000007e-09,6.646000000000000796e+01,6.307000000000000000e+07,6.970000000000000000e+07
6.910513248518116772e+07,-1.447070520000000091e-09,6.646500000000000341e+01,6.307000000000000000e+07,6.970000000000000000e+07
6.913941335608775914e+07,-1.446353030000000133e-09,6.646999999999999886e+01,6.307000000000000000e+07,6.970000000000000000e+07
6.919203478455184400e+07,-1.445253060000000136e-09,6.647499999999999432e+01,6.307000000000000000e+07,6.970000000000000000e+07
6.915049816226327419e+07,-1.446121180000000052e-09,6.648000000000000398e+01,6.307000000000000000e+07,6.970000000000000000e+07
6.908609487035192549e+07,-1.447469280000000067e-09,6.648499999999999943e+01,6.307000000000000000e+07,6.970000000000000000e+07
6.904125549866135418e+07,-1.448409349999999964e-09,6.648999999999999488e+01,6.307000000000000000e+07,6.970000000000000000e+07
6.894060495946164429e+07,-1.450523970000000182e-09,6.649500000000000455e+01,6.307000000000000000e+07,6.970000000000000000e+07
6.881596401541672647e+07,-1.453151190000000226e-09,6.650000000000000000e+01,6.307000000000000000e+07,6.970000000000000000e+07
6.873300486242708564e+07,-1.454905110000000027e-09,6.650499999999999545e+01,6.307000000000000000e+07,6.970000000000000000e+07
6.861667856548489630e+07,-1.457371620000000086e-09,6.651000000000000512e+01,6.307000000000000000e+07,6.970000000000000000e+07
6.845569182414026558e+07,-1.460798910000000067e-09,6.651500000000000057e+01,6.307000000000000000e+07,6.970000000000000000e+07
6.833214050471130013e+07,-1.463440180000000248e-09,6.651999999999999602e+01,6.307000000000000000e+07,6.970000000000000000e+07
6.823311335523451865e+07,-1.465564080000000239e-09,6.652500000000000568e+01,6.307000000000000000e+07,6.970000000000000000e+07
6.810350441428527236e+07,-1.468353220000000076e-09,6.653000000000000114e+01,6.307000000000000000e+07,6.970000000000000000e+07
6.800013202905634046e+07,-1.470585380000000084e-09,6.653499999999999659e+01,6.307000000000000000e+07,6.970000000000000000e+07
6.793054387197375298e+07,-1.472091850000000001e-09,6.654000000000000625e+01,6.307000000000000000e+07,6.970000000000000000e+07
6.781895088138559461e+07,-1.474514110000000223e-09,6.654500000000000171e+01,6.307000000000000000e+07,6.970000000000000000e+07
6.768528920682053268e+07,-1.477425910000000118e-09,6.654999999999999716e+01,6.307000000000000000e+07,6.970000000000000000e+07
6.759707963040755689e+07,-1.479353850000000260e-09,6.655500000000000682e+01,6.307000000000000000e+07,6.970000000000000000e+07
6.749480861992129683e+07,-1.481595430000000044e-09,6.656000000000000227e+01,6.307000000000000000e+07,6.970000000000000000e+07
6.736143792635411024e+07,-1.484528880000000223e-09,6.656499999999999773e+01,6.307000000000000000e+07,6.970000000000000000e+07
6.726842171458823979e+07,-1.486581630000000281e-09,6.657000000000000739e+01,6.307000000000000000e+07,6.970000000000000000e+07
6.719092836462688446e+07,-1.488296150000000137e-09,6.657500000000000284e+01,6.307000000000000000e+07,6.970000000000000000e+07
6.708144465525906533e+07,-1.490725200000000001e-09,6.657999999999999829e+01,6.307000000000000000e+07,6.970000000000000000e+07
6.700067395977935195e+07,-1.492522300000000249e-09,6.658500000000000796e+01,6.307000000000000000e+07,6.970000000000000000e+07
6.695350799289638549e+07,-1.493573720000000279e-09,6.659000000000000341e+01,6.307000000000000000e+07,6.970000000000000000e+07
6.686323119372999668e+07,-1.495590300000000098e-09,6.659499999999999886e+01,6.307000000000000000e+07,6.970000000000000000e+07
6.676131774744082987e+07,-1.497873370000000039e-09,6.659999999999999432e+01,6.307000000000000000e+07,6.970000000000000000e+07
6.672031246670239419e+07,-1.498793940000000130e-09,6.660500000000000398e+01,6.307000000000000000e+07,6.970000000000000000e+07
6.668459637637637556e+07,-1.499596690000000012e-09,6.660999999999999943e+01,6.307000000000000000e+07,6.970000000000000000e+07
6.662954379424323142e+07,-1.500835729999999962e-09,6.661499999999999488e+01,6.307000000000000000e+07,6.970000000000000000e+07
6.662311114152678102e+07,-1.500980640000000081e-09,6.662000000000000455e+01,6.307000000000000000e+07,6.970000000000000000e+07
6.662663338772930950e+07,-1.500901290000000222e-09,6.662500000000000000e+01,6.307000000000000000e+07,6.970000000000000000e+07
6.658420124563460052e+07,-1.501857770000000015e-09,6.662999999999999545e+01,6.307000000000000000e+07,6.970000000000000000e+07
6.656240376116454601e+07,-1.502349589999999918e-09,6.663500000000000512e+01,6.307000000000000000e+07,6.970000000000000000e+07
6.656820784937691689e+07,-1.502218599999999977e-09,6.664000000000000057e+01,6.307000000000000000e+07,6.970000000000000000e+07
6.651761665197758377e+07,-1.503361139999999978e-09,6.664499999999999602e+01,6.307000000000000000e+07,6.970000000000000000e+07
6.646419104126776010e+07,-1.504569580000000100e-09,6.665000000000000568e+01,6.307000000000000000e+07,6.970000000000000000e+07
6.646652885851061344e+07,-1.504516660000000105e-09,6.665500000000000114e+01,6.307000000000000000e+07,6.970000000000000000e+07
6.643864878112551570e+07,-1.505148010000000150e-09,6.665999999999999659e+01,6.307000000000000000e+07,6.970000000000000000e+07
6.636153500149907917e+07,-1.506897030000000043e-09,6.666500000000000625e+01,6.307000000000000000e+07,6.970000000000000000e+07
6.632435297393523902e+07,-1.507741810000000005e-09,6.667000000000000171e+01,6.307000000000000000e+07,6.970000000000000000e+07
6.629459400335431844e+07,-1.508418620000000106e-09,6.667499999999999716e+01,6.307000000000000000e+07,6.970000000000000000e+07
6.621605098927277327e+07,-1.510207850000000038e-09,6.668000000000000682e+01,6.307000000000000000e+07,6.970000000000000000e+07
6.616898765419027954e+07,-1.511282000000000200e-09,6.668500000000000227e+01,6.307000000000000000e+07,6.970000000000000000e+07
6.618041270237721503e+07,-1.511021100000000164e-09,6.668999999999999773e+01,6.307000000000000000e+07,6.970000000000000000e+07
6.617431695482151210e+07,-1.511160290000000238e-09,6.669500000000000739e+01,6.307000000000000000e+07,6.970000000000000000e+07
6.616860192513179779e+07,-1.511290810000000154e-09,6.670000000000000284e+01,6.307000000000000000e+07,6.970000000000000000e+07
6.620868091676988453e+07,-1.510375960000000108e-09,6.670499999999999829e+01,6.307000000000000000e+07,6.970000000000000000e+07
6.622950118290856481e+07,-1.509901150000000085e-09,6.671000000000000796e+01,6.307000000000000000e+07,6.970000000000000000e+07
6.620813867119854689e+07,-1.510388330000000205e-09,6.671500000000000341e+01,6.307000000000000000e+07,6.970000000000000000e+07
6.621979561988500506e+07,-1.510122449999999905e-09,6.671999999999999886e+01,6.307000000000000000e+07,6.970000000000000000e+07
6.623723565414741635e+07,-1.509724840000000089e-09,6.672499999999999432e+01,6.307000000000000000e+07,6.970000000000000000e+07
6.621211826768837869e+07,-1.510297550000000094e-09,6.673000000000000398e+01,6.307000000000000000e+07,6.970000000000000000e+07
6.621440287215831131e+07,-1.510245440000000192e-09,6.673499999999999943e+01,6.307000000000000000e+07,6.970000000000000000e+07
6.625115795430151373e+07,-1.509407580000000037e-09,6.673999999999999488e+01,6.307000000000000000e+07,6.970000000000000000e+07
6.624727416481448710e+07,-1.509496070000000080e-09,6.674500000000000455e+01,6.307000000000000000e+07,6.970000000000000000e+07
6.623178128448419273e+07,-1.509849170000000141e-09,6.675000000000000000e+01,6.307000000000000000e+07,6.970000000000000000e+07
6.624860484578732401e+07,-1.509465750000000051e-09,6.675499999999999545e+01,6.307000000000000000e+07,6.970000000000000000e+07
6.624900643052606285e+07,-1.509456600000000030e-09,6.676000000000000512e+01,6.307000000000000000e+07,6.970000000000000000e+07
6.622490899621348828e+07,-1.510005850000000166e-09,6.676500000000000057e+01,6.307000000000000000e+07,6.970000000000000000e+07
6.623761648017333448e+07,-1.509716160000000093e-09,6.676999999999999602e+01,6.307000000000000000e+07,6.970000000000000000e+07
6.625859938888633251e+07,-1.509238060000000097e-09,6.677500000000000568e+01,6.307000000000000000e+07,6.970000000000000000e+07
6.622983454694538563e+07,-1.509893549999999937e-09,6.678000000000000114e+01,6.307000000000000000e+07,6.970000000000000000e+07
6.621909664848662913e+07,-1.510138390000000188e-09,6.678499999999999659e+01,6.307000000000000000e+07,6.970000000000000000e+07
6.623872256768844277e+07,-1.509690950000000081e-09,6.679000000000000625e+01,6.307000000000000000e+07,6.970000000000000000e+07
6.621715065653941035e+07,-1.510182769999999984e-09,6.679500000000000171e+01,6.307000000000000000e+07,6.970000000000000000e+07
6.618580604751226306e+07,-1.510897970000000081e-09,6.679999999999999716e+01,6.307000000000000000e+07,6.970000000000000000e+07
6.620047848381838948e+07,-1.510563099999999957e-09,6.680500000000000682e+01,6.307000000000000000e+07,6.970000000000000000e+07
6.619721061238993704e+07,-1.510637670000000029e-09,6.681000000000000227e+01,6.307000000000000000e+07,6.970000000000000000e+07
6.616131594963282347e+07,-1.511457239999999978e-09,6.681499999999999773e+01,6.307000000000000000e+07,6.970000000000000000e+07
6.617261793083795160e+07,-1.511199090000000199e-09,6.682000000000000739e+01,6.307000000000000000e+07,6.970000000000000000e+07
6.619790868361262232e+07,-1.510621739999999997e-09,6.682500000000000284e+01,6.307000000000000000e+07,6.970000000000000000e+07
6.618249231909158081e+07,-1.510973620000000001e-09,6.682999999999999829e+01,6.307000000000000000e+07,6.970000000000000000e+07
6.618059534250221401e+07,-1.511016930000000200e-09,6.683500000000000796e+01,6.307000000000000000e+07,6.970000000000000000e+07
6.620588079827131331e+07,-1.510439840000000122e-09,6.684000000000000341e+01,6.307000000000000000e+07,6.970000000000000000e+07
6.617384270816398412e+07,-1.511171120000000092e-09,6.684499999999999886e+01,6.307000000000000000e+07,6.970000000000000000e+07
6.611683160182497650e+07,-1.512474170000000016e-09,6.684999999999999432e+01,6.307000000000000000e+07,6.970000000000000000e+07
6.610946873888823390e+07,-1.512642620000000153e-09,6.685500000000000398e+01,6.307000000000000000e+07,6.970000000000000000e+07
6.608834518154171109e+07,-1.513126100000000127e-09,6.685999999999999943e+01,6.307000000000000000e+07,6.970000000000000000e+07
6.603460063835252076e+07,-1.514357610000000035e-09,6.686499999999999488e+01,6.307000000000000000e+07,6.970000000000000000e+07
6.601887014724664390e+07,-1.514718439999999996e-09,6.687000000000000455e+01,6.307000000000000000e+07,6.970000000000000000e+07
6.600553193683273345e+07,-1.515024530000000127e-09,6.687500000000000000e+01,6.307000000000000000e+07,6.970000000000000000e+07
6.595915012637640536e+07,-1.516089880000000172e-09,6.687999999999999545e+01,6.307000000000000000e+07,6.970000000000000000e+07
6.594523067902175337e+07,-1.516409890000000067e-09,6.688500000000000512e+01,6.307000000000000000e+07,6.970000000000000000e+07
6.596633028367910534e+07,-1.515924860000000012e-09,6.689000000000000057e+01,6.307000000000000000e+07,6.970000000000000000e+07
6.595231385218278319e+07,-1.516247030000000016e-09,6.689499999999999602e+01,6.307000000000000000e+07,6.970000000000000000e+07
6.593388624611220509e+07,-1.516670800000000147e-09,6.690000000000000568e+01,6.307000000000000000e+07,6.970000000000000000e+07
6.597801671863150597e+07,-1.515656349999999990e-09,6.690500000000000114e+01,6.307000000000000000e+07,6.970000000000000000e+07
6.601017000206374377e+07,-1.514918080000000108e-09,6.690999999999999659e+01,6.307000000000000000e+07,6.970000000000000000e+07
6.600817439951109141e+07,-1.514963880000000232e-09,6.691500000000000625e+01,6.307000000000000000e+07,6.970000000000000000e+07
6.604257446450518817e+07,-1.514174769999999901e-09,6.692000000000000171e+01,6.307000000000000000e+07,6.970000000000000000e+07
6.608342012784802914e+07,-1.513238869999999969e-09,6.692499999999999716e+01,6.307000000000000000e+07,6.970000000000000000e+07
6.607909793573192507e+07,-1.513337850000000212e-09,6.693000000000000682e+01,6.307000000000000000e+07,6.970000000000000000e+07
6.609359990556546301e+07,-1.513005800000000036e-09,6.693500000000000227e+01,6.307000000000000000e+07,6.970000000000000000e+07
6.614586893152415007e+07,-1.511810210000000081e-09,6.693999999999999773e+01,6.307000000000000000e+07,6.970000000000000000e+07
6.615622420548144728e+07,-1.511573569999999962e-09,6.694500000000000739e+01,6.307000000000000000e+07,6.970000000000000000e+07
6.615899955313564837e+07,-1.511510160000000180e-09,6.695000000000000284e+01,6.307000000000000000e+07,6.970000000000000000e+07
6.620299238320007920e+07,-1.510505740000000036e-09,6.695499999999999829e+01,6.307000000000000000e+07,6.970000000000000000e+07
6.621765183280461282e+07,-1.510171340000000145e-09,6.696000000000000796e+01,6.307000000000000000e+07,6.970000000000000000e+07
6.619411350973203778e+07,-1.510708350000000144e-09,6.696500000000000341e+01,6.307000000000000000e+07,6.970000000000000000e+07
6.621451774225286394e+07,-1.510242820000000101e-09,6.696999999999999886e+01,6.307000000000000000e+07,6.970000000000000000e+07
6.624744532460873574e+07,-1.509492170000000077e-09,6.697499999999999432e+01,6.307000000000000000e+07,6.970000000000000000e+07
6.624409865275202692e+07,-1.509568430000000233e-09,6.698000000000000398e+01,6.307000000000000000e+07,6.970000000000000000e+07
6.628314092420147359e+07,-1.508679260000000225e-09,6.698499999999999943e+01,6.307000000000000000e+07,6.970000000000000000e+07
6.634394054850490391e+07,-1.507296659999999965e-09,6.698999999999999488e+01,6.307000000000000000e+07,6.970000000000000000e+07
6.634220331466478854e+07,-1.507336130000000222e-09,6.699500000000000455e+01,6.307000000000000000e+07,6.970000000000000000e+07
6.633134051433772594e+07,-1.507582980000000122e-09,6.700000000000000000e+01,6.307000000000000000e+07,6.970000000000000000e+07
6.636879686943694949e+07,-1.506732150000000093e-09,6.700499999999999545e+01,6.307000000000000000e+07,6.970000000000000000e+07
6.638735294371481240e+07,-1.506311000000000052e-09,6.701000000000000512e+01,6.307000000000000000e+07,6.970000000000000000e+07
6.637563120653221756e+07,-1.506577010000000104e-09,6.701500000000000057e+01,6.307000000000000000e+07,6.970000000000000000e+07
6.640489061925867200e+07,-1.505913180000000128e-09,6.701999999999999602e+01,6.307000000000000000e+07,6.970000000000000000e+07
6.644092829750163853e+07,-1.505096370000000066e-09,6.702500000000000568e+01,6.307000000000000000e+07,6.970000000000000000e+07
6.644673197064773738e+07,-1.504964910000000099e-09,6.703000000000000114e+01,6.307000000000000000e+07,6.970000000000000000e+07
6.647987594323309511e+07,-1.504214600000000142e-09,6.703499999999999659e+01,6.307000000000000000e+07,6.970000000000000000e+07
6.654763867283458263e+07,-1.502682920000000213e-09,6.704000000000000625e+01,6.307000000000000000e+07,6.970000000000000000e+07
6.656732292527943105e+07,-1.502238570000000221e-09,6.704500000000000171e+01,6.307000000000000000e+07,6.970000000000000000e+07
6.657606950744047761e+07,-1.502041210000000133e-09,6.704999999999999716e+01,6.307000000000000000e+07,6.970000000000000000e+07
6.661780472749253362e+07,-1.501100200000000184e-09,6.705500000000000682e+01,6.307000000000000000e+07,6.970000000000000000e+07
6.662146355949845165e+07,-1.501017760000000209e-09,6.706000000000000227e+01,6.307000000000000000e+07,6.970000000000000000e+07
6.659667711084594578e+07,-1.501576420000000078e-09,6.706499999999999773e+01,6.307000000000000000e+07,6.970000000000000000e+07
6.661437882025135309e+07,-1.501177400000000185e-09,6.707000000000000739e+01,6.307000000000000000e+07,6.970000000000000000e+07
6.663482499342747033e+07,-1.500716780000000094e-09,6.707500000000000284e+01,6.307000000000000000e+07,6.970000000000000000e+07
6.660484094507553428e+07,-1.501392370000000138e-09,6.707999999999999829e+01,6.307000000000000000e+07,6.970000000000000000e+07
6.658901632687434554e+07,-1.501749170000000138e-09,6.708500000000000796e+01,6.307000000000000000e+07,6.970000000000000000e+07
6.661074162021715939e+07,-1.501259370000000134e-09,6.709000000000000341e+01,6.307000000000000000e+07,6.970000000000000000e+07
6.660915765213296562e+07,-1.501295070000000141e-09,6.709499999999999886e+01,6.307000000000000000e+07,6.970000000000000000e+07
6.661473692644653469e+07,-1.501169330000000011e-09,6.709999999999999432e+01,6.307000000000000000e+07,6.970000000000000000e+07
6.668800816303899884e+07,-1.499519970000000081e-09,6.710500000000000398e+01,6.307000000000000000e+07,6.970000000000000000e+07
6.675320552230578661e+07,-1.498055400000000079e-09,6.710999999999999943e+01,6.307000000000000000e+07,6.970000000000000000e+07
6.678572334949102998e+07,-1.497326000000000005e-09,6.711499999999999488e+01,6.307000000000000000e+07,6.970000000000000000e+07
6.684431791914279014e+07,-1.496013470000000245e-09,6.712000000000000455e+01,6.307000000000000000e+07,6.970000000000000000e+07
6.687622689035970718e+07,-1.495299670000000180e-09,6.712500000000000000e+01,6.307000000000000000e+07,6.970000000000000000e+07
6.684411685241989791e+07,-1.496017970000000025e-09,6.712999999999999545e+01,6.307000000000000000e+07,6.970000000000000000e+07
6.682813636422900856e+07,-1.496375710000000076e-09,6.713500000000000512e+01,6.307000000000000000e+07,6.970000000000000000e+07
6.683600548918766528e+07,-1.496199530000000039e-09,6.714000000000000057e+01,6.307000000000000000e+07,6.970000000000000000e+07
6.678969774255497009e+07,-1.497236900000000140e-09,6.714499999999999602e+01,6.307000000000000000e+07,6.970000000000000000e+07
6.673212999643142521e+07,-1.498528520000000225e-09,6.715000000000000568e+01,6.307000000000000000e+07,6.970000000000000000e+07
6.671784013962495327e+07,-1.498849480000000216e-09,6.715500000000000114e+01,6.307000000000000000e+07,6.970000000000000000e+07
6.668373814819086343e+07,-1.499615989999999960e-09,6.715999999999999659e+01,6.307000000000000000e+07,6.970000000000000000e+07
6.662100418625736982e+07,-1.501028110000000200e-09,6.716500000000000625e+01,6.307000000000000000e+07,6.970000000000000000e+07
6.659907171683076769e+07,-1.501522430000000073e-09,6.717000000000000171e+01,6.307000000000000000e+07,6.970000000000000000e+07
6.658301487398634851e+07,-1.501884530000000108e-09,6.717499999999999716e+01,6.307000000000000000e+07,6.970000000000000000e+07
6.652683524220777303e+07,-1.503152820000000077e-09,6.718000000000000682e+01,6.307000000000000000e+07,6.970000000000000000e+07
6.650573829799113423e+07,-1.503629649999999999e-09,6.718500000000000227e+01,6.307000000000000000e+07,6.970000000000000000e+07
6.652276993257012218e+07,-1.503244680000000242e-09,6.718999999999999773e+01,6.307000000000000000e+07,6.970000000000000000e+07
6.651139006224588305e+07,-1.503501880000000133e-09,6.719500000000000739e+01,6.307000000000000000e+07,6.970000000000000000e+07
6.650573829799113423e+07,-1.503629649999999999e-09,6.720000000000000284e+01,6.307000000000000000e+07,6.970000000000000000e+07
6.654850845892767608e+07,-1.502663279999999990e-09,6.720499999999999829e+01,6.307000000000000000e+07,6.970000000000000000e+07
6.656611012561464310e+07,-1.502265940000000137e-09,6.721000000000000796e+01,6.307000000000000000e+07,6.970000000000000000e+07
6.655524209885284305e+07,-1.502511250000000000e-09,6.721500000000000341e+01,6.307000000000000000e+07,6.970000000000000000e+07
6.659418688554418087e+07,-1.501632569999999986e-09,6.721999999999999886e+01,6.307000000000000000e+07,6.970000000000000000e+07
6.663356222450603545e+07,-1.500745220000000020e-09,6.722499999999999432e+01,6.307000000000000000e+07,6.970000000000000000e+07
6.662318571074439585e+07,-1.500978960000000249e-09,6.723000000000000398e+01,6.307000000000000000e+07,6.970000000000000000e+07
6.663571792959332466e+07,-1.500696670000000053e-09,6.723499999999999943e+01,6.307000000000000000e+07,6.970000000000000000e+07
6.667352514995375276e+07,-1.499845700000000228e-09,6.723999999999999488e+01,6.307000000000000000e+07,6.970000000000000000e+07
6.666521336501531303e+07,-1.500032700000000074e-09,6.724500000000000455e+01,6.307000000000000000e+07,6.970000000000000000e+07
6.666117289720429480e+07,-1.500123620000000188e-09,6.725000000000000000e+01,6.307000000000000000e+07,6.970000000000000000e+07
6.671822651211523265e+07,-1.498840800000000013e-09,6.725499999999999545e+01,6.307000000000000000e+07,6.970000000000000000e+07
6.676221407696504891e+07,-1.497853260000000204e-09,6.726000000000000512e+01,6.307000000000000000e+07,6.970000000000000000e+07
6.678063405153477937e+07,-1.497440110000000232e-09,6.726500000000000057e+01,6.307000000000000000e+07,6.970000000000000000e+07
6.683596349892872572e+07,-1.496200470000000091e-09,6.726999999999999602e+01,6.307000000000000000e+07,6.970000000000000000e+07
6.688818964867272973e+07,-1.495032240000000007e-09,6.727500000000000568e+01,6.307000000000000000e+07,6.970000000000000000e+07
6.689093636842484027e+07,-1.494970850000000124e-09,6.728000000000000114e+01,6.307000000000000000e+07,6.970000000000000000e+07
6.692042311133485287e+07,-1.494312129999999958e-09,6.728499999999999659e+01,6.307000000000000000e+07,6.970000000000000000e+07
6.697482632607091963e+07,-1.493098310000000064e-09,6.729000000000000625e+01,6.307000000000000000e+07,6.970000000000000000e+07
6.698121850651951134e+07,-1.492955819999999972e-09,6.729500000000000171e+01,6.307000000000000000e+07,6.970000000000000000e+07
6.697814450901717693e+07,-1.493024340000000184e-09,6.729999999999999716e+01,6.307000000000000000e+07,6.970000000000000000e+07
6.701800228865137696e+07,-1.492136390000000027e-09,6.730500000000000682e+01,6.307000000000000000e+07,6.970000000000000000e+07
6.703511624509231001e+07,-1.491755450000000231e-09,6.731000000000000227e+01,6.307000000000000000e+07,6.970000000000000000e+07
6.702465068796312809e+07,-1.491988380000000160e-09,6.731499999999999773e+01,6.307000000000000000e+07,6.970000000000000000e+07
6.705497802108810097e+07,-1.491313590000000165e-09,6.732000000000000739e+01,6.307000000000000000e+07,6.970000000000000000e+07
6.706245631844993681e+07,-1.491147290000000092e-09,6.732500000000000284e+01,6.307000000000000000e+07,6.970000000000000000e+07
6.701504886586578935e+07,-1.492202150000000144e-09,6.732999999999999829e+01,6.307000000000000000e+07,6.970000000000000000e+07
6.699479421641176194e+07,-1.492653290000000190e-09,6.733500000000000796e+01,6.307000000000000000e+07,6.970000000000000000e+07
6.699081647013704479e+07,-1.492741920000000236e-09,6.734000000000000341e+01,6.307000000000000000e+07,6.970000000000000000e+07
6.695697470015310496e+07,-1.493496390000000113e-09,6.734499999999999886e+01,6.307000000000000000e+07,6.970000000000000000e+07
6.694559011222203076e+07,-1.493750370000000135e-09,6.734999999999999432e+01,6.307000000000000000e+07,6.970000000000000000e+07
6.698342413450013846e+07,-1.492906660000000183e-09,6.735500000000000398e+01,6.307000000000000000e+07,6.970000000000000000e+07
6.698087753549916297e+07,-1.492963420000000120e-09,6.735999999999999943e+01,6.307000000000000000e+07,6.970000000000000000e+07
6.694044012495932728e+07,-1.493865290000000041e-09,6.736499999999999488e+01,6.307000000000000000e+07,6.970000000000000000e+07
6.693242274360243976e+07,-1.494044230000000172e-09,6.737000000000000455e+01,6.307000000000000000e+07,6.970000000000000000e+07
6.691446117662107944e+07,-1.494445269999999964e-09,6.737500000000000000e+01,6.307000000000000000e+07,6.970000000000000000e+07
6.685912466857262701e+07,-1.495682160000000263e-09,6.737999999999999545e+01,6.307000000000000000e+07,6.970000000000000000e+07
6.683618551185323298e+07,-1.496195500000000078e-09,6.738500000000000512e+01,6.307000000000000000e+07,6.970000000000000000e+07
6.686461400726605207e+07,-1.495559370000000247e-09,6.739000000000000057e+01,6.307000000000000000e+07,6.970000000000000000e+07
6.685366975169610977e+07,-1.495804200000000041e-09,6.739499999999999602e+01,6.307000000000000000e+07,6.970000000000000000e+07
6.683407086512774229e+07,-1.496242840000000238e-09,6.740000000000000568e+01,6.307000000000000000e+07,6.970000000000000000e+07
6.684374421195840836e+07,-1.496026310000000160e-09,6.740500000000000114e+01,6.307000000000000000e+07,6.970000000000000000e+07
6.681078287018027902e+07,-1.496764379999999979e-09,6.740999999999999659e+01,6.307000000000000000e+07,6.970000000000000000e+07
6.675153055752567202e+07,-1.498092990000000026e-09,6.741500000000000625e+01,6.307000000000000000e+07,6.970000000000000000e+07
6.674073998928944021e+07,-1.498335200000000143e-09,6.742000000000000171e+01,6.307000000000000000e+07,6.970000000000000000e+07
6.672416822035560012e+07,-1.498707330000000191e-09,6.742499999999999716e+01,6.307000000000000000e+07,6.970000000000000000e+07
6.665482965765053034e+07,-1.500266380000000036e-09,6.743000000000000682e+01,6.307000000000000000e+07,6.970000000000000000e+07
6.661286301312521100e+07,-1.501211560000000155e-09,6.743500000000000227e+01,6.307000000000000000e+07,6.970000000000000000e+07
6.660106727943911403e+07,-1.501477440000000042e-09,6.743999999999999773e+01,6.307000000000000000e+07,6.970000000000000000e+07
6.654421422179619968e+07,-1.502760249999999965e-09,6.744500000000000739e+01,6.307000000000000000e+07,6.970000000000000000e+07
6.650147655555947870e+07,-1.503726010000000152e-09,6.745000000000000284e+01,6.307000000000000000e+07,6.970000000000000000e+07
6.651023282545498759e+07,-1.503528040000000034e-09,6.745499999999999829e+01,6.307000000000000000e+07,6.970000000000000000e+07
6.649135511649082601e+07,-1.503954910000000120e-09,6.746000000000000796e+01,6.307000000000000000e+07,6.970000000000000000e+07
6.645651300775592029e+07,-1.504743410000000008e-09,6.746500000000000341e+01,6.307000000000000000e+07,6.970000000000000000e+07
6.647589061041207612e+07,-1.504304780000000062e-09,6.746999999999999886e+01,6.307000000000000000e+07,6.970000000000000000e+07
6.649254441374490410e+07,-1.503928010000000230e-09,6.747499999999999432e+01,6.307000000000000000e+07,6.970000000000000000e+07
6.646502551535834372e+07,-1.504550690000000117e-09,6.748000000000000398e+01,6.307000000000000000e+07,6.970000000000000000e+07
6.646316001540137827e+07,-1.504592920000000054e-09,6.748499999999999943e+01,6.307000000000000000e+07,6.970000000000000000e+07
6.646825758840014040e+07,-1.504477530000000122e-09,6.748999999999999488e+01,6.307000000000000000e+07,6.970000000000000000e+07
6.644265569593884796e+07,-1.505057240000000083e-09,6.749500000000000455e+01,6.307000000000000000e+07,6.970000000000000000e+07
6.642916645359511673e+07,-1.505362859999999982e-09,6.750000000000000000e+01,6.307000000000000000e+07,6.970000000000000000e+07
6.645849385274881124e+07,-1.504698560000000187e-09,6.750499999999999545e+01,6.307000000000000000e+07,6.970000000000000000e+07
6.645419090995849669e+07,-1.504795990000000143e-09,6.751000000000000512e+01,6.307000000000000000e+07,6.970000000000000000e+07
6.642063621683890373e+07,-1.505556190000000109e-09,6.751500000000000057e+01,6.307000000000000000e+07,6.970000000000000000e+07
6.641361529587913305e+07,-1.505715350000000014e-09,6.751999999999999602e+01,6.307000000000000000e+07,6.970000000000000000e+07
6.639184029942081869e+07,-1.506209190000000230e-09,6.752500000000000568e+01,6.307000000000000000e+07,6.970000000000000000e+07
6.633954284279987216e+07,-1.507396580000000053e-09,6.753000000000000114e+01,6.307000000000000000e+07,6.970000000000000000e+07
6.631245471108014882e+07,-1.508012340000000132e-09,6.753499999999999659e+01,6.307000000000000000e+07,6.970000000000000000e+07
6.630554544838023931e+07,-1.508169480000000138e-09,6.754000000000000625e+01,6.307000000000000000e+07,6.970000000000000000e+07
6.624781134621362388e+07,-1.509483830000000148e-09,6.754500000000000171e+01,6.307000000000000000e+07,6.970000000000000000e+07
6.619497407907417417e+07,-1.510688710000000128e-09,6.754999999999999716e+01,6.307000000000000000e+07,6.970000000000000000e+07
6.619195123082940280e+07,-1.510757700000000159e-09,6.755500000000000682e+01,6.307000000000000000e+07,6.970000000000000000e+07
6.616944081495870650e+07,-1.511271650000000209e-09,6.756000000000000227e+01,6.307000000000000000e+07,6.970000000000000000e+07
6.612695958317584544e+07,-1.512242520000000205e-09,6.756499999999999773e+01,6.307000000000000000e+07,6.970000000000000000e+07
6.613452316218492389e+07,-1.512069570000000081e-09,6.757000000000000739e+01,6.307000000000000000e+07,6.970000000000000000e+07
6.613004428239703178e+07,-1.512171980000000094e-09,6.757500000000000284e+01,6.307000000000000000e+07,6.970000000000000000e+07
6.608868891890887171e+07,-1.513118230000000017e-09,6.757999999999999829e+01,6.307000000000000000e+07,6.970000000000000000e+07
6.607871893029021472e+07,-1.513346530000000001e-09,6.758500000000000796e+01,6.307000000000000000e+07,6.970000000000000000e+07
6.608758172175571322e+07,-1.513143580000000033e-09,6.759000000000000341e+01,6.307000000000000000e+07,6.970000000000000000e+07
6.604950275490494817e+07,-1.514015940000000018e-09,6.759499999999999886e+01,6.307000000000000000e+07,6.970000000000000000e+07
6.601574917923443764e+07,-1.514790050000000117e-09,6.759999999999999432e+01,6.307000000000000000e+07,6.970000000000000000e+07
6.601576966221275181e+07,-1.514789580000000091e-09,6.760500000000000398e+01,6.307000000000000000e+07,6.970000000000000000e+07
6.598580097738828510e+07,-1.515477550000000070e-09,6.760999999999999943e+01,6.307000000000000000e+07,6.970000000000000000e+07
6.593530435848582536e+07,-1.516638180000000006e-09,6.761499999999999488e+01,6.307000000000000000e+07,6.970000000000000000e+07
6.594144398455342650e+07,-1.516496970000000032e-09,6.762000000000000455e+01,6.307000000000000000e+07,6.970000000000000000e+07
6.595525395068014413e+07,-1.516179440000000018e-09,6.762500000000000000e+01,6.307000000000000000e+07,6.970000000000000000e+07
6.594323334787293524e+07,-1.516455820000000150e-09,6.762999999999999545e+01,6.307000000000000000e+07,6.970000000000000000e+07
6.596513928410528600e+07,-1.515952229999999927e-09,6.763500000000000512e+01,6.307000000000000000e+07,6.970000000000000000e+07
6.600782278510172665e+07,-1.514971950000000199e-09,6.764000000000000057e+01,6.307000000000000000e+07,6.970000000000000000e+07
6.600835609020914882e+07,-1.514959710000000268e-09,6.764499999999999602e+01,6.307000000000000000e+07,6.970000000000000000e+07
6.602803907090361416e+07,-1.514508100000000196e-09,6.765000000000000568e+01,6.307000000000000000e+07,6.970000000000000000e+07
6.610946873888823390e+07,-1.512642620000000153e-09,6.765500000000000114e+01,6.307000000000000000e+07,6.970000000000000000e+07
6.616504563628159463e+07,-1.511372039999999909e-09,6.765999999999999659e+01,6.307000000000000000e+07,6.970000000000000000e+07
6.619427563157364726e+07,-1.510704650000000205e-09,6.766500000000000625e+01,6.307000000000000000e+07,6.970000000000000000e+07
6.625889748494278640e+07,-1.509231270000000041e-09,6.767000000000000171e+01,6.307000000000000000e+07,6.970000000000000000e+07
6.630343742944277823e+07,-1.508217430000000121e-09,6.767499999999999716e+01,6.307000000000000000e+07,6.970000000000000000e+07
6.630603609308073670e+07,-1.508158320000000055e-09,6.768000000000000682e+01,6.307000000000000000e+07,6.970000000000000000e+07
6.633117156065347046e+07,-1.507586820000000064e-09,6.768500000000000227e+01,6.307000000000000000e+07,6.970000000000000000e+07
6.637167906648924202e+07,-1.506666719999999998e-09,6.768999999999999773e+01,6.307000000000000000e+07,6.970000000000000000e+07
6.635769462326958776e+07,-1.506984239999999967e-09,6.769500000000000739e+01,6.307000000000000000e+07,6.970000000000000000e+07
6.634895777862840146e+07,-1.507182680000000110e-09,6.770000000000000284e+01,6.307000000000000000e+07,6.970000000000000000e+07
6.637931063094530255e+07,-1.506493500000000119e-09,6.770499999999999829e+01,6.307000000000000000e+07,6.970000000000000000e+07
6.637669476544822752e+07,-1.506552870000000102e-09,6.771000000000000796e+01,6.307000000000000000e+07,6.970000000000000000e+07
6.635159259049908072e+07,-1.507122830000000057e-09,6.771500000000000341e+01,6.307000000000000000e+07,6.970000000000000000e+07
6.637088834254880995e+07,-1.506684670000000136e-09,6.771999999999999886e+01,6.307000000000000000e+07,6.970000000000000000e+07
6.638166936051225662e+07,-1.506439970000000095e-09,6.772499999999999432e+01,6.307000000000000000e+07,6.970000000000000000e+07
6.635260783033627272e+07,-1.507099770000000109e-09,6.773000000000000398e+01,6.307000000000000000e+07,6.970000000000000000e+07
6.635764706719239056e+07,-1.506985320000000229e-09,6.773499999999999943e+01,6.307000000000000000e+07,6.970000000000000000e+07
6.639461473279902339e+07,-1.506146250000000061e-09,6.773999999999999488e+01,6.307000000000000000e+07,6.970000000000000000e+07
6.640191073888619989e+07,-1.505980760000000081e-09,6.774500000000000455e+01,6.307000000000000000e+07,6.970000000000000000e+07
6.642891448172058165e+07,-1.505368569999999982e-09,6.775000000000000000e+01,6.307000000000000000e+07,6.970000000000000000e+07
6.648329377544112504e+07,-1.504137269999999976e-09,6.775499999999999545e+01,6.307000000000000000e+07,6.970000000000000000e+07
6.649812539457078278e+07,-1.503801790000000031e-09,6.776000000000000512e+01,6.307000000000000000e+07,6.970000000000000000e+07
6.647451808367472142e+07,-1.504335840000000078e-09,6.776500000000000057e+01,6.307000000000000000e+07,6.970000000000000000e+07
6.646646656759662181e+07,-1.504518070000000182e-09,6.776999999999999602e+01,6.307000000000000000e+07,6.970000000000000000e+07
6.641957124931355566e+07,-1.505580329999999904e-09,6.777500000000000568e+01,6.307000000000000000e+07,6.970000000000000000e+07
6.632081511146830767e+07,-1.507822240000000125e-09,6.778000000000000114e+01,6.307000000000000000e+07,6.970000000000000000e+07
6.625303790882886201e+07,-1.509364750000000115e-09,6.778499999999999659e+01,6.307000000000000000e+07,6.970000000000000000e+07
6.620079665509087592e+07,-1.510555840000000290e-09,6.779000000000000625e+01,6.307000000000000000e+07,6.970000000000000000e+07
6.610253398048684001e+07,-1.512801310000000033e-09,6.779500000000000171e+01,6.307000000000000000e+07,6.970000000000000000e+07
6.601004668950011581e+07,-1.514920910000000100e-09,6.779999999999999716e+01,6.307000000000000000e+07,6.970000000000000000e+07
6.594914654714835435e+07,-1.516319849999999944e-09,6.780500000000000682e+01,6.307000000000000000e+07,6.970000000000000000e+07
6.585909454624921083e+07,-1.518393180000000069e-09,6.781000000000000227e+01,6.307000000000000000e+07,6.970000000000000000e+07
6.574428832688859105e+07,-1.521044680000000119e-09,6.781499999999999773e+01,6.307000000000000000e+07,6.970000000000000000e+07
6.568133325802750140e+07,-1.522502590000000025e-09,6.782000000000000739e+01,6.307000000000000000e+07,6.970000000000000000e+07
6.561299200230118632e+07,-1.524088399999999962e-09,6.782500000000000284e+01,6.307000000000000000e+07,6.970000000000000000e+07
6.551770022913505137e+07,-1.526305100000000170e-09,6.782999999999999829e+01,6.307000000000000000e+07,6.970000000000000000e+07
6.546027482344283164e+07,-1.527644060000000209e-09,6.783500000000000796e+01,6.307000000000000000e+07,6.970000000000000000e+07
6.542458442074989527e+07,-1.528477420000000169e-09,6.784000000000000341e+01,6.307000000000000000e+07,6.970000000000000000e+07
6.534869715184696019e+07,-1.530252390000000063e-09,6.784499999999999886e+01,6.307000000000000000e+07,6.970000000000000000e+07
6.528295739108672738e+07,-1.531793350000000180e-09,6.784999999999999432e+01,6.307000000000000000e+07,6.970000000000000000e+07
6.525914268516077101e+07,-1.532352340000000278e-09,6.785500000000000398e+01,6.307000000000000000e+07,6.970000000000000000e+07
6.521335743288609385e+07,-1.533428180000000110e-09,6.785999999999999943e+01,6.307000000000000000e+07,6.970000000000000000e+07
6.515861101310712844e+07,-1.534716570000000075e-09,6.786499999999999488e+01,6.307000000000000000e+07,6.970000000000000000e+07
6.513711179649248719e+07,-1.535223120000000042e-09,6.787000000000000455e+01,6.307000000000000000e+07,6.970000000000000000e+07
6.509567752918888628e+07,-1.536200310000000067e-09,6.787500000000000000e+01,6.307000000000000000e+07,6.970000000000000000e+07
6.500793967970483750e+07,-1.538273640000000192e-09,6.787999999999999545e+01,6.307000000000000000e+07,6.970000000000000000e+07
6.494586408273744583e+07,-1.539743930000000032e-09,6.788500000000000512e+01,6.307000000000000000e+07,6.970000000000000000e+07
6.490449154788397998e+07,-1.540725420000000187e-09,6.789000000000000057e+01,6.307000000000000000e+07,6.970000000000000000e+07
6.482192668047620356e+07,-1.542687869999999998e-09,6.789499999999999602e+01,6.307000000000000000e+07,6.970000000000000000e+07
6.476147768154660612e+07,-1.544127830000000179e-09,6.790000000000000568e+01,6.307000000000000000e+07,6.970000000000000000e+07
6.475026347853463888e+07,-1.544395259999999939e-09,6.790500000000000114e+01,6.307000000000000000e+07,6.970000000000000000e+07
6.470606219773169607e+07,-1.545450250000000156e-09,6.790999999999999659e+01,6.307000000000000000e+07,6.970000000000000000e+07
6.464324392416372895e+07,-1.546952070000000038e-09,6.791500000000000625e+01,6.307000000000000000e+07,6.970000000000000000e+07
6.461932567846769840e+07,-1.547524660000000129e-09,6.792000000000000171e+01,6.307000000000000000e+07,6.970000000000000000e+07
6.458682994320615381e+07,-1.548303270000000007e-09,6.792499999999999716e+01,6.307000000000000000e+07,6.970000000000000000e+07
6.452179571100008488e+07,-1.549863870000000140e-09,6.793000000000000682e+01,6.307000000000000000e+07,6.970000000000000000e+07
6.449625003968131542e+07,-1.550477740000000071e-09,6.793500000000000227e+01,6.307000000000000000e+07,6.970000000000000000e+07
6.448943123984646052e+07,-1.550641680000000177e-09,6.793999999999999773e+01,6.307000000000000000e+07,6.970000000000000000e+07
6.444101076962660253e+07,-1.551806819999999938e-09,6.794500000000000739e+01,6.307000000000000000e+07,6.970000000000000000e+07
6.440148358864077926e+07,-1.552759260000000139e-09,6.795000000000000284e+01,6.307000000000000000e+07,6.970000000000000000e+07
6.439440325316919386e+07,-1.552929990000000093e-09,6.795499999999999829e+01,6.307000000000000000e+07,6.970000000000000000e+07
6.434910449662662297e+07,-1.554023180000000079e-09,6.796000000000000796e+01,6.307000000000000000e+07,6.970000000000000000e+07
6.429333603108171374e+07,-1.555371150000000135e-09,6.796500000000000341e+01,6.307000000000000000e+07,6.970000000000000000e+07
6.428366437149128318e+07,-1.555605160000000119e-09,6.796999999999999886e+01,6.307000000000000000e+07,6.970000000000000000e+07
6.426194195732878894e+07,-1.556130999999999990e-09,6.797499999999999432e+01,6.307000000000000000e+07,6.970000000000000000e+07
6.421377907490753382e+07,-1.557298160000000064e-09,6.798000000000000398e+01,6.307000000000000000e+07,6.970000000000000000e+07
6.420020397046802938e+07,-1.557627450000000146e-09,6.798499999999999943e+01,6.307000000000000000e+07,6.970000000000000000e+07
6.419975223903216422e+07,-1.557638410000000165e-09,6.798999999999999488e+01,6.307000000000000000e+07,6.970000000000000000e+07
6.415671977675411850e+07,-1.558683180000000143e-09,6.799500000000000455e+01,6.307000000000000000e+07,6.970000000000000000e+07
6.413448251893464476e+07,-1.559223620000000118e-09,6.800000000000000000e+01,6.307000000000000000e+07,6.970000000000000000e+07
6.416586866784097999e+07,-1.558460940000000065e-09,6.800499999999999545e+01,6.307000000000000000e+07,6.970000000000000000e+07
6.417523062123183161e+07,-1.558233589999999971e-09,6.801000000000000512e+01,6.307000000000000000e+07,6.970000000000000000e+07
6.417563217361634225e+07,-1.558223839999999965e-09,6.801500000000000057e+01,6.307000000000000000e+07,6.970000000000000000e+07
6.421830194890730083e+07,-1.557188480000000132e-09,6.801999999999999602e+01,6.307000000000000000e+07,6.970000000000000000e+07
6.425871525211579353e+07,-1.556209140000000042e-09,6.802500000000000568e+01,6.307000000000000000e+07,6.970000000000000000e+07
6.428545415921585262e+07,-1.555561849999999921e-09,6.803000000000000114e+01,6.307000000000000000e+07,6.970000000000000000e+07
6.435525335472673923e+07,-1.553874699999999980e-09,6.803499999999999659e+01,6.307000000000000000e+07,6.970000000000000000e+07
6.443383787584265321e+07,-1.551979570000000205e-09,6.804000000000000625e+01,6.307000000000000000e+07,6.970000000000000000e+07
6.447164401383461058e+07,-1.551069490000000107e-09,6.804500000000000171e+01,6.307000000000000000e+07,6.970000000000000000e+07
6.453097906769268215e+07,-1.549643310000000100e-09,6.804999999999999716e+01,6.307000000000000000e+07,6.970000000000000000e+07
6.462767765474843979e+07,-1.547324670000000112e-09,6.805500000000000682e+01,6.307000000000000000e+07,6.970000000000000000e+07
6.468576097183059901e+07,-1.545935280000000004e-09,6.806000000000000227e+01,6.307000000000000000e+07,6.970000000000000000e+07
6.472315627804778516e+07,-1.545042080000000034e-09,6.806499999999999773e+01,6.307000000000000000e+07,6.970000000000000000e+07
6.478924076177504659e+07,-1.543466150000000061e-09,6.807000000000000739e+01,6.307000000000000000e+07,6.970000000000000000e+07
6.482639148779693246e+07,-1.542581620000000043e-09,6.807500000000000284e+01,6.307000000000000000e+07,6.970000000000000000e+07
6.482225148759612441e+07,-1.542680140000000098e-09,6.807999999999999829e+01,6.307000000000000000e+07,6.970000000000000000e+07
6.485251862797804177e+07,-1.541960160000000008e-09,6.808500000000000796e+01,6.307000000000000000e+07,6.970000000000000000e+07
6.489158546593309939e+07,-1.541031850000000179e-09,6.809000000000000341e+01,6.307000000000000000e+07,6.970000000000000000e+07
6.488183781335178763e+07,-1.541263370000000031e-09,6.809499999999999886e+01,6.307000000000000000e+07,6.970000000000000000e+07
6.488723630038051307e+07,-1.541135139999999976e-09,6.809999999999999432e+01,6.307000000000000000e+07,6.970000000000000000e+07
6.492280422133007646e+07,-1.540290830000000040e-09,6.810500000000000398e+01,6.307000000000000000e+07,6.970000000000000000e+07
6.491965579105109721e+07,-1.540365530000000278e-09,6.810999999999999943e+01,6.307000000000000000e+07,6.970000000000000000e+07
6.489746149166347831e+07,-1.540892320000000037e-09,6.811499999999999488e+01,6.307000000000000000e+07,6.970000000000000000e+07
6.491470195180591941e+07,-1.540483080000000112e-09,6.812000000000000455e+01,6.307000000000000000e+07,6.970000000000000000e+07
6.491192551964122802e+07,-1.540548969999999982e-09,6.812500000000000000e+01,6.307000000000000000e+07,6.970000000000000000e+07
6.488067133951102942e+07,-1.541291080000000013e-09,6.812999999999999545e+01,6.307000000000000000e+07,6.970000000000000000e+07
6.488975629477518797e+07,-1.541075290000000129e-09,6.813500000000000512e+01,6.307000000000000000e+07,6.970000000000000000e+07
6.490278338636983186e+07,-1.540765970000000086e-09,6.814000000000000057e+01,6.307000000000000000e+07,6.970000000000000000e+07
6.487728034233197570e+07,-1.541371640000000092e-09,6.814499999999999602e+01,6.307000000000000000e+07,6.970000000000000000e+07
6.489871870264969766e+07,-1.540862470000000035e-09,6.815000000000000568e+01,6.307000000000000000e+07,6.970000000000000000e+07
6.497637176475416124e+07,-1.539020990000000198e-09,6.815500000000000114e+01,6.307000000000000000e+07,6.970000000000000000e+07
6.500414872728214413e+07,-1.538363350000000086e-09,6.815999999999999659e+01,6.307000000000000000e+07,6.970000000000000000e+07
6.502057628152889758e+07,-1.537974680000000183e-09,6.816500000000000625e+01,6.307000000000000000e+07,6.970000000000000000e+07
6.508080409858598560e+07,-1.536551390000000229e-09,6.817000000000000171e+01,6.307000000000000000e+07,6.970000000000000000e+07
6.512534766841225326e+07,-1.535500440000000225e-09,6.817499999999999716e+01,6.307000000000000000e+07,6.970000000000000000e+07
6.514699615116106719e+07,-1.534990190000000113e-09,6.818000000000000682e+01,6.307000000000000000e+07,6.970000000000000000e+07
6.520915382886991650e+07,-1.533527029999999981e-09,6.818500000000000227e+01,6.307000000000000000e+07,6.970000000000000000e+07
6.527313782770957798e+07,-1.532023790000000184e-09,6.818999999999999773e+01,6.307000000000000000e+07,6.970000000000000000e+07
6.529308429950285703e+07,-1.531555770000000009e-09,6.819500000000000739e+01,6.307000000000000000e+07,6.970000000000000000e+07
6.533052502667380124e+07,-1.530678040000000091e-09,6.820000000000000284e+01,6.307000000000000000e+07,6.970000000000000000e+07
6.540286358851490170e+07,-1.528985040000000146e-09,6.820499999999999829e+01,6.307000000000000000e+07,6.970000000000000000e+07
6.543694634249578416e+07,-1.528188670000000148e-09,6.821000000000000796e+01,6.307000000000000000e+07,6.970000000000000000e+07
6.546102985753506422e+07,-1.527626440000000093e-09,6.821500000000000341e+01,6.307000000000000000e+07,6.970000000000000000e+07
6.552738870217259973e+07,-1.526079430000000115e-09,6.821999999999999886e+01,6.307000000000000000e+07,6.970000000000000000e+07
6.558217834209027141e+07,-1.524804490000000095e-09,6.822499999999999432e+01,6.307000000000000000e+07,6.970000000000000000e+07
6.560317964441449940e+07,-1.524316360000000086e-09,6.823000000000000398e+01,6.307000000000000000e+07,6.970000000000000000e+07
6.565794268269082159e+07,-1.523044980000000208e-09,6.823499999999999943e+01,6.307000000000000000e+07,6.970000000000000000e+07
6.572947737401431054e+07,-1.521387419999999938e-09,6.823999999999999488e+01,6.307000000000000000e+07,6.970000000000000000e+07
6.577323548398176581e+07,-1.520375260000000057e-09,6.824500000000000455e+01,6.307000000000000000e+07,6.970000000000000000e+07
6.584258742669291794e+07,-1.518773850000000109e-09,6.825000000000000000e+01,6.307000000000000000e+07,6.970000000000000000e+07
6.593736251235698164e+07,-1.516590840000000259e-09,6.825499999999999545e+01,6.307000000000000000e+07,6.970000000000000000e+07
6.598027344217918813e+07,-1.515604510000000050e-09,6.826000000000000512e+01,6.307000000000000000e+07,6.970000000000000000e+07
6.600171783991055936e+07,-1.515112080000000118e-09,6.826500000000000057e+01,6.307000000000000000e+07,6.970000000000000000e+07
6.605505629492631555e+07,-1.513888650000000015e-09,6.826999999999999602e+01,6.307000000000000000e+07,6.970000000000000000e+07
6.608306203427837789e+07,-1.513247070000000101e-09,6.827500000000000568e+01,6.307000000000000000e+07,6.970000000000000000e+07
6.608169039713033289e+07,-1.513278480000000229e-09,6.828000000000000114e+01,6.307000000000000000e+07,6.970000000000000000e+07
6.611837169439712912e+07,-1.512438940000000035e-09,6.828499999999999659e+01,6.307000000000000000e+07,6.970000000000000000e+07
6.615620363525164127e+07,-1.511574039999999988e-09,6.829000000000000625e+01,6.307000000000000000e+07,6.970000000000000000e+07
6.614745194425651431e+07,-1.511774030000000005e-09,6.829500000000000171e+01,6.307000000000000000e+07,6.970000000000000000e+07
6.615324603195299208e+07,-1.511641620000000148e-09,6.829999999999999716e+01,6.307000000000000000e+07,6.970000000000000000e+07
6.618704007453189790e+07,-1.510869800000000117e-09,6.830500000000000682e+01,6.307000000000000000e+07,6.970000000000000000e+07
6.618483094901707768e+07,-1.510920229999999980e-09,6.831000000000000227e+01,6.307000000000000000e+07,6.970000000000000000e+07
6.616864877280249447e+07,-1.511289740000000144e-09,6.831499999999999773e+01,6.307000000000000000e+07,6.970000000000000000e+07
6.619723120812860131e+07,-1.510637200000000004e-09,6.832000000000000739e+01,6.307000000000000000e+07,6.970000000000000000e+07
6.621090347121652216e+07,-1.510325260000000076e-09,6.832500000000000284e+01,6.307000000000000000e+07,6.970000000000000000e+07
6.620682977871181816e+07,-1.510418190000000045e-09,6.832999999999999829e+01,6.307000000000000000e+07,6.970000000000000000e+07
6.624157285474397987e+07,-1.509625990000000011e-09,6.833500000000000796e+01,6.307000000000000000e+07,6.970000000000000000e+07
6.626937645327914506e+07,-1.508992620000000067e-09,6.834000000000000341e+01,6.307000000000000000e+07,6.970000000000000000e+07
6.623940133147025108e+07,-1.509675480000000236e-09,6.834499999999999886e+01,6.307000000000000000e+07,6.970000000000000000e+07
6.622811775801740587e+07,-1.509932690000000171e-09,6.834999999999999432e+01,6.307000000000000000e+07,6.970000000000000000e+07
6.625573314999930561e+07,-1.509303349999999981e-09,6.835500000000000398e+01,6.307000000000000000e+07,6.970000000000000000e+07
6.625813007961742580e+07,-1.509248750000000154e-09,6.835999999999999943e+01,6.307000000000000000e+07,6.970000000000000000e+07
6.625181634323390573e+07,-1.509392580000000219e-09,6.836499999999999488e+01,6.307000000000000000e+07,6.970000000000000000e+07
6.628909459013638645e+07,-1.508543760000000044e-09,6.837000000000000455e+01,6.307000000000000000e+07,6.970000000000000000e+07
6.629982795062046498e+07,-1.508299540000000280e-09,6.837500000000000000e+01,6.307000000000000000e+07,6.970000000000000000e+07
6.628547173391611129e+07,-1.508626210000000271e-09,6.837999999999999545e+01,6.307000000000000000e+07,6.970000000000000000e+07
6.631446875472449511e+07,-1.507966540000000008e-09,6.838500000000000512e+01,6.307000000000000000e+07,6.970000000000000000e+07
6.634936630383736640e+07,-1.507173400000000130e-09,6.839000000000000057e+01,6.307000000000000000e+07,6.970000000000000000e+07
6.634113469916594774e+07,-1.507360410000000021e-09,6.839499999999999602e+01,6.307000000000000000e+07,6.970000000000000000e+07
6.635023663778722286e+07,-1.507153629999999949e-09,6.840000000000000568e+01,6.307000000000000000e+07,6.970000000000000000e+07
6.639004722370532155e+07,-1.506249870000000087e-09,6.840500000000000114e+01,6.307000000000000000e+07,6.970000000000000000e+07
6.639586846131247282e+07,-1.506117809999999928e-09,6.840999999999999659e+01,6.307000000000000000e+07,6.970000000000000000e+07
6.639906118632985651e+07,-1.506045389999999921e-09,6.841500000000000625e+01,6.307000000000000000e+07,6.970000000000000000e+07
6.644751876293537766e+07,-1.504947090000000126e-09,6.842000000000000171e+01,6.307000000000000000e+07,6.970000000000000000e+07
6.647651193381024152e+07,-1.504290720000000088e-09,6.842499999999999716e+01,6.307000000000000000e+07,6.970000000000000000e+07
6.646466327416403592e+07,-1.504558890000000042e-09,6.843000000000000682e+01,6.307000000000000000e+07,6.970000000000000000e+07
6.648698558811478317e+07,-1.504053750000000153e-09,6.843500000000000227e+01,6.307000000000000000e+07,6.970000000000000000e+07
6.652808201901286095e+07,-1.503124650000000113e-09,6.843999999999999773e+01,6.307000000000000000e+07,6.970000000000000000e+07
6.654004273973409086e+07,-1.502854460000000053e-09,6.844500000000000739e+01,6.307000000000000000e+07,6.970000000000000000e+07
6.655220707516912371e+07,-1.502579770000000212e-09,6.845000000000000284e+01,6.307000000000000000e+07,6.970000000000000000e+07
6.656249901820313185e+07,-1.502347440000000267e-09,6.845499999999999829e+01,6.307000000000000000e+07,6.970000000000000000e+07
6.652260664017883688e+07,-1.503248369999999930e-09,6.846000000000000796e+01,6.307000000000000000e+07,6.970000000000000000e+07
6.649324916981350631e+07,-1.503912069999999947e-09,6.846500000000000341e+01,6.307000000000000000e+07,6.970000000000000000e+07
6.650794855115360022e+07,-1.503579680000000118e-09,6.846999999999999886e+01,6.307000000000000000e+07,6.970000000000000000e+07
6.649033562639218569e+07,-1.503977970000000067e-09,6.847499999999999432e+01,6.307000000000000000e+07,6.970000000000000000e+07
6.644327021763067693e+07,-1.505043320000000113e-09,6.848000000000000398e+01,6.307000000000000000e+07,6.970000000000000000e+07
6.644634299660728127e+07,-1.504973720000000053e-09,6.848499999999999943e+01,6.307000000000000000e+07,6.970000000000000000e+07
6.645773683360917121e+07,-1.504715700000000026e-09,6.848999999999999488e+01,6.307000000000000000e+07,6.970000000000000000e+07
6.642427959929501265e+07,-1.505473609999999924e-09,6.849500000000000455e+01,6.307000000000000000e+07,6.970000000000000000e+07
6.641306968832319975e+07,-1.505727720000000111e-09,6.850000000000000000e+01,6.307000000000000000e+07,6.970000000000000000e+07
6.642973306633363664e+07,-1.505350020000000066e-09,6.850499999999999545e+01,6.307000000000000000e+07,6.970000000000000000e+07
6.641824824898914993e+07,-1.505610320000000117e-09,6.851000000000000512e+01,6.307000000000000000e+07,6.970000000000000000e+07
6.640679430225189030e+07,-1.505870010000000139e-09,6.851500000000000057e+01,6.307000000000000000e+07,6.970000000000000000e+07
6.644272412271999568e+07,-1.505055690000000210e-09,6.851999999999999602e+01,6.307000000000000000e+07,6.970000000000000000e+07
6.645510550917609036e+07,-1.504775280000000117e-09,6.852500000000000568e+01,6.307000000000000000e+07,6.970000000000000000e+07
6.643767195647396892e+07,-1.505170140000000090e-09,6.853000000000000114e+01,6.307000000000000000e+07,6.970000000000000000e+07
6.646168376927390695e+07,-1.504626340000000037e-09,6.853499999999999659e+01,6.307000000000000000e+07,6.970000000000000000e+07
6.648217906298141927e+07,-1.504162490000000033e-09,6.854000000000000625e+01,6.307000000000000000e+07,6.970000000000000000e+07
6.645203191972849518e+07,-1.504844880000000176e-09,6.854500000000000171e+01,6.307000000000000000e+07,6.970000000000000000e+07
6.644386400118423998e+07,-1.505029870000000168e-09,6.854999999999999716e+01,6.307000000000000000e+07,6.970000000000000000e+07
6.645648650895775110e+07,-1.504744010000000199e-09,6.855500000000000682e+01,6.307000000000000000e+07,6.970000000000000000e+07
6.644160503144733608e+07,-1.505081040000000225e-09,6.856000000000000227e+01,6.307000000000000000e+07,6.970000000000000000e+07
6.644465690640282631e+07,-1.505011909999999985e-09,6.856499999999999773e+01,6.307000000000000000e+07,6.970000000000000000e+07
6.649887758539490402e+07,-1.503784779999999944e-09,6.857000000000000739e+01,6.307000000000000000e+07,6.970000000000000000e+07
6.651745869437097013e+07,-1.503364710000000165e-09,6.857500000000000284e+01,6.307000000000000000e+07,6.970000000000000000e+07
6.650482230456820130e+07,-1.503650360000000025e-09,6.857999999999999829e+01,6.307000000000000000e+07,6.970000000000000000e+07
6.653652388740386069e+07,-1.502933940000000077e-09,6.858500000000000796e+01,6.307000000000000000e+07,6.970000000000000000e+07
6.658435907703717798e+07,-1.501854210000000080e-09,6.859000000000000341e+01,6.307000000000000000e+07,6.970000000000000000e+07
6.658929656299012899e+07,-1.501742850000000109e-09,6.859499999999999886e+01,6.307000000000000000e+07,6.970000000000000000e+07
6.660965856834875047e+07,-1.501283780000000099e-09,6.859999999999999432e+01,6.307000000000000000e+07,6.970000000000000000e+07
6.665996867301440984e+07,-1.500150719999999935e-09,6.860500000000000398e+01,6.307000000000000000e+07,6.970000000000000000e+07
6.666641777870696038e+07,-1.500005600000000121e-09,6.860999999999999943e+01,6.307000000000000000e+07,6.970000000000000000e+07
6.667329221395827830e+07,-1.499850939999999996e-09,6.861499999999999488e+01,6.307000000000000000e+07,6.970000000000000000e+07
6.672732981674966961e+07,-1.498636320000000054e-09,6.862000000000000455e+01,6.307000000000000000e+07,6.970000000000000000e+07
6.675649286834044755e+07,-1.497981630000000055e-09,6.862500000000000000e+01,6.307000000000000000e+07,6.970000000000000000e+07
6.674555680001162738e+07,-1.498227070000000085e-09,6.862999999999999545e+01,6.307000000000000000e+07,6.970000000000000000e+07
6.677854967474338412e+07,-1.497486850000000201e-09,6.863500000000000512e+01,6.307000000000000000e+07,6.970000000000000000e+07
6.681867469702407718e+07,-1.496587600000000164e-09,6.864000000000000057e+01,6.307000000000000000e+07,6.970000000000000000e+07
6.680690192525666952e+07,-1.496851329999999985e-09,6.864499999999999602e+01,6.307000000000000000e+07,6.970000000000000000e+07
6.681540845635587722e+07,-1.496660759999999952e-09,6.865000000000000568e+01,6.307000000000000000e+07,6.970000000000000000e+07
6.685383467344853282e+07,-1.495800510000000146e-09,6.865500000000000114e+01,6.307000000000000000e+07,6.970000000000000000e+07
6.684800167558526993e+07,-1.495931030000000063e-09,6.865999999999999659e+01,6.307000000000000000e+07,6.970000000000000000e+07
6.684015697811907530e+07,-1.496106600000000070e-09,6.866500000000000625e+01,6.307000000000000000e+07,6.970000000000000000e+07
6.688920034730210900e+07,-1.495009650000000085e-09,6.867000000000000171e+01,6.307000000000000000e+07,6.970000000000000000e+07
6.691121242762289941e+07,-1.494517829999999975e-09,6.867499999999999716e+01,6.307000000000000000e+07,6.970000000000000000e+07
6.690112567566456646e+07,-1.494743160000000170e-09,6.868000000000000682e+01,6.307000000000000000e+07,6.970000000000000000e+07
6.692863919238442928e+07,-1.494128690000000047e-09,6.868500000000000227e+01,6.307000000000000000e+07,6.970000000000000000e+07
6.695415307003572583e+07,-1.493559330000000076e-09,6.868999999999999773e+01,6.307000000000000000e+07,6.970000000000000000e+07
6.693055196910052001e+07,-1.494085990000000084e-09,6.869500000000000739e+01,6.307000000000000000e+07,6.970000000000000000e+07
6.693055196910052001e+07,-1.494085990000000084e-09,6.870000000000000284e+01,6.307000000000000000e+07,6.970000000000000000e+07
6.695995618515442312e+07,-1.493429890000000214e-09,6.870499999999999829e+01,6.307000000000000000e+07,6.970000000000000000e+07
6.695014384137978405e+07,-1.493648770000000214e-09,6.871000000000000796e+01,6.307000000000000000e+07,6.970000000000000000e+07
6.693962951780078560e+07,-1.493883379999999976e-09,6.871500000000000341e+01,6.307000000000000000e+07,6.970000000000000000e+07
6.698103142067458481e+07,-1.492959989999999937e-09,6.871999999999999886e+01,6.307000000000000000e+07,6.970000000000000000e+07
6.699845238264887780e+07,-1.492571790000000060e-09,6.872499999999999432e+01,6.307000000000000000e+07,6.970000000000000000e+07
6.698368033056714386e+07,-1.492900949999999976e-09,6.873000000000000398e+01,6.307000000000000000e+07,6.970000000000000000e+07
6.701427866534094512e+07,-1.492219300000000027e-09,6.873499999999999943e+01,6.307000000000000000e+07,6.970000000000000000e+07
6.703642169234251231e+07,-1.491726400000000069e-09,6.873999999999999488e+01,6.307000000000000000e+07,6.970000000000000000e+07
6.703046018951373547e+07,-1.491859070000000257e-09,6.874500000000000455e+01,6.307000000000000000e+07,6.970000000000000000e+07
6.706062638729155809e+07,-1.491187980000000201e-09,6.875000000000000000e+01,6.307000000000000000e+07,6.970000000000000000e+07
6.711369217843340337e+07,-1.490008920000000056e-09,6.875499999999999545e+01,6.307000000000000000e+07,6.970000000000000000e+07
6.712416438638049364e+07,-1.489776460000000152e-09,6.876000000000000512e+01,6.307000000000000000e+07,6.970000000000000000e+07
6.713088208676722646e+07,-1.489627380000000068e-09,6.876500000000000057e+01,6.307000000000000000e+07,6.970000000000000000e+07
6.717933952618908882e+07,-1.488552890000000046e-09,6.876999999999999602e+01,6.307000000000000000e+07,6.970000000000000000e+07
6.719662088083790243e+07,-1.488170070000000147e-09,6.877500000000000568e+01,6.307000000000000000e+07,6.970000000000000000e+07
6.719455921891109645e+07,-1.488215730000000061e-09,6.878000000000000114e+01,6.307000000000000000e+07,6.970000000000000000e+07
6.724280752438947558e+07,-1.487147900000000135e-09,6.878499999999999659e+01,6.307000000000000000e+07,6.970000000000000000e+07
6.727873224208977818e+07,-1.486353810000000161e-09,6.879000000000000625e+01,6.307000000000000000e+07,6.970000000000000000e+07
6.726881992051476240e+07,-1.486572830000000164e-09,6.879500000000000171e+01,6.307000000000000000e+07,6.970000000000000000e+07
6.729184106749191880e+07,-1.486064260000000091e-09,6.879999999999999716e+01,6.307000000000000000e+07,6.970000000000000000e+07
6.735477154436832666e+07,-1.484675810000000035e-09,6.880500000000000682e+01,6.307000000000000000e+07,6.970000000000000000e+07
6.736485533865502477e+07,-1.484453569999999956e-09,6.881000000000000227e+01,6.307000000000000000e+07,6.970000000000000000e+07
6.736387287084522843e+07,-1.484475220000000034e-09,6.881499999999999773e+01,6.307000000000000000e+07,6.970000000000000000e+07
6.739955414116543531e+07,-1.483689340000000029e-09,6.882000000000000739e+01,6.307000000000000000e+07,6.970000000000000000e+07
6.739934336054933071e+07,-1.483693980000000019e-09,6.882500000000000284e+01,6.307000000000000000e+07,6.970000000000000000e+07
6.737371517988282442e+07,-1.484258360000000140e-09,6.882999999999999829e+01,6.307000000000000000e+07,6.970000000000000000e+07
6.739724198623877764e+07,-1.483740240000000125e-09,6.883500000000000796e+01,6.307000000000000000e+07,6.970000000000000000e+07
6.740834359445609152e+07,-1.483495880000000150e-09,6.884000000000000341e+01,6.307000000000000000e+07,6.970000000000000000e+07
6.736303064873738587e+07,-1.484493779999999994e-09,6.884499999999999886e+01,6.307000000000000000e+07,6.970000000000000000e+07
6.734240958616507053e+07,-1.484948350000000018e-09,6.884999999999999432e+01,6.307000000000000000e+07,6.970000000000000000e+07
6.735059580290213227e+07,-1.484767860000000220e-09,6.885500000000000398e+01,6.307000000000000000e+07,6.970000000000000000e+07
6.732009752447102964e+07,-1.485440510000000195e-09,6.885999999999999943e+01,6.307000000000000000e+07,6.970000000000000000e+07
6.729667978842005134e+07,-1.485957409999999945e-09,6.886499999999999488e+01,6.307000000000000000e+07,6.970000000000000000e+07
6.732131076153907180e+07,-1.485413740000000057e-09,6.887000000000000455e+01,6.307000000000000000e+07,6.970000000000000000e+07
6.731257751800566912e+07,-1.485606460000000155e-09,6.887500000000000000e+01,6.307000000000000000e+07,6.970000000000000000e+07
6.726846424999640882e+07,-1.486580690000000229e-09,6.887999999999999545e+01,6.307000000000000000e+07,6.970000000000000000e+07
6.728323407576075196e+07,-1.486254360000000099e-09,6.888500000000000512e+01,6.307000000000000000e+07,6.970000000000000000e+07
6.731670594989140332e+07,-1.485515350000000022e-09,6.889000000000000057e+01,6.307000000000000000e+07,6.970000000000000000e+07
6.730135161439049244e+07,-1.485854260000000151e-09,6.889499999999999602e+01,6.307000000000000000e+07,6.970000000000000000e+07
6.730568297418750823e+07,-1.485758640000000193e-09,6.890000000000000568e+01,6.307000000000000000e+07,6.970000000000000000e+07
6.732918358887507021e+07,-1.485240050000000152e-09,6.890500000000000114e+01,6.307000000000000000e+07,6.970000000000000000e+07
6.730419035418015718e+07,-1.485791590000000150e-09,6.890999999999999659e+01,6.307000000000000000e+07,6.970000000000000000e+07
6.727901197649165988e+07,-1.486347630000000135e-09,6.891500000000000625e+01,6.307000000000000000e+07,6.970000000000000000e+07
6.729598552393363416e+07,-1.485972740000000199e-09,6.892000000000000171e+01,6.307000000000000000e+07,6.970000000000000000e+07
6.728032105577141047e+07,-1.486318709999999932e-09,6.892499999999999716e+01,6.307000000000000000e+07,6.970000000000000000e+07
6.723963984404815733e+07,-1.487217959999999969e-09,6.893000000000000682e+01,6.307000000000000000e+07,6.970000000000000000e+07
6.723733231849786639e+07,-1.487269000000000068e-09,6.893500000000000227e+01,6.307000000000000000e+07,6.970000000000000000e+07
6.723711622213900089e+07,-1.487273780000000061e-09,6.893999999999999773e+01,6.307000000000000000e+07,6.970000000000000000e+07
6.719928099994894862e+07,-1.488111160000000145e-09,6.894500000000000739e+01,6.307000000000000000e+07,6.970000000000000000e+07
6.719690625443604589e+07,-1.488163750000000118e-09,6.895000000000000284e+01,6.307000000000000000e+07,6.970000000000000000e+07
6.721091285848401487e+07,-1.487853620000000188e-09,6.895499999999999829e+01,6.307000000000000000e+07,6.970000000000000000e+07
6.717713316183190048e+07,-1.488601780000000080e-09,6.896000000000000796e+01,6.307000000000000000e+07,6.970000000000000000e+07
6.714200836236256361e+07,-1.489380530000000169e-09,6.896500000000000341e+01,6.307000000000000000e+07,6.970000000000000000e+07
6.713680106771682203e+07,-1.489496050000000266e-09,6.896999999999999886e+01,6.307000000000000000e+07,6.970000000000000000e+07
6.709721923425257206e+07,-1.490374730000000281e-09,6.897499999999999432e+01,6.307000000000000000e+07,6.970000000000000000e+07
6.704568216554550081e+07,-1.491520359999999985e-09,6.898000000000000398e+01,6.307000000000000000e+07,6.970000000000000000e+07
6.705929886150074750e+07,-1.491217500000000181e-09,6.898499999999999943e+01,6.307000000000000000e+07,6.970000000000000000e+07
6.707717810229031742e+07,-1.490820019999999910e-09,6.898999999999999488e+01,6.307000000000000000e+07,6.970000000000000000e+07
6.705968020499231666e+07,-1.491209020000000249e-09,6.899500000000000455e+01,6.307000000000000000e+07,6.970000000000000000e+07
6.707126378116609901e+07,-1.490951480000000291e-09,6.900000000000000000e+01,6.307000000000000000e+07,6.970000000000000000e+07
6.710612679608709365e+07,-1.490176900000000167e-09,6.900499999999999545e+01,6.307000000000000000e+07,6.970000000000000000e+07
6.709239384802467376e+07,-1.490481920000000081e-09,6.901000000000000512e+01,6.307000000000000000e+07,6.970000000000000000e+07
6.706848693848930299e+07,-1.491013210000000034e-09,6.901500000000000057e+01,6.307000000000000000e+07,6.970000000000000000e+07
6.707062229344049096e+07,-1.490965740000000122e-09,6.901999999999999602e+01,6.307000000000000000e+07,6.970000000000000000e+07
6.703301011088386923e+07,-1.491802319999999951e-09,6.902500000000000568e+01,6.307000000000000000e+07,6.970000000000000000e+07
6.697981561247123778e+07,-1.492987090000000097e-09,6.903000000000000114e+01,6.307000000000000000e+07,6.970000000000000000e+07
6.698128804708800465e+07,-1.492954270000000099e-09,6.903499999999999659e+01,6.307000000000000000e+07,6.970000000000000000e+07
6.697960161685006320e+07,-1.492991860000000252e-09,6.904000000000000625e+01,6.307000000000000000e+07,6.970000000000000000e+07
6.693704413028123230e+07,-1.493941079999999964e-09,6.904500000000000171e+01,6.307000000000000000e+07,6.970000000000000000e+07
6.694012959153895825e+07,-1.493872220000000100e-09,6.904999999999999716e+01,6.307000000000000000e+07,6.970000000000000000e+07
6.696576075474805385e+07,-1.493300440000000102e-09,6.905500000000000682e+01,6.307000000000000000e+07,6.970000000000000000e+07
6.693265166979027539e+07,-1.494039120000000156e-09,6.906000000000000227e+01,6.307000000000000000e+07,6.970000000000000000e+07
6.689614810507495701e+07,-1.494854380000000137e-09,6.906499999999999773e+01,6.307000000000000000e+07,6.970000000000000000e+07
6.690210677677932382e+07,-1.494721240000000131e-09,6.907000000000000739e+01,6.307000000000000000e+07,6.970000000000000000e+07
6.685718915288103372e+07,-1.495725460000000211e-09,6.907500000000000284e+01,6.307000000000000000e+07,6.970000000000000000e+07
6.678041196154978871e+07,-1.497445090000000083e-09,6.907999999999999829e+01,6.307000000000000000e+07,6.970000000000000000e+07
6.676414409742607921e+07,-1.497809960000000257e-09,6.908500000000000796e+01,6.307000000000000000e+07,6.970000000000000000e+07
6.675474911308973283e+07,-1.498020760000000039e-09,6.909000000000000341e+01,6.307000000000000000e+07,6.970000000000000000e+07
6.670547146293236315e+07,-1.499127400000000176e-09,6.909499999999999886e+01,6.307000000000000000e+07,6.970000000000000000e+07
6.670123213450852782e+07,-1.499222680000000067e-09,6.909999999999999432e+01,6.307000000000000000e+07,6.970000000000000000e+07
6.672072557774910331e+07,-1.498784660000000150e-09,6.910500000000000398e+01,6.307000000000000000e+07,6.970000000000000000e+07
6.669808769112402946e+07,-1.499293360000000182e-09,6.910999999999999943e+01,6.307000000000000000e+07,6.970000000000000000e+07
6.668165981560400128e+07,-1.499662730000000136e-09,6.911499999999999488e+01,6.307000000000000000e+07,6.970000000000000000e+07
6.669463306020146608e+07,-1.499371020000000163e-09,6.912000000000000455e+01,6.307000000000000000e+07,6.970000000000000000e+07
6.666575112368456274e+07,-1.500020600000000146e-09,6.912500000000000000e+01,6.307000000000000000e+07,6.970000000000000000e+07
6.661087295540672541e+07,-1.501256410000000183e-09,6.912999999999999545e+01,6.307000000000000000e+07,6.970000000000000000e+07
6.658573082304151356e+07,-1.501823270000000184e-09,6.913500000000000512e+01,6.307000000000000000e+07,6.970000000000000000e+07
6.654887161463560909e+07,-1.502655080000000065e-09,6.914000000000000057e+01,6.307000000000000000e+07,6.970000000000000000e+07
6.646878952338081598e+07,-1.504465490000000254e-09,6.914499999999999602e+01,6.307000000000000000e+07,6.970000000000000000e+07
6.641697867702824622e+07,-1.505639100000000110e-09,6.915000000000000568e+01,6.307000000000000000e+07,6.970000000000000000e+07
6.638545918925019354e+07,-1.506353969999999977e-09,6.915500000000000114e+01,6.307000000000000000e+07,6.970000000000000000e+07
6.632376132450037450e+07,-1.507755259999999949e-09,6.915999999999999659e+01,6.307000000000000000e+07,6.970000000000000000e+07
6.626853502760594338e+07,-1.509011780000000219e-09,6.916500000000000625e+01,6.307000000000000000e+07,6.970000000000000000e+07
6.624885589053986967e+07,-1.509460030000000213e-09,6.917000000000000171e+01,6.307000000000000000e+07,6.970000000000000000e+07
6.620971852864871174e+07,-1.510352289999999924e-09,6.917499999999999716e+01,6.307000000000000000e+07,6.970000000000000000e+07
6.616237834219006449e+07,-1.511432970000000017e-09,6.918000000000000682e+01,6.307000000000000000e+07,6.970000000000000000e+07
6.616472167968620360e+07,-1.511379440000000200e-09,6.918500000000000227e+01,6.307000000000000000e+07,6.970000000000000000e+07
6.615004408338162303e+07,-1.511714790000000187e-09,6.918999999999999773e+01,6.307000000000000000e+07,6.970000000000000000e+07
6.609778287876401842e+07,-1.512910049999999913e-09,6.919500000000000739e+01,6.307000000000000000e+07,6.970000000000000000e+07
6.607439735309664905e+07,-1.513445510000000037e-09,6.920000000000000284e+01,6.307000000000000000e+07,6.970000000000000000e+07
6.607797621449238807e+07,-1.513363540000000088e-09,6.920499999999999829e+01,6.307000000000000000e+07,6.970000000000000000e+07
6.605064401425483823e+07,-1.513989780000000117e-09,6.921000000000000796e+01,6.307000000000000000e+07,6.970000000000000000e+07
6.602927332559519261e+07,-1.514479790000000022e-09,6.921500000000000341e+01,6.307000000000000000e+07,6.970000000000000000e+07
6.603684117445649207e+07,-1.514306230000000283e-09,6.921999999999999886e+01,6.307000000000000000e+07,6.970000000000000000e+07
6.599475253284395486e+07,-1.515271990000000056e-09,6.922499999999999432e+01,6.307000000000000000e+07,6.970000000000000000e+07
6.592974442044484615e+07,-1.516766080000000038e-09,6.923000000000000398e+01,6.307000000000000000e+07,6.970000000000000000e+07
6.590601285863217711e+07,-1.517312240000000265e-09,6.923499999999999943e+01,6.307000000000000000e+07,6.970000000000000000e+07
6.587048007387347519e+07,-1.518130730000000159e-09,6.923999999999999488e+01,6.307000000000000000e+07,6.970000000000000000e+07
6.579660915332423151e+07,-1.519835160000000149e-09,6.924500000000000455e+01,6.307000000000000000e+07,6.970000000000000000e+07
6.575963524971597642e+07,-1.520689699999999954e-09,6.925000000000000000e+01,6.307000000000000000e+07,6.970000000000000000e+07
6.574689564855223149e+07,-1.520984360000000040e-09,6.925499999999999545e+01,6.307000000000000000e+07,6.970000000000000000e+07
6.569711779977409542e+07,-1.522136790000000050e-09,6.926000000000000512e+01,6.307000000000000000e+07,6.970000000000000000e+07
6.566441063013301790e+07,-1.522894960000000072e-09,6.926500000000000057e+01,6.307000000000000000e+07,6.970000000000000000e+07
6.568162057418438792e+07,-1.522495930000000135e-09,6.926999999999999602e+01,6.307000000000000000e+07,6.970000000000000000e+07
6.566841223813341558e+07,-1.522802160000000062e-09,6.927500000000000568e+01,6.307000000000000000e+07,6.970000000000000000e+07
6.563665169534023851e+07,-1.523539020000000074e-09,6.928000000000000114e+01,6.307000000000000000e+07,6.970000000000000000e+07
6.564364847844620049e+07,-1.523376630000000049e-09,6.928499999999999659e+01,6.307000000000000000e+07,6.970000000000000000e+07
6.564071067333250493e+07,-1.523444809999999987e-09,6.929000000000000625e+01,6.307000000000000000e+07,6.970000000000000000e+07
6.559961157682789862e+07,-1.524399270000000087e-09,6.929500000000000171e+01,6.307000000000000000e+07,6.970000000000000000e+07
6.562177594062761217e+07,-1.523884390000000236e-09,6.929999999999999716e+01,6.307000000000000000e+07,6.970000000000000000e+07
6.571011143252117187e+07,-1.521835800000000098e-09,6.930500000000000682e+01,6.307000000000000000e+07,6.970000000000000000e+07
6.578686125332549214e+07,-1.520060360000000178e-09,6.931000000000000227e+01,6.307000000000000000e+07,6.970000000000000000e+07
6.589047815184746683e+07,-1.517669970000000065e-09,6.931499999999999773e+01,6.307000000000000000e+07,6.970000000000000000e+07
6.605087261987496912e+07,-1.513984540000000142e-09,6.932000000000000739e+01,6.307000000000000000e+07,6.970000000000000000e+07
6.618973564395433664e+07,-1.510808270000000232e-09,6.932500000000000284e+01,6.307000000000000000e+07,6.970000000000000000e+07
6.631401316558628529e+07,-1.507976900000000250e-09,6.932999999999999829e+01,6.307000000000000000e+07,6.970000000000000000e+07
6.647973937867996097e+07,-1.504217690000000052e-09,6.933500000000000796e+01,6.307000000000000000e+07,6.970000000000000000e+07
6.663775743048645556e+07,-1.500650740000000177e-09,6.934000000000000341e+01,6.307000000000000000e+07,6.970000000000000000e+07
6.675727186127918959e+07,-1.497964150000000150e-09,6.934499999999999886e+01,6.307000000000000000e+07,6.970000000000000000e+07
6.691757769316466153e+07,-1.494375670000000112e-09,6.935000000000000853e+01,6.307000000000000000e+07,6.970000000000000000e+07
6.710183639071890712e+07,-1.490272180000000058e-09,6.935500000000000398e+01,6.307000000000000000e+07,6.970000000000000000e+07
6.723821389753367007e+07,-1.487249500000000056e-09,6.935999999999999943e+01,6.307000000000000000e+07,6.970000000000000000e+07
6.738834825538237393e+07,-1.483936060000000177e-09,6.936499999999999488e+01,6.307000000000000000e+07,6.970000000000000000e+07
6.757719001150204241e+07,-1.479789260000000131e-09,6.937000000000000455e+01,6.307000000000000000e+07,6.970000000000000000e+07
6.772168840300354362e+07,-1.476631819999999936e-09,6.937500000000000000e+01,6.307000000000000000e+07,6.970000000000000000e+07
6.782644276814255118e+07,-1.474351240000000127e-09,6.937999999999999545e+01,6.307000000000000000e+07,6.970000000000000000e+07
6.796997831309089065e+07,-1.471237780000000221e-09,6.938500000000000512e+01,6.307000000000000000e+07,6.970000000000000000e+07
6.808938204848089814e+07,-1.468657770000000171e-09,6.939000000000000057e+01,6.307000000000000000e+07,6.970000000000000000e+07
6.816187649536933005e+07,-1.467095760000000169e-09,6.939499999999999602e+01,6.307000000000000000e+07,6.970000000000000000e+07
6.826745893328340352e+07,-1.464826750000000201e-09,6.940000000000000568e+01,6.307000000000000000e+07,6.970000000000000000e+07
6.838435118220062554e+07,-1.462322860000000097e-09,6.940500000000000114e+01,6.307000000000000000e+07,6.970000000000000000e+07
6.845093708579909801e+07,-1.460900380000000029e-09,6.940999999999999659e+01,6.307000000000000000e+07,6.970000000000000000e+07
6.853165655741351843e+07,-1.459179670000000102e-09,6.941500000000000625e+01,6.307000000000000000e+07,6.970000000000000000e+07
6.864925957139727473e+07,-1.456679950000000169e-09,6.942000000000000171e+01,6.307000000000000000e+07,6.970000000000000000e+07
6.872553053257462382e+07,-1.455063339999999926e-09,6.942499999999999716e+01,6.307000000000000000e+07,6.970000000000000000e+07
6.878488528634625673e+07,-1.453807759999999914e-09,6.943000000000000682e+01,6.307000000000000000e+07,6.970000000000000000e+07
6.888402506441688538e+07,-1.451715400000000217e-09,6.943500000000000227e+01,6.307000000000000000e+07,6.970000000000000000e+07
6.896134008655185997e+07,-1.450087829999999954e-09,6.943999999999999773e+01,6.307000000000000000e+07,6.970000000000000000e+07
6.898857465037728846e+07,-1.449515380000000073e-09,6.944500000000000739e+01,6.307000000000000000e+07,6.970000000000000000e+07
6.904997822232736647e+07,-1.448226380000000079e-09,6.945000000000000284e+01,6.307000000000000000e+07,6.970000000000000000e+07
6.912764397338840365e+07,-1.446599280000000048e-09,6.945499999999999829e+01,6.307000000000000000e+07,6.970000000000000000e+07
6.916218540084338188e+07,-1.445876810000000033e-09,6.946000000000000796e+01,6.307000000000000000e+07,6.970000000000000000e+07
6.922132728198643029e+07,-1.444641470000000228e-09,6.946500000000000341e+01,6.307000000000000000e+07,6.970000000000000000e+07
6.932102221555754542e+07,-1.442563840000000180e-09,6.946999999999999886e+01,6.307000000000000000e+07,6.970000000000000000e+07
6.937832256689302623e+07,-1.441372410000000145e-09,6.947500000000000853e+01,6.307000000000000000e+07,6.970000000000000000e+07
6.939745321201150119e+07,-1.440975070000000084e-09,6.948000000000000398e+01,6.307000000000000000e+07,6.970000000000000000e+07
6.944829882502923906e+07,-1.439920080000000074e-09,6.948499999999999943e+01,6.307000000000000000e+07,6.970000000000000000e+07
6.947028208262152970e+07,-1.439464429999999996e-09,6.948999999999999488e+01,6.307000000000000000e+07,6.970000000000000000e+07
6.944907438273662329e+07,-1.439904000000000201e-09,6.949500000000000455e+01,6.307000000000000000e+07,6.970000000000000000e+07
6.947182020114926994e+07,-1.439432560000000094e-09,6.950000000000000000e+01,6.307000000000000000e+07,6.970000000000000000e+07
6.950855836636425555e+07,-1.438671760000000143e-09,6.950499999999999545e+01,6.307000000000000000e+07,6.970000000000000000e+07
6.951301275604797900e+07,-1.438579569999999955e-09,6.951000000000000512e+01,6.307000000000000000e+07,6.970000000000000000e+07
6.954096102033725381e+07,-1.438001410000000075e-09,6.951500000000000057e+01,6.307000000000000000e+07,6.970000000000000000e+07
6.959581485845732689e+07,-1.436868010000000050e-09,6.951999999999999602e+01,6.307000000000000000e+07,6.970000000000000000e+07
6.959179249987818301e+07,-1.436951060000000055e-09,6.952500000000000568e+01,6.307000000000000000e+07,6.970000000000000000e+07
6.955914747863671184e+07,-1.437625440000000085e-09,6.953000000000000114e+01,6.307000000000000000e+07,6.970000000000000000e+07
6.957273366646149755e+07,-1.437344699999999970e-09,6.953499999999999659e+01,6.307000000000000000e+07,6.970000000000000000e+07
6.956796574940863252e+07,-1.437443210000000187e-09,6.954000000000000625e+01,6.307000000000000000e+07,6.970000000000000000e+07
6.952293100556841493e+07,-1.438374339999999964e-09,6.954500000000000171e+01,6.307000000000000000e+07,6.970000000000000000e+07
6.952018137147925794e+07,-1.438431230000000066e-09,6.954999999999999716e+01,6.307000000000000000e+07,6.970000000000000000e+07
6.952367197950114310e+07,-1.438359010000000123e-09,6.955500000000000682e+01,6.307000000000000000e+07,6.970000000000000000e+07
6.947445547936554253e+07,-1.439377960000000060e-09,6.956000000000000227e+01,6.307000000000000000e+07,6.970000000000000000e+07
6.944116817155168951e+07,-1.440067940000000100e-09,6.956499999999999773e+01,6.307000000000000000e+07,6.970000000000000000e+07
6.943761110842348635e+07,-1.440141710000000124e-09,6.957000000000000739e+01,6.307000000000000000e+07,6.970000000000000000e+07
6.939281281844578683e+07,-1.441071430000000030e-09,6.957500000000000284e+01,6.307000000000000000e+07,6.970000000000000000e+07
6.934372990006980300e+07,-1.442091449999999977e-09,6.957999999999999829e+01,6.307000000000000000e+07,6.970000000000000000e+07
6.935176928985479474e+07,-1.441924280000000165e-09,6.958500000000000796e+01,6.307000000000000000e+07,6.970000000000000000e+07
6.934668199635171890e+07,-1.442030060000000095e-09,6.959000000000000341e+01,6.307000000000000000e+07,6.970000000000000000e+07
6.929925336499330401e+07,-1.443016990000000081e-09,6.959499999999999886e+01,6.307000000000000000e+07,6.970000000000000000e+07
6.929796778997194767e+07,-1.443043760000000012e-09,6.960000000000000853e+01,6.307000000000000000e+07,6.970000000000000000e+07
6.930399076288689673e+07,-1.442918350000000112e-09,6.960500000000000398e+01,6.307000000000000000e+07,6.970000000000000000e+07
6.925656197267620265e+07,-1.443906500000000157e-09,6.960999999999999943e+01,6.307000000000000000e+07,6.970000000000000000e+07
6.922866446635816991e+07,-1.444488360000000183e-09,6.961499999999999488e+01,6.307000000000000000e+07,6.970000000000000000e+07
6.923412751200972497e+07,-1.444374380000000121e-09,6.962000000000000455e+01,6.307000000000000000e+07,6.970000000000000000e+07
6.919683510283479095e+07,-1.445152800000000188e-09,6.962500000000000000e+01,6.307000000000000000e+07,6.970000000000000000e+07
6.914331570132686198e+07,-1.446271400000000251e-09,6.962999999999999545e+01,6.307000000000000000e+07,6.970000000000000000e+07
6.914212625921985507e+07,-1.446296280000000241e-09,6.963500000000000512e+01,6.307000000000000000e+07,6.970000000000000000e+07
6.911995839973832667e+07,-1.446760130000000037e-09,6.964000000000000057e+01,6.307000000000000000e+07,6.970000000000000000e+07
6.905234461194050312e+07,-1.448176750000000057e-09,6.964499999999999602e+01,6.307000000000000000e+07,6.970000000000000000e+07
6.902806809641006589e+07,-1.448686060000000118e-09,6.965000000000000568e+01,6.307000000000000000e+07,6.970000000000000000e+07
6.902050754575327039e+07,-1.448844749999999998e-09,6.965500000000000114e+01,6.307000000000000000e+07,6.970000000000000000e+07
6.896143615114749968e+07,-1.450085810000000054e-09,6.965999999999999659e+01,6.307000000000000000e+07,6.970000000000000000e+07
6.891715450937967002e+07,-1.451017540000000229e-09,6.966500000000000625e+01,6.307000000000000000e+07,6.970000000000000000e+07
6.891636228951236606e+07,-1.451034220000000087e-09,6.967000000000000171e+01,6.307000000000000000e+07,6.970000000000000000e+07
6.887947537589406967e+07,-1.451811290000000136e-09,6.967499999999999716e+01,6.307000000000000000e+07,6.970000000000000000e+07
6.883989393011462688e+07,-1.452646050000000130e-09,6.968000000000000682e+01,6.307000000000000000e+07,6.970000000000000000e+07
6.885525386243547499e+07,-1.452322000000000023e-09,6.968500000000000227e+01,6.307000000000000000e+07,6.970000000000000000e+07
6.885813559078578651e+07,-1.452261220000000169e-09,6.968999999999999773e+01,6.307000000000000000e+07,6.970000000000000000e+07
6.882555359558732808e+07,-1.452948720000000122e-09,6.969500000000000739e+01,6.307000000000000000e+07,6.970000000000000000e+07
6.883368033079925179e+07,-1.452777180000000075e-09,6.970000000000000284e+01,6.307000000000000000e+07,6.970000000000000000e+07
6.883866372561277449e+07,-1.452672009999999968e-09,6.970499999999999829e+01,6.307000000000000000e+07,6.970000000000000000e+07
6.878921901240184903e+07,-1.453716170000000124e-09,6.971000000000000796e+01,6.307000000000000000e+07,6.970000000000000000e+07
6.876496493251533806e+07,-1.454228910000000161e-09,6.971500000000000341e+01,6.307000000000000000e+07,6.970000000000000000e+07
6.877761300801448524e+07,-1.453961480000000195e-09,6.971999999999999886e+01,6.307000000000000000e+07,6.970000000000000000e+07
6.875612354928103089e+07,-1.454415910000000215e-09,6.972500000000000853e+01,6.307000000000000000e+07,6.970000000000000000e+07
6.873035231192341447e+07,-1.454961259999999935e-09,6.973000000000000398e+01,6.307000000000000000e+07,6.970000000000000000e+07
6.876408731176957488e+07,-1.454247470000000122e-09,6.973499999999999943e+01,6.307000000000000000e+07,6.970000000000000000e+07
6.879290067171245813e+07,-1.453638370000000139e-09,6.973999999999999488e+01,6.307000000000000000e+07,6.970000000000000000e+07
6.878981098527330160e+07,-1.453703660000000024e-09,6.974500000000000455e+01,6.307000000000000000e+07,6.970000000000000000e+07
6.881200903878769279e+07,-1.453234710000000049e-09,6.975000000000000000e+01,6.307000000000000000e+07,6.970000000000000000e+07
6.882780277618868649e+07,-1.452901240000000165e-09,6.975499999999999545e+01,6.307000000000000000e+07,6.970000000000000000e+07
6.879026573714049160e+07,-1.453694050000000021e-09,6.976000000000000512e+01,6.307000000000000000e+07,6.970000000000000000e+07
6.877814754285459220e+07,-1.453950180000000108e-09,6.976500000000000057e+01,6.307000000000000000e+07,6.970000000000000000e+07
6.880554293050293624e+07,-1.453371280000000033e-09,6.976999999999999602e+01,6.307000000000000000e+07,6.970000000000000000e+07
6.879280507608900964e+07,-1.453640390000000039e-09,6.977500000000000568e+01,6.307000000000000000e+07,6.970000000000000000e+07
6.879347046499907970e+07,-1.453626330000000065e-09,6.978000000000000114e+01,6.307000000000000000e+07,6.970000000000000000e+07
6.885600911934493482e+07,-1.452306069999999991e-09,6.978499999999999659e+01,6.307000000000000000e+07,6.970000000000000000e+07
6.889950676221099496e+07,-1.451389200000000045e-09,6.979000000000000625e+01,6.307000000000000000e+07,6.970000000000000000e+07
6.890252370307105780e+07,-1.451325650000000053e-09,6.979500000000000171e+01,6.307000000000000000e+07,6.970000000000000000e+07
6.896118695443296432e+07,-1.450091050000000029e-09,6.979999999999999716e+01,6.307000000000000000e+07,6.970000000000000000e+07
6.902571004073172808e+07,-1.448735550000000136e-09,6.980500000000000682e+01,6.307000000000000000e+07,6.970000000000000000e+07
6.905482322493523359e+07,-1.448124770000000114e-09,6.981000000000000227e+01,6.307000000000000000e+07,6.970000000000000000e+07
6.910555941924738884e+07,-1.447061579999999971e-09,6.981499999999999773e+01,6.307000000000000000e+07,6.970000000000000000e+07
6.917944967996825278e+07,-1.445515980000000071e-09,6.982000000000000739e+01,6.307000000000000000e+07,6.970000000000000000e+07
6.920796802685999870e+07,-1.444920330000000033e-09,6.982500000000000284e+01,6.307000000000000000e+07,6.970000000000000000e+07
6.922939918095944822e+07,-1.444473029999999929e-09,6.982999999999999829e+01,6.307000000000000000e+07,6.970000000000000000e+07
6.929641479059904814e+07,-1.443076100000000147e-09,6.983500000000000796e+01,6.307000000000000000e+07,6.970000000000000000e+07
6.933418912060736120e+07,-1.442289890000000120e-09,6.984000000000000341e+01,6.307000000000000000e+07,6.970000000000000000e+07
6.933149044685207307e+07,-1.442346029999999983e-09,6.984499999999999886e+01,6.307000000000000000e+07,6.970000000000000000e+07
6.937592415668568015e+07,-1.441422240000000230e-09,6.985000000000000853e+01,6.307000000000000000e+07,6.970000000000000000e+07
6.941863613816463947e+07,-1.440535360000000083e-09,6.985500000000000398e+01,6.307000000000000000e+07,6.970000000000000000e+07
6.942536741414438188e+07,-1.440395689999999939e-09,6.985999999999999943e+01,6.307000000000000000e+07,6.970000000000000000e+07
6.947642579416801035e+07,-1.439337139999999993e-09,6.986499999999999488e+01,6.307000000000000000e+07,6.970000000000000000e+07
6.957444913421069086e+07,-1.437309260000000087e-09,6.987000000000000455e+01,6.307000000000000000e+07,6.970000000000000000e+07
6.962365718854060769e+07,-1.436293410000000105e-09,6.987500000000000000e+01,6.307000000000000000e+07,6.970000000000000000e+07
6.966548043537637591e+07,-1.435431139999999986e-09,6.987999999999999545e+01,6.307000000000000000e+07,6.970000000000000000e+07
6.975461366257250309e+07,-1.433596930000000068e-09,6.988500000000000512e+01,6.307000000000000000e+07,6.970000000000000000e+07
6.982130298784066737e+07,-1.432227640000000163e-09,6.989000000000000057e+01,6.307000000000000000e+07,6.970000000000000000e+07
6.985720398119838536e+07,-1.431491590000000038e-09,6.989499999999999602e+01,6.307000000000000000e+07,6.970000000000000000e+07
6.994289442441824079e+07,-1.429737800000000195e-09,6.990000000000000568e+01,6.307000000000000000e+07,6.970000000000000000e+07
7.003811915684665740e+07,-1.427793910000000139e-09,6.990500000000000114e+01,6.307000000000000000e+07,6.970000000000000000e+07
7.008338100171297789e+07,-1.426871800000000011e-09,6.990999999999999659e+01,6.307000000000000000e+07,6.970000000000000000e+07
7.014628678421299160e+07,-1.425592210000000163e-09,6.991500000000000625e+01,6.307000000000000000e+07,6.970000000000000000e+07
7.024827743320801854e+07,-1.423522450000000224e-09,6.992000000000000171e+01,6.307000000000000000e+07,6.970000000000000000e+07
7.030975094366759062e+07,-1.422277830000000233e-09,6.992499999999999716e+01,6.307000000000000000e+07,6.970000000000000000e+07
7.035138419936333597e+07,-1.421436139999999974e-09,6.993000000000000682e+01,6.307000000000000000e+07,6.970000000000000000e+07
7.045146992764915526e+07,-1.419416800000000061e-09,6.993500000000000227e+01,6.307000000000000000e+07,6.970000000000000000e+07
7.052111429312564433e+07,-1.418015030000000225e-09,6.993999999999999773e+01,6.307000000000000000e+07,6.970000000000000000e+07
7.055413656292165816e+07,-1.417351340000000046e-09,6.994500000000000739e+01,6.307000000000000000e+07,6.970000000000000000e+07
7.063692923524616659e+07,-1.415690080000000252e-09,6.995000000000000284e+01,6.307000000000000000e+07,6.970000000000000000e+07
7.072972836827804148e+07,-1.413832660000000132e-09,6.995499999999999829e+01,6.307000000000000000e+07,6.970000000000000000e+07
7.076877893779601157e+07,-1.413052500000000172e-09,6.996000000000000796e+01,6.307000000000000000e+07,6.970000000000000000e+07
7.083493219581121206e+07,-1.411732840000000082e-09,6.996500000000000341e+01,6.307000000000000000e+07,6.970000000000000000e+07
7.093525573929528892e+07,-1.409736230000000095e-09,6.996999999999999886e+01,6.307000000000000000e+07,6.970000000000000000e+07
7.098233237680144608e+07,-1.408801270000000213e-09,6.997500000000000853e+01,6.307000000000000000e+07,6.970000000000000000e+07
7.101286162935844064e+07,-1.408195610000000045e-09,6.998000000000000398e+01,6.307000000000000000e+07,6.970000000000000000e+07
7.108296503709018230e+07,-1.406806819999999922e-09,6.998499999999999943e+01,6.307000000000000000e+07,6.970000000000000000e+07
7.111569336389383674e+07,-1.406159390000000004e-09,6.998999999999999488e+01,6.307000000000000000e+07,6.970000000000000000e+07
7.111074196734836698e+07,-1.406257300000000030e-09,6.999500000000000455e+01,6.307000000000000000e+07,6.970000000000000000e+07
7.115423829580020905e+07,-1.405397660000000046e-09,7.000000000000000000e+01,6.307000000000000000e+07,6.970000000000000000e+07
7.120657019605283439e+07,-1.404364790000000139e-09,7.000499999999999545e+01,6.307000000000000000e+07,6.970000000000000000e+07
7.120675070188316703e+07,-1.404361229999999997e-09,7.001000000000000512e+01,6.307000000000000000e+07,6.970000000000000000e+07
7.123751495765197277e+07,-1.403754750000000105e-09,7.001500000000000057e+01,6.307000000000000000e+07,6.970000000000000000e+07
7.130540255079960823e+07,-1.402418280000000198e-09,7.001999999999999602e+01,6.307000000000000000e+07,6.970000000000000000e+07
7.132616183488148451e+07,-1.402010110000000077e-09,7.002500000000000568e+01,6.307000000000000000e+07,6.970000000000000000e+07
7.133867450745283067e+07,-1.401764200000000022e-09,7.003000000000000114e+01,6.307000000000000000e+07,6.970000000000000000e+07
7.139567892931954563e+07,-1.400644990000000137e-09,7.003499999999999659e+01,6.307000000000000000e+07,6.970000000000000000e+07
7.142903520709288120e+07,-1.399990910000000167e-09,7.004000000000000625e+01,6.307000000000000000e+07,6.970000000000000000e+07
7.144090468018011749e+07,-1.399758310000000054e-09,7.004500000000000171e+01,6.307000000000000000e+07,6.970000000000000000e+07
7.150484820389510691e+07,-1.398506569999999984e-09,7.004999999999999716e+01,6.307000000000000000e+07,6.970000000000000000e+07
7.156431922984997928e+07,-1.397344390000000174e-09,7.005500000000000682e+01,6.307000000000000000e+07,6.970000000000000000e+07
7.159262541834166646e+07,-1.396791909999999918e-09,7.006000000000000227e+01,6.307000000000000000e+07,6.970000000000000000e+07
7.166340883615708351e+07,-1.395412270000000023e-09,7.006499999999999773e+01,6.307000000000000000e+07,6.970000000000000000e+07
7.176386399091464281e+07,-1.393458970000000028e-09,7.007000000000000739e+01,6.307000000000000000e+07,6.970000000000000000e+07
7.181762391276375949e+07,-1.392415880000000088e-09,7.007500000000000284e+01,6.307000000000000000e+07,6.970000000000000000e+07
7.186142358055005968e+07,-1.391567199999999918e-09,7.007999999999999829e+01,6.307000000000000000e+07,6.970000000000000000e+07
7.194589841109640896e+07,-1.389933300000000201e-09,7.008500000000000796e+01,6.307000000000000000e+07,6.970000000000000000e+07
7.199157640962746739e+07,-1.389051400000000111e-09,7.009000000000000341e+01,6.307000000000000000e+07,6.970000000000000000e+07
7.198480521696342528e+07,-1.389182060000000031e-09,7.009499999999999886e+01,6.307000000000000000e+07,6.970000000000000000e+07
7.201550603308461607e+07,-1.388589840000000176e-09,7.010000000000000853e+01,6.307000000000000000e+07,6.970000000000000000e+07
7.204128720749679208e+07,-1.388092910000000050e-09,7.010500000000000398e+01,6.307000000000000000e+07,6.970000000000000000e+07
7.201380447020649910e+07,-1.388622650000000130e-09,7.010999999999999943e+01,6.307000000000000000e+07,6.970000000000000000e+07
7.201104614882619679e+07,-1.388675840000000293e-09,7.011499999999999488e+01,6.307000000000000000e+07,6.970000000000000000e+07
7.202845371699701250e+07,-1.388340230000000182e-09,7.012000000000000455e+01,6.307000000000000000e+07,6.970000000000000000e+07
7.200231208064368367e+07,-1.388844290000000017e-09,7.012500000000000000e+01,6.307000000000000000e+07,6.970000000000000000e+07
7.198972568394216895e+07,-1.389087109999999955e-09,7.012999999999999545e+01,6.307000000000000000e+07,6.970000000000000000e+07
7.203636695475162566e+07,-1.388187719999999915e-09,7.013500000000000512e+01,6.307000000000000000e+07,6.970000000000000000e+07
7.205634950644102693e+07,-1.387802750000000158e-09,7.014000000000000057e+01,6.307000000000000000e+07,6.970000000000000000e+07
7.202636764315117896e+07,-1.388380440000000013e-09,7.014499999999999602e+01,6.307000000000000000e+07,6.970000000000000000e+07
7.203831037687297165e+07,-1.388150269999999971e-09,7.015000000000000568e+01,6.307000000000000000e+07,6.970000000000000000e+07
7.203390370762751997e+07,-1.388235190000000241e-09,7.015500000000000114e+01,6.307000000000000000e+07,6.970000000000000000e+07
7.197106204810224473e+07,-1.389447330000000095e-09,7.015999999999999659e+01,6.307000000000000000e+07,6.970000000000000000e+07
7.192544110955983400e+07,-1.390328629999999993e-09,7.016500000000000625e+01,6.307000000000000000e+07,6.970000000000000000e+07
7.190947373878602684e+07,-1.390637350000000052e-09,7.017000000000000171e+01,6.307000000000000000e+07,6.970000000000000000e+07
7.184218742793330550e+07,-1.391939800000000198e-09,7.017499999999999716e+01,6.307000000000000000e+07,6.970000000000000000e+07
7.178422225578214228e+07,-1.393063780000000239e-09,7.018000000000000682e+01,6.307000000000000000e+07,6.970000000000000000e+07
7.179365189186574519e+07,-1.392880810000000147e-09,7.018500000000000227e+01,6.307000000000000000e+07,6.970000000000000000e+07
7.178526523298761249e+07,-1.393043540000000239e-09,7.018999999999999773e+01,6.307000000000000000e+07,6.970000000000000000e+07
7.176349009907473624e+07,-1.393466230000000108e-09,7.019500000000000739e+01,6.307000000000000000e+07,6.970000000000000000e+07
7.180229364816015959e+07,-1.392713170000000102e-09,7.020000000000000284e+01,6.307000000000000000e+07,6.970000000000000000e+07
7.184634561178758740e+07,-1.391859240000000119e-09,7.020499999999999829e+01,6.307000000000000000e+07,6.970000000000000000e+07
7.184540512639668584e+07,-1.391877460000000013e-09,7.021000000000000796e+01,6.307000000000000000e+07,6.970000000000000000e+07
7.186576837043371797e+07,-1.391483070000000065e-09,7.021500000000000341e+01,6.307000000000000000e+07,6.970000000000000000e+07
7.190377164259485900e+07,-1.390747629999999969e-09,7.021999999999999886e+01,6.307000000000000000e+07,6.970000000000000000e+07
7.189569625460232794e+07,-1.390903840000000174e-09,7.022500000000000853e+01,6.307000000000000000e+07,6.970000000000000000e+07
7.187364538392914832e+07,-1.391330570000000050e-09,7.023000000000000398e+01,6.307000000000000000e+07,6.970000000000000000e+07
7.189394452618665993e+07,-1.390937730000000183e-09,7.023499999999999943e+01,6.307000000000000000e+07,6.970000000000000000e+07
7.187766513397608697e+07,-1.391252760000000020e-09,7.023999999999999488e+01,6.307000000000000000e+07,6.970000000000000000e+07
7.181868488195353746e+07,-1.392395310000000066e-09,7.024500000000000455e+01,6.307000000000000000e+07,6.970000000000000000e+07
7.180864226201130450e+07,-1.392590040000000019e-09,7.025000000000000000e+01,6.307000000000000000e+07,6.970000000000000000e+07
7.179214428245282173e+07,-1.392910059999999958e-09,7.025499999999999545e+01,6.307000000000000000e+07,6.970000000000000000e+07
7.172248299162280560e+07,-1.394262939999999967e-09,7.026000000000000512e+01,6.307000000000000000e+07,6.970000000000000000e+07
7.169592707698279619e+07,-1.394779370000000105e-09,7.026500000000000057e+01,6.307000000000000000e+07,6.970000000000000000e+07
7.169910032829296589e+07,-1.394717640000000155e-09,7.026999999999999602e+01,6.307000000000000000e+07,6.970000000000000000e+07
7.164962177096112072e+07,-1.395680780000000045e-09,7.027500000000000568e+01,6.307000000000000000e+07,6.970000000000000000e+07
7.160366284241050482e+07,-1.396576600000000105e-09,7.028000000000000114e+01,6.307000000000000000e+07,6.970000000000000000e+07
7.161090353059585392e+07,-1.396435390000000131e-09,7.028499999999999659e+01,6.307000000000000000e+07,6.970000000000000000e+07
7.157175891190429032e+07,-1.397199139999999988e-09,7.029000000000000625e+01,6.307000000000000000e+07,6.970000000000000000e+07
7.149507512609550357e+07,-1.398697740000000209e-09,7.029500000000000171e+01,6.307000000000000000e+07,6.970000000000000000e+07
7.146741601109963655e+07,-1.399239059999999968e-09,7.029999999999999716e+01,6.307000000000000000e+07,6.970000000000000000e+07
7.144905995686449111e+07,-1.399598540000000119e-09,7.030500000000000682e+01,6.307000000000000000e+07,6.970000000000000000e+07
7.140392687323917449e+07,-1.400483200000000096e-09,7.031000000000000227e+01,6.307000000000000000e+07,6.970000000000000000e+07
7.140506845029102266e+07,-1.400460810000000032e-09,7.031499999999999773e+01,6.307000000000000000e+07,6.970000000000000000e+07
7.142201284716312587e+07,-1.400128559999999999e-09,7.032000000000000739e+01,6.307000000000000000e+07,6.970000000000000000e+07
7.138008650481303036e+07,-1.400950950000000102e-09,7.032500000000000284e+01,6.307000000000000000e+07,6.970000000000000000e+07
7.134344544865417480e+07,-1.401670460000000167e-09,7.032999999999999829e+01,6.307000000000000000e+07,6.970000000000000000e+07
7.135727226151733100e+07,-1.401398860000000029e-09,7.033500000000000796e+01,6.307000000000000000e+07,6.970000000000000000e+07
7.132660291704122722e+07,-1.402001440000000126e-09,7.034000000000000341e+01,6.307000000000000000e+07,6.970000000000000000e+07
7.126213768797063828e+07,-1.403269720000000050e-09,7.034499999999999886e+01,6.307000000000000000e+07,6.970000000000000000e+07
7.124063760883592069e+07,-1.403693220000000219e-09,7.035000000000000853e+01,6.307000000000000000e+07,6.970000000000000000e+07
7.121605356837366521e+07,-1.404177780000000041e-09,7.035500000000000398e+01,6.307000000000000000e+07,6.970000000000000000e+07
7.113458944593453407e+07,-1.405785860000000130e-09,7.035999999999999943e+01,6.307000000000000000e+07,6.970000000000000000e+07
7.110016838439577818e+07,-1.406466430000000231e-09,7.036499999999999488e+01,6.307000000000000000e+07,6.970000000000000000e+07
7.110026342292097211e+07,-1.406464549999999921e-09,7.037000000000000455e+01,6.307000000000000000e+07,6.970000000000000000e+07
7.105058636912120879e+07,-1.407447920000000179e-09,7.037500000000000000e+01,6.307000000000000000e+07,6.970000000000000000e+07
7.100859615863376856e+07,-1.408280200000000085e-09,7.037999999999999545e+01,6.307000000000000000e+07,6.970000000000000000e+07
7.101496102010093629e+07,-1.408153980000000092e-09,7.038500000000000512e+01,6.307000000000000000e+07,6.970000000000000000e+07
7.099591774182942510e+07,-1.408531690000000182e-09,7.039000000000000057e+01,6.307000000000000000e+07,6.970000000000000000e+07
7.095505842123760283e+07,-1.409342790000000036e-09,7.039499999999999602e+01,6.307000000000000000e+07,6.970000000000000000e+07
7.095199146311314404e+07,-1.409403710000000100e-09,7.040000000000000568e+01,6.307000000000000000e+07,6.970000000000000000e+07
7.094750628774048388e+07,-1.409492809999999965e-09,7.040500000000000114e+01,6.307000000000000000e+07,6.970000000000000000e+07
7.091078694040007889e+07,-1.410222680000000065e-09,7.040999999999999659e+01,6.307000000000000000e+07,6.970000000000000000e+07
7.090205429272340238e+07,-1.410396369999999969e-09,7.041500000000000625e+01,6.307000000000000000e+07,6.970000000000000000e+07
7.090667248876628280e+07,-1.410304510000000011e-09,7.042000000000000171e+01,6.307000000000000000e+07,6.970000000000000000e+07
7.085692408335302770e+07,-1.411294679999999955e-09,7.042499999999999716e+01,6.307000000000000000e+07,6.970000000000000000e+07
7.079549836062757671e+07,-1.412519190000000112e-09,7.043000000000000682e+01,6.307000000000000000e+07,6.970000000000000000e+07
7.075269468889874220e+07,-1.413373730000000125e-09,7.043500000000000227e+01,6.307000000000000000e+07,6.970000000000000000e+07
7.065784174717962742e+07,-1.415271080000000070e-09,7.043999999999999773e+01,6.307000000000000000e+07,6.970000000000000000e+07
7.052606051482979953e+07,-1.417915580000000163e-09,7.044500000000000739e+01,6.307000000000000000e+07,6.970000000000000000e+07
7.043200732425262034e+07,-1.419809030000000106e-09,7.045000000000000284e+01,6.307000000000000000e+07,6.970000000000000000e+07
7.030996400748570263e+07,-1.422273520000000058e-09,7.045499999999999829e+01,6.307000000000000000e+07,6.970000000000000000e+07
7.016384063672843575e+07,-1.425235550000000166e-09,7.046000000000000796e+01,6.307000000000000000e+07,6.970000000000000000e+07
7.008568318188832700e+07,-1.426824930000000083e-09,7.046500000000000341e+01,6.307000000000000000e+07,6.970000000000000000e+07
7.004374014436420798e+07,-1.427679330000000092e-09,7.046999999999999886e+01,6.307000000000000000e+07,6.970000000000000000e+07
6.996741050956544280e+07,-1.429236830000000063e-09,7.047500000000000853e+01,6.307000000000000000e+07,6.970000000000000000e+07
6.991481921010054648e+07,-1.430311930000000115e-09,7.048000000000000398e+01,6.307000000000000000e+07,6.970000000000000000e+07
6.992104180338561535e+07,-1.430184640000000112e-09,7.048499999999999943e+01,6.307000000000000000e+07,6.970000000000000000e+07
6.990247556122076511e+07,-1.430564500000000060e-09,7.048999999999999488e+01,6.307000000000000000e+07,6.970000000000000000e+07
6.987425896514168382e+07,-1.431142190000000121e-09,7.049500000000000455e+01,6.307000000000000000e+07,6.970000000000000000e+07
6.990487093505622447e+07,-1.430515480000000067e-09,7.050000000000000000e+01,6.307000000000000000e+07,6.970000000000000000e+07
6.992930755391275883e+07,-1.430015589999999990e-09,7.050499999999999545e+01,6.307000000000000000e+07,6.970000000000000000e+07
6.991328438606415689e+07,-1.430343329999999991e-09,7.051000000000000512e+01,6.307000000000000000e+07,6.970000000000000000e+07
6.992852856837728620e+07,-1.430031520000000022e-09,7.051500000000000057e+01,6.307000000000000000e+07,6.970000000000000000e+07
6.996442784602138400e+07,-1.429297760000000172e-09,7.051999999999999602e+01,6.307000000000000000e+07,6.970000000000000000e+07
6.994067743644924462e+07,-1.429783120000000042e-09,7.052500000000000568e+01,6.307000000000000000e+07,6.970000000000000000e+07
6.991872745007422566e+07,-1.430231980000000065e-09,7.053000000000000114e+01,6.307000000000000000e+07,6.970000000000000000e+07
6.994521673794911802e+07,-1.429690330000000076e-09,7.053499999999999659e+01,6.307000000000000000e+07,6.970000000000000000e+07
6.993341499691313505e+07,-1.429931600000000141e-09,7.054000000000000625e+01,6.307000000000000000e+07,6.970000000000000000e+07
6.988985735885474086e+07,-1.430822780000000005e-09,7.054500000000000171e+01,6.307000000000000000e+07,6.970000000000000000e+07
6.988996237774403393e+07,-1.430820629999999940e-09,7.054999999999999716e+01,6.307000000000000000e+07,6.970000000000000000e+07
6.988291460084909201e+07,-1.430964930000000030e-09,7.055500000000000682e+01,6.307000000000000000e+07,6.970000000000000000e+07
6.983349655283704400e+07,-1.431977560000000144e-09,7.056000000000000227e+01,6.307000000000000000e+07,6.970000000000000000e+07
6.982886641682690382e+07,-1.432072510000000012e-09,7.056499999999999773e+01,6.307000000000000000e+07,6.970000000000000000e+07
6.984895526638211310e+07,-1.431660640000000159e-09,7.057000000000000739e+01,6.307000000000000000e+07,6.970000000000000000e+07
6.982342075830748677e+07,-1.432184200000000006e-09,7.057500000000000284e+01,6.307000000000000000e+07,6.970000000000000000e+07
6.981821187809559703e+07,-1.432291049999999945e-09,7.057999999999999829e+01,6.307000000000000000e+07,6.970000000000000000e+07
6.987023413648211956e+07,-1.431224630000000097e-09,7.058500000000000796e+01,6.307000000000000000e+07,6.970000000000000000e+07
6.988653355196915567e+07,-1.430890830000000190e-09,7.059000000000000341e+01,6.307000000000000000e+07,6.970000000000000000e+07
6.987941077792638540e+07,-1.431036680000000154e-09,7.059499999999999886e+01,6.307000000000000000e+07,6.970000000000000000e+07
6.992242589311896265e+07,-1.430156330000000145e-09,7.060000000000000853e+01,6.307000000000000000e+07,6.970000000000000000e+07
6.994695747347392142e+07,-1.429654750000000191e-09,7.060500000000000398e+01,6.307000000000000000e+07,6.970000000000000000e+07
6.992598683923001587e+07,-1.430083500000000173e-09,7.060999999999999943e+01,6.307000000000000000e+07,6.970000000000000000e+07
6.995062905586425960e+07,-1.429579710000000093e-09,7.061499999999999488e+01,6.307000000000000000e+07,6.970000000000000000e+07
6.997894361578178406e+07,-1.429001280000000044e-09,7.062000000000000455e+01,6.307000000000000000e+07,6.970000000000000000e+07
6.994493738683083653e+07,-1.429696040000000077e-09,7.062500000000000000e+01,6.307000000000000000e+07,6.970000000000000000e+07
6.993293815861748159e+07,-1.429941350000000147e-09,7.062999999999999545e+01,6.307000000000000000e+07,6.970000000000000000e+07
6.997054422011747956e+07,-1.429172820000000090e-09,7.063500000000000512e+01,6.307000000000000000e+07,6.970000000000000000e+07
6.996885567286945879e+07,-1.429207310000000083e-09,7.064000000000000057e+01,6.307000000000000000e+07,6.970000000000000000e+07
6.994674660404697061e+07,-1.429659060000000159e-09,7.064499999999999602e+01,6.307000000000000000e+07,6.970000000000000000e+07
6.997043259429863095e+07,-1.429175099999999907e-09,7.065000000000000568e+01,6.307000000000000000e+07,6.970000000000000000e+07
6.998189764257299900e+07,-1.428940960000000171e-09,7.065500000000000114e+01,6.307000000000000000e+07,6.970000000000000000e+07
6.993743096694743633e+07,-1.429849490000000189e-09,7.065999999999999659e+01,6.307000000000000000e+07,6.970000000000000000e+07
6.992472435603734851e+07,-1.430109320000000007e-09,7.066500000000000625e+01,6.307000000000000000e+07,6.970000000000000000e+07
6.994065444547450542e+07,-1.429783590000000068e-09,7.067000000000000171e+01,6.307000000000000000e+07,6.970000000000000000e+07
6.991346523762331903e+07,-1.430339630000000053e-09,7.067499999999999716e+01,6.307000000000000000e+07,6.970000000000000000e+07
6.990854494242087007e+07,-1.430440300000000173e-09,7.068000000000000682e+01,6.307000000000000000e+07,6.970000000000000000e+07
6.996491196696434915e+07,-1.429287870000000162e-09,7.068500000000000227e+01,6.307000000000000000e+07,6.970000000000000000e+07
6.999004944468039274e+07,-1.428774530000000140e-09,7.068999999999999773e+01,6.307000000000000000e+07,6.970000000000000000e+07
6.999517866209857166e+07,-1.428669830000000059e-09,7.069500000000000739e+01,6.307000000000000000e+07,6.970000000000000000e+07
7.005091952304486930e+07,-1.427533010000000103e-09,7.070000000000000284e+01,6.307000000000000000e+07,6.970000000000000000e+07
7.009242211549092829e+07,-1.426687750000000071e-09,7.070499999999999829e+01,6.307000000000000000e+07,6.970000000000000000e+07
7.008685274931660295e+07,-1.426801120000000104e-09,7.071000000000000796e+01,6.307000000000000000e+07,6.970000000000000000e+07
7.012071589772944152e+07,-1.426112080000000115e-09,7.071500000000000341e+01,6.307000000000000000e+07,6.970000000000000000e+07
7.017102840890926123e+07,-1.425089559999999992e-09,7.071999999999999886e+01,6.307000000000000000e+07,6.970000000000000000e+07
7.016923021996761858e+07,-1.425126080000000135e-09,7.072500000000000853e+01,6.307000000000000000e+07,6.970000000000000000e+07
7.017366381835508347e+07,-1.425036040000000012e-09,7.073000000000000398e+01,6.307000000000000000e+07,6.970000000000000000e+07
7.022105419329519570e+07,-1.424074320000000038e-09,7.073499999999999943e+01,6.307000000000000000e+07,6.970000000000000000e+07
7.022781918589466810e+07,-1.423937140000000232e-09,7.073999999999999488e+01,6.307000000000000000e+07,6.970000000000000000e+07
7.021548753962276876e+07,-1.424187220000000252e-09,7.074500000000000455e+01,6.307000000000000000e+07,6.970000000000000000e+07
7.025504767237052321e+07,-1.423385270000000212e-09,7.075000000000000000e+01,6.307000000000000000e+07,6.970000000000000000e+07
7.027410047464814782e+07,-1.422999359999999990e-09,7.075499999999999545e+01,6.307000000000000000e+07,6.970000000000000000e+07
7.025252212877169251e+07,-1.423436440000000063e-09,7.076000000000000512e+01,6.307000000000000000e+07,6.970000000000000000e+07
7.027677425277131796e+07,-1.422945219999999937e-09,7.076500000000000057e+01,6.307000000000000000e+07,6.970000000000000000e+07
7.032565765583780408e+07,-1.421956130000000254e-09,7.076999999999999602e+01,6.307000000000000000e+07,6.970000000000000000e+07
7.032221561841922998e+07,-1.422025730000000107e-09,7.077500000000000568e+01,6.307000000000000000e+07,6.970000000000000000e+07
7.033814429828101397e+07,-1.421703699999999899e-09,7.078000000000000114e+01,6.307000000000000000e+07,6.970000000000000000e+07
7.040039527850738168e+07,-1.420446570000000014e-09,7.078499999999999659e+01,6.307000000000000000e+07,6.970000000000000000e+07
7.041783953153152764e+07,-1.420094690000000010e-09,7.079000000000000625e+01,6.307000000000000000e+07,6.970000000000000000e+07
7.040910442667883635e+07,-1.420270870000000047e-09,7.079500000000000171e+01,6.307000000000000000e+07,6.970000000000000000e+07
7.045389662219430506e+07,-1.419367910000000234e-09,7.079999999999999716e+01,6.307000000000000000e+07,6.970000000000000000e+07
7.049400322318321466e+07,-1.418560379999999946e-09,7.080500000000000682e+01,6.307000000000000000e+07,6.970000000000000000e+07
7.050145911229808629e+07,-1.418410360000000017e-09,7.081000000000000227e+01,6.307000000000000000e+07,6.970000000000000000e+07
7.055172685052329302e+07,-1.417399750000000009e-09,7.081499999999999773e+01,6.307000000000000000e+07,6.970000000000000000e+07
7.062272627043028176e+07,-1.415974790000000061e-09,7.082000000000000739e+01,6.307000000000000000e+07,6.970000000000000000e+07
7.064369075758279860e+07,-1.415554580000000072e-09,7.082500000000000284e+01,6.307000000000000000e+07,6.970000000000000000e+07
7.068017390234802663e+07,-1.414823910000000131e-09,7.082999999999999829e+01,6.307000000000000000e+07,6.970000000000000000e+07
7.075363081277604401e+07,-1.413355029999999954e-09,7.083500000000000796e+01,6.307000000000000000e+07,6.970000000000000000e+07
7.077861043779811263e+07,-1.412856220000000139e-09,7.084000000000000341e+01,6.307000000000000000e+07,6.970000000000000000e+07
7.078677053303888440e+07,-1.412693350000000250e-09,7.084499999999999886e+01,6.307000000000000000e+07,6.970000000000000000e+07
7.083701054158139229e+07,-1.411691420000000031e-09,7.085000000000000853e+01,6.307000000000000000e+07,6.970000000000000000e+07
7.086486923358827829e+07,-1.411136450000000263e-09,7.085500000000000398e+01,6.307000000000000000e+07,6.970000000000000000e+07
7.083589357864691317e+07,-1.411713680000000137e-09,7.085999999999999943e+01,6.307000000000000000e+07,6.970000000000000000e+07
7.084083738516947627e+07,-1.411615160000000082e-09,7.086499999999999488e+01,6.307000000000000000e+07,6.970000000000000000e+07
7.085232642125904560e+07,-1.411386260000000114e-09,7.087000000000000455e+01,6.307000000000000000e+07,6.970000000000000000e+07
7.082868384340633452e+07,-1.411857380000000036e-09,7.087500000000000000e+01,6.307000000000000000e+07,6.970000000000000000e+07
7.084171461658962071e+07,-1.411597680000000176e-09,7.087999999999999545e+01,6.307000000000000000e+07,6.970000000000000000e+07
7.090693594417019188e+07,-1.410299270000000243e-09,7.088500000000000512e+01,6.307000000000000000e+07,6.970000000000000000e+07
7.093526228064955771e+07,-1.409736099999999929e-09,7.089000000000000057e+01,6.307000000000000000e+07,6.970000000000000000e+07
7.095095544294896722e+07,-1.409424290000000167e-09,7.089499999999999602e+01,6.307000000000000000e+07,6.970000000000000000e+07
7.102474249890825152e+07,-1.407960050000000187e-09,7.090000000000000568e+01,6.307000000000000000e+07,6.970000000000000000e+07
7.109666730177320540e+07,-1.406535690000000016e-09,7.090500000000000114e+01,6.307000000000000000e+07,6.970000000000000000e+07
7.112940774447175860e+07,-1.405888269999999936e-09,7.090999999999999659e+01,6.307000000000000000e+07,6.970000000000000000e+07
7.120518246128630638e+07,-1.404392160000000054e-09,7.091500000000000625e+01,6.307000000000000000e+07,6.970000000000000000e+07
7.129242987678378820e+07,-1.402673470000000234e-09,7.092000000000000171e+01,6.307000000000000000e+07,6.970000000000000000e+07
7.132237852030143142e+07,-1.402084480000000085e-09,7.092499999999999716e+01,6.307000000000000000e+07,6.970000000000000000e+07
7.137215225201728940e+07,-1.401106690000000076e-09,7.093000000000000682e+01,6.307000000000000000e+07,6.970000000000000000e+07
7.144202702406123281e+07,-1.399736319999999910e-09,7.093500000000000227e+01,6.307000000000000000e+07,6.970000000000000000e+07
7.142817398180334270e+07,-1.400007790000000089e-09,7.093999999999999773e+01,6.307000000000000000e+07,6.970000000000000000e+07
7.135667295459289849e+07,-1.401410630000000141e-09,7.094500000000000739e+01,6.307000000000000000e+07,6.970000000000000000e+07
7.131722384697914124e+07,-1.402185820000000088e-09,7.095000000000000284e+01,6.307000000000000000e+07,6.970000000000000000e+07
7.125156675960791111e+07,-1.403477910000000199e-09,7.095499999999999829e+01,6.307000000000000000e+07,6.970000000000000000e+07
7.113374239029008150e+07,-1.405802600000000048e-09,7.096000000000000796e+01,6.307000000000000000e+07,6.970000000000000000e+07
7.104107585059930384e+07,-1.407636340000000147e-09,7.096500000000000341e+01,6.307000000000000000e+07,6.970000000000000000e+07
7.093225086935453117e+07,-1.409795949999999982e-09,7.096999999999999886e+01,6.307000000000000000e+07,6.970000000000000000e+07
7.077685912088431418e+07,-1.412891179999999950e-09,7.097500000000000853e+01,6.307000000000000000e+07,6.970000000000000000e+07
7.064014067221100628e+07,-1.415625720000000167e-09,7.098000000000000398e+01,6.307000000000000000e+07,6.970000000000000000e+07
7.053895628133745492e+07,-1.417656360000000167e-09,7.098499999999999943e+01,6.307000000000000000e+07,6.970000000000000000e+07
7.038958842257390916e+07,-1.420664649999999966e-09,7.098999999999999488e+01,6.307000000000000000e+07,6.970000000000000000e+07
7.022067302933843434e+07,-1.424082050000000145e-09,7.099500000000000455e+01,6.307000000000000000e+07,6.970000000000000000e+07
7.009960508966875076e+07,-1.426541560000000040e-09,7.100000000000000000e+01,6.307000000000000000e+07,6.970000000000000000e+07
6.997358958818736672e+07,-1.429110620000000115e-09,7.100499999999999545e+01,6.307000000000000000e+07,6.970000000000000000e+07
6.981784774866624177e+07,-1.432298520000000135e-09,7.101000000000000512e+01,6.307000000000000000e+07,6.970000000000000000e+07
6.969270874811384082e+07,-1.434870330000000259e-09,7.101500000000000057e+01,6.307000000000000000e+07,6.970000000000000000e+07
6.956215714030082524e+07,-1.437563240000000109e-09,7.101999999999999602e+01,6.307000000000000000e+07,6.970000000000000000e+07
6.938477065065276623e+07,-1.441238460000000252e-09,7.102500000000000568e+01,6.307000000000000000e+07,6.970000000000000000e+07
6.925156968551041186e+07,-1.444010590000000002e-09,7.103000000000000114e+01,6.307000000000000000e+07,6.970000000000000000e+07
6.917930179918000102e+07,-1.445519070000000188e-09,7.103499999999999659e+01,6.307000000000000000e+07,6.970000000000000000e+07
6.907365085086131096e+07,-1.447730050000000144e-09,7.104000000000000625e+01,6.307000000000000000e+07,6.970000000000000000e+07
6.897004310317328572e+07,-1.449904850000000024e-09,7.104500000000000171e+01,6.307000000000000000e+07,6.970000000000000000e+07
6.892275376231049001e+07,-1.450899659999999958e-09,7.104999999999999716e+01,6.307000000000000000e+07,6.970000000000000000e+07
6.887641633416059613e+07,-1.451875770000000135e-09,7.105500000000000682e+01,6.307000000000000000e+07,6.970000000000000000e+07
6.879943777099452913e+07,-1.453500250000000075e-09,7.106000000000000227e+01,6.307000000000000000e+07,6.970000000000000000e+07
6.876772182873369753e+07,-1.454170610000000189e-09,7.106499999999999773e+01,6.307000000000000000e+07,6.970000000000000000e+07
6.874605754249879718e+07,-1.454628870000000106e-09,7.107000000000000739e+01,6.307000000000000000e+07,6.970000000000000000e+07
6.867496388881541789e+07,-1.456134730000000201e-09,7.107500000000000284e+01,6.307000000000000000e+07,6.970000000000000000e+07
6.862971535729473829e+07,-1.457094780000000180e-09,7.107999999999999829e+01,6.307000000000000000e+07,6.970000000000000000e+07
6.862708678586198390e+07,-1.457150590000000021e-09,7.108500000000000796e+01,6.307000000000000000e+07,6.970000000000000000e+07
6.858473244187127054e+07,-1.458050450000000087e-09,7.109000000000000341e+01,6.307000000000000000e+07,6.970000000000000000e+07
6.852933182524031401e+07,-1.459229169999999958e-09,7.109499999999999886e+01,6.307000000000000000e+07,6.970000000000000000e+07
6.852819816458047926e+07,-1.459253310000000167e-09,7.110000000000000853e+01,6.307000000000000000e+07,6.970000000000000000e+07
6.851566418132489920e+07,-1.459520260000000064e-09,7.110500000000000398e+01,6.307000000000000000e+07,6.970000000000000000e+07
6.846585578673927486e+07,-1.460582049999999967e-09,7.110999999999999943e+01,6.307000000000000000e+07,6.970000000000000000e+07
6.846067125441706181e+07,-1.460692660000000112e-09,7.111499999999999488e+01,6.307000000000000000e+07,6.970000000000000000e+07
6.846380409734232724e+07,-1.460625820000000147e-09,7.112000000000000455e+01,6.307000000000000000e+07,6.970000000000000000e+07
6.842561132587286830e+07,-1.461441090000000173e-09,7.112500000000000000e+01,6.307000000000000000e+07,6.970000000000000000e+07
6.839225150260169804e+07,-1.462153940000000141e-09,7.112999999999999545e+01,6.307000000000000000e+07,6.970000000000000000e+07
6.837972932157666981e+07,-1.462421699999999923e-09,7.113500000000000512e+01,6.307000000000000000e+07,6.970000000000000000e+07
6.832888476990224421e+07,-1.463509910000000059e-09,7.114000000000000057e+01,6.307000000000000000e+07,6.970000000000000000e+07
6.827085936401639879e+07,-1.464753790000000064e-09,7.114499999999999602e+01,6.307000000000000000e+07,6.970000000000000000e+07
6.826484871731305122e+07,-1.464882760000000106e-09,7.115000000000000568e+01,6.307000000000000000e+07,6.970000000000000000e+07
6.824024299640832841e+07,-1.465410960000000150e-09,7.115500000000000114e+01,6.307000000000000000e+07,6.970000000000000000e+07
6.817783241276556253e+07,-1.466752410000000113e-09,7.115999999999999659e+01,6.307000000000000000e+07,6.970000000000000000e+07
6.815900211076842248e+07,-1.467157630000000121e-09,7.116500000000000625e+01,6.307000000000000000e+07,6.970000000000000000e+07
6.815361404780110717e+07,-1.467273620000000245e-09,7.117000000000000171e+01,6.307000000000000000e+07,6.970000000000000000e+07
6.810730646670362353e+07,-1.468271249999999920e-09,7.117499999999999716e+01,6.307000000000000000e+07,6.970000000000000000e+07
6.808158908529035747e+07,-1.468825880000000034e-09,7.118000000000000682e+01,6.307000000000000000e+07,6.970000000000000000e+07
6.809977420498366654e+07,-1.468433649999999990e-09,7.118500000000000227e+01,6.307000000000000000e+07,6.970000000000000000e+07
6.807251430031642318e+07,-1.469021690000000042e-09,7.118999999999999773e+01,6.307000000000000000e+07,6.970000000000000000e+07
6.803230127402524650e+07,-1.469890010000000229e-09,7.119500000000000739e+01,6.307000000000000000e+07,6.970000000000000000e+07
6.803774192341484129e+07,-1.469772470000000231e-09,7.120000000000000284e+01,6.307000000000000000e+07,6.970000000000000000e+07
6.801688619864872098e+07,-1.470223140000000252e-09,7.120499999999999829e+01,6.307000000000000000e+07,6.970000000000000000e+07
6.796093279370540380e+07,-1.471433600000000067e-09,7.121000000000000796e+01,6.307000000000000000e+07,6.970000000000000000e+07
6.794213577557772398e+07,-1.471840690000000134e-09,7.121500000000000341e+01,6.307000000000000000e+07,6.970000000000000000e+07
6.793589718200880289e+07,-1.471975850000000040e-09,7.121999999999999886e+01,6.307000000000000000e+07,6.970000000000000000e+07
6.790208581695114076e+07,-1.472708810000000256e-09,7.122500000000000853e+01,6.307000000000000000e+07,6.970000000000000000e+07
6.794677022841598094e+07,-1.471740300000000020e-09,7.123000000000000398e+01,6.307000000000000000e+07,6.970000000000000000e+07
6.808094388509896398e+07,-1.468839800000000212e-09,7.123499999999999943e+01,6.307000000000000000e+07,6.970000000000000000e+07
6.821030730182676017e+07,-1.466054090000000144e-09,7.123999999999999488e+01,6.307000000000000000e+07,6.970000000000000000e+07
6.835989804668085277e+07,-1.462845950000000125e-09,7.124500000000000455e+01,6.307000000000000000e+07,6.970000000000000000e+07
6.857195300972519815e+07,-1.458322179999999977e-09,7.125000000000000000e+01,6.307000000000000000e+07,6.970000000000000000e+07
6.876160115651510656e+07,-1.454300050000000257e-09,7.125499999999999545e+01,6.307000000000000000e+07,6.970000000000000000e+07
6.891507520853771269e+07,-1.451061320000000040e-09,7.126000000000000512e+01,6.307000000000000000e+07,6.970000000000000000e+07
6.911710583122774959e+07,-1.446819840000000088e-09,7.126500000000000057e+01,6.307000000000000000e+07,6.970000000000000000e+07
6.931604321345128119e+07,-1.442667460000000000e-09,7.126999999999999602e+01,6.307000000000000000e+07,6.970000000000000000e+07
6.943262161193108559e+07,-1.440245199999999985e-09,7.127500000000000568e+01,6.307000000000000000e+07,6.970000000000000000e+07
6.955453091221059859e+07,-1.437720859999999979e-09,7.128000000000000114e+01,6.307000000000000000e+07,6.970000000000000000e+07
6.971100723349991441e+07,-1.434493690000000180e-09,7.128499999999999659e+01,6.307000000000000000e+07,6.970000000000000000e+07
6.982083401461012661e+07,-1.432237260000000004e-09,7.129000000000000625e+01,6.307000000000000000e+07,6.970000000000000000e+07
6.993172139456747472e+07,-1.429966230000000137e-09,7.129500000000000171e+01,6.307000000000000000e+07,6.970000000000000000e+07
7.009262010784001648e+07,-1.426683720000000110e-09,7.129999999999999716e+01,6.307000000000000000e+07,6.970000000000000000e+07
7.022814765507371724e+07,-1.423930480000000136e-09,7.130500000000000682e+01,6.307000000000000000e+07,6.970000000000000000e+07
7.032568090062667429e+07,-1.421955660000000228e-09,7.131000000000000227e+01,6.307000000000000000e+07,6.970000000000000000e+07
7.047205870610015094e+07,-1.419002110000000260e-09,7.131499999999999773e+01,6.307000000000000000e+07,6.970000000000000000e+07
7.062868991203288734e+07,-1.415855230000000164e-09,7.132000000000000739e+01,6.307000000000000000e+07,6.970000000000000000e+07
7.072672737919671834e+07,-1.413892649999999981e-09,7.132500000000000284e+01,6.307000000000000000e+07,6.970000000000000000e+07
7.083013470347523689e+07,-1.411828460000000040e-09,7.132999999999999829e+01,6.307000000000000000e+07,6.970000000000000000e+07
7.097143125942084193e+07,-1.409017660000000081e-09,7.133500000000000796e+01,6.307000000000000000e+07,6.970000000000000000e+07
7.106440846622419357e+07,-1.407174170000000183e-09,7.134000000000000341e+01,6.307000000000000000e+07,6.970000000000000000e+07
7.115160668439175189e+07,-1.405449640000000197e-09,7.134499999999999886e+01,6.307000000000000000e+07,6.970000000000000000e+07
7.129500024561128020e+07,-1.402622899999999954e-09,7.135000000000000853e+01,6.307000000000000000e+07,6.970000000000000000e+07
7.141134650171416998e+07,-1.400337689999999993e-09,7.135500000000000398e+01,6.307000000000000000e+07,6.970000000000000000e+07
7.149017400086387992e+07,-1.398793629999999922e-09,7.135999999999999943e+01,6.307000000000000000e+07,6.970000000000000000e+07
7.161423491329589486e+07,-1.396370430000000062e-09,7.136499999999999488e+01,6.307000000000000000e+07,6.970000000000000000e+07
7.173664033123733103e+07,-1.393987780000000100e-09,7.137000000000000455e+01,6.307000000000000000e+07,6.970000000000000000e+07
7.180731036764645576e+07,-1.392615870000000105e-09,7.137500000000000000e+01,6.307000000000000000e+07,6.970000000000000000e+07
7.189977378605571389e+07,-1.390824960000000135e-09,7.137999999999999545e+01,6.307000000000000000e+07,6.970000000000000000e+07
7.202726773728910089e+07,-1.388363090000000066e-09,7.138500000000000512e+01,6.307000000000000000e+07,6.970000000000000000e+07
7.209717643881288171e+07,-1.387016870000000154e-09,7.139000000000000057e+01,6.307000000000000000e+07,6.970000000000000000e+07
7.215624343513478339e+07,-1.385881460000000068e-09,7.139499999999999602e+01,6.307000000000000000e+07,6.970000000000000000e+07
7.226944239333729446e+07,-1.383710690000000149e-09,7.140000000000000568e+01,6.307000000000000000e+07,6.970000000000000000e+07
7.235597449214571714e+07,-1.382055880000000137e-09,7.140500000000000114e+01,6.307000000000000000e+07,6.970000000000000000e+07
7.240801289662013948e+07,-1.381062620000000076e-09,7.140999999999999659e+01,6.307000000000000000e+07,6.970000000000000000e+07
7.250706429076679051e+07,-1.379175959999999982e-09,7.141500000000000625e+01,6.307000000000000000e+07,6.970000000000000000e+07
7.260614982801781595e+07,-1.377293800000000081e-09,7.142000000000000171e+01,6.307000000000000000e+07,6.970000000000000000e+07
7.264926643601928651e+07,-1.376476390000000242e-09,7.142499999999999716e+01,6.307000000000000000e+07,6.970000000000000000e+07
7.271032302557136118e+07,-1.375320530000000048e-09,7.143000000000000682e+01,6.307000000000000000e+07,6.970000000000000000e+07
7.280857846398115158e+07,-1.373464530000000049e-09,7.143500000000000227e+01,6.307000000000000000e+07,6.970000000000000000e+07
7.287419877186861634e+07,-1.372227780000000167e-09,7.143999999999999773e+01,6.307000000000000000e+07,6.970000000000000000e+07
7.294760473366636038e+07,-1.370846930000000052e-09,7.144500000000000739e+01,6.307000000000000000e+07,6.970000000000000000e+07
7.307033876490491629e+07,-1.368544360000000099e-09,7.145000000000000284e+01,6.307000000000000000e+07,6.970000000000000000e+07
7.315544596609641612e+07,-1.366952230000000132e-09,7.145499999999999829e+01,6.307000000000000000e+07,6.970000000000000000e+07
7.320420852751725912e+07,-1.366041680000000008e-09,7.146000000000000796e+01,6.307000000000000000e+07,6.970000000000000000e+07
7.331349650957742333e+07,-1.364005330000000008e-09,7.146500000000000341e+01,6.307000000000000000e+07,6.970000000000000000e+07
7.341985260920536518e+07,-1.362029430000000046e-09,7.146999999999999886e+01,6.307000000000000000e+07,6.970000000000000000e+07
7.347045280677628517e+07,-1.361091380000000048e-09,7.147500000000000853e+01,6.307000000000000000e+07,6.970000000000000000e+07
7.354095931754577160e+07,-1.359786450000000229e-09,7.148000000000000398e+01,6.307000000000000000e+07,6.970000000000000000e+07
7.363786789064584672e+07,-1.357996950000000129e-09,7.148499999999999943e+01,6.307000000000000000e+07,6.970000000000000000e+07
7.367356438605751097e+07,-1.357338970000000156e-09,7.148999999999999488e+01,6.307000000000000000e+07,6.970000000000000000e+07
7.369661692511050403e+07,-1.356914390000000139e-09,7.149500000000000455e+01,6.307000000000000000e+07,6.970000000000000000e+07
7.375738390702097118e+07,-1.355796460000000166e-09,7.150000000000000000e+01,6.307000000000000000e+07,6.970000000000000000e+07
7.378431051601736248e+07,-1.355301680000000105e-09,7.150499999999999545e+01,6.307000000000000000e+07,6.970000000000000000e+07
7.377586601228556037e+07,-1.355456810000000049e-09,7.151000000000000512e+01,6.307000000000000000e+07,6.970000000000000000e+07
7.379356614411400259e+07,-1.355131690000000139e-09,7.151500000000000057e+01,6.307000000000000000e+07,6.970000000000000000e+07
7.380830022606670856e+07,-1.354861170000000056e-09,7.151999999999999602e+01,6.307000000000000000e+07,6.970000000000000000e+07
7.377070543598550558e+07,-1.355551629999999959e-09,7.152500000000000568e+01,6.307000000000000000e+07,6.970000000000000000e+07
7.375994086695045233e+07,-1.355749460000000073e-09,7.153000000000000114e+01,6.307000000000000000e+07,6.970000000000000000e+07
7.377270002578650415e+07,-1.355514980000000063e-09,7.153499999999999659e+01,6.307000000000000000e+07,6.970000000000000000e+07
7.371389922599373758e+07,-1.356596260000000141e-09,7.154000000000000625e+01,6.307000000000000000e+07,6.970000000000000000e+07
7.363431304793179035e+07,-1.358062509999999975e-09,7.154500000000000171e+01,6.307000000000000000e+07,6.970000000000000000e+07
7.360874521358214319e+07,-1.358534230000000089e-09,7.154999999999999716e+01,6.307000000000000000e+07,6.970000000000000000e+07
7.356586148537008464e+07,-1.359326159999999954e-09,7.155500000000000682e+01,6.307000000000000000e+07,6.970000000000000000e+07
7.348898363758225739e+07,-1.360748169999999996e-09,7.156000000000000227e+01,6.307000000000000000e+07,6.970000000000000000e+07
7.346842378940770030e+07,-1.361128969999999995e-09,7.156499999999999773e+01,6.307000000000000000e+07,6.970000000000000000e+07
7.345061437766396999e+07,-1.361459000000000065e-09,7.157000000000000739e+01,6.307000000000000000e+07,6.970000000000000000e+07
7.339450618634954095e+07,-1.362499799999999936e-09,7.157500000000000284e+01,6.307000000000000000e+07,6.970000000000000000e+07
7.338989164474211633e+07,-1.362585470000000031e-09,7.157999999999999829e+01,6.307000000000000000e+07,6.970000000000000000e+07
7.343274457577833533e+07,-1.361790310000000046e-09,7.158500000000000796e+01,6.307000000000000000e+07,6.970000000000000000e+07
7.341935237655617297e+07,-1.362038710000000026e-09,7.159000000000000341e+01,6.307000000000000000e+07,6.970000000000000000e+07
7.339433219462271035e+07,-1.362503030000000056e-09,7.159499999999999886e+01,6.307000000000000000e+07,6.970000000000000000e+07
7.341470937851254642e+07,-1.362124850000000147e-09,7.160000000000000853e+01,6.307000000000000000e+07,6.970000000000000000e+07
7.340143959307415783e+07,-1.362371100000000062e-09,7.160500000000000398e+01,6.307000000000000000e+07,6.970000000000000000e+07
7.335883305932831764e+07,-1.363162360000000044e-09,7.160999999999999943e+01,6.307000000000000000e+07,6.970000000000000000e+07
7.338789938924093544e+07,-1.362622460000000200e-09,7.161499999999999488e+01,6.307000000000000000e+07,6.970000000000000000e+07
7.341966016976092756e+07,-1.362033000000000233e-09,7.162000000000000455e+01,6.307000000000000000e+07,6.970000000000000000e+07
7.339294136781030893e+07,-1.362528849999999890e-09,7.162500000000000000e+01,6.307000000000000000e+07,6.970000000000000000e+07
7.339743992959012091e+07,-1.362445340000000112e-09,7.162999999999999545e+01,6.307000000000000000e+07,6.970000000000000000e+07
7.343146822446337342e+07,-1.361813980000000023e-09,7.163500000000000512e+01,6.307000000000000000e+07,6.970000000000000000e+07
7.340882373767691851e+07,-1.362234060000000053e-09,7.164000000000000057e+01,6.307000000000000000e+07,6.970000000000000000e+07
7.338631708008407056e+07,-1.362651840000000177e-09,7.164499999999999602e+01,6.307000000000000000e+07,6.970000000000000000e+07
7.343432888767047226e+07,-1.361760930000000069e-09,7.165000000000000568e+01,6.307000000000000000e+07,6.970000000000000000e+07
7.347181418425683677e+07,-1.361066160000000198e-09,7.165500000000000114e+01,6.307000000000000000e+07,6.970000000000000000e+07
7.348344570813763142e+07,-1.360850720000000012e-09,7.165999999999999659e+01,6.307000000000000000e+07,6.970000000000000000e+07
7.353098186743633449e+07,-1.359970960000000150e-09,7.166500000000000625e+01,6.307000000000000000e+07,6.970000000000000000e+07
7.357076015479730070e+07,-1.359235650000000012e-09,7.167000000000000171e+01,6.307000000000000000e+07,6.970000000000000000e+07
7.356097429068224132e+07,-1.359416470000000039e-09,7.167499999999999716e+01,6.307000000000000000e+07,6.970000000000000000e+07
7.359571501019051671e+07,-1.358774759999999959e-09,7.168000000000000682e+01,6.307000000000000000e+07,6.970000000000000000e+07
7.366123341654524207e+07,-1.357566190000000085e-09,7.168500000000000227e+01,6.307000000000000000e+07,6.970000000000000000e+07
7.367929169680210948e+07,-1.357233460000000189e-09,7.168999999999999773e+01,6.307000000000000000e+07,6.970000000000000000e+07
7.371294181362791359e+07,-1.356613880000000050e-09,7.169500000000000739e+01,6.307000000000000000e+07,6.970000000000000000e+07
7.381301875051447749e+07,-1.354774560000000116e-09,7.170000000000000284e+01,6.307000000000000000e+07,6.970000000000000000e+07
7.386787600198541582e+07,-1.353768450000000095e-09,7.170499999999999829e+01,6.307000000000000000e+07,6.970000000000000000e+07
7.386481232502348721e+07,-1.353824600000000210e-09,7.171000000000000796e+01,6.307000000000000000e+07,6.970000000000000000e+07
7.389257748320256174e+07,-1.353315899999999971e-09,7.171500000000000341e+01,6.307000000000000000e+07,6.970000000000000000e+07
7.390825460897049308e+07,-1.353028840000000034e-09,7.171999999999999886e+01,6.307000000000000000e+07,6.970000000000000000e+07
7.387251046684826910e+07,-1.353683519999999988e-09,7.172500000000000853e+01,6.307000000000000000e+07,6.970000000000000000e+07
7.387436703518894315e+07,-1.353649500000000021e-09,7.173000000000000398e+01,6.307000000000000000e+07,6.970000000000000000e+07
7.390855996007460356e+07,-1.353023249999999947e-09,7.173499999999999943e+01,6.307000000000000000e+07,6.970000000000000000e+07
7.387927030863198638e+07,-1.353559659999999961e-09,7.173999999999999488e+01,6.307000000000000000e+07,6.970000000000000000e+07
7.385010694012436271e+07,-1.354094180000000034e-09,7.174500000000000455e+01,6.307000000000000000e+07,6.970000000000000000e+07
7.387035659341205657e+07,-1.353722990000000245e-09,7.175000000000000000e+01,6.307000000000000000e+07,6.970000000000000000e+07
7.386389136193403602e+07,-1.353841480000000131e-09,7.175499999999999545e+01,6.307000000000000000e+07,6.970000000000000000e+07
7.383058354401198030e+07,-1.354452250000000109e-09,7.176000000000000512e+01,6.307000000000000000e+07,6.970000000000000000e+07
7.385724452269503474e+07,-1.353963320000000258e-09,7.176500000000000057e+01,6.307000000000000000e+07,6.970000000000000000e+07
7.387780209638014436e+07,-1.353586560000000264e-09,7.176999999999999602e+01,6.307000000000000000e+07,6.970000000000000000e+07
7.385327902872185409e+07,-1.354036020000000065e-09,7.177500000000000568e+01,6.307000000000000000e+07,6.970000000000000000e+07
7.387004446407876909e+07,-1.353728710000000083e-09,7.178000000000000114e+01,6.307000000000000000e+07,6.970000000000000000e+07
7.390596646784311533e+07,-1.353070730000000111e-09,7.178499999999999659e+01,6.307000000000000000e+07,6.970000000000000000e+07
7.387994548753446341e+07,-1.353547290000000071e-09,7.179000000000000625e+01,6.307000000000000000e+07,6.970000000000000000e+07
7.386264417009460926e+07,-1.353864340000000222e-09,7.179500000000000171e+01,6.307000000000000000e+07,6.970000000000000000e+07
7.390405642367777228e+07,-1.353105699999999967e-09,7.179999999999999716e+01,6.307000000000000000e+07,6.970000000000000000e+07
7.391013209388799965e+07,-1.352994470000000162e-09,7.180500000000000682e+01,6.307000000000000000e+07,6.970000000000000000e+07
7.389138774373452365e+07,-1.353337690000000052e-09,7.181000000000000227e+01,6.307000000000000000e+07,6.970000000000000000e+07
7.393456393323954940e+07,-1.352547369999999914e-09,7.181499999999999773e+01,6.307000000000000000e+07,6.970000000000000000e+07
7.396332303778669238e+07,-1.352021460000000145e-09,7.182000000000000739e+01,6.307000000000000000e+07,6.970000000000000000e+07
7.391998485409078002e+07,-1.352814130000000205e-09,7.182500000000000284e+01,6.307000000000000000e+07,6.970000000000000000e+07
7.388495213034588099e+07,-1.353455570000000116e-09,7.182999999999999829e+01,6.307000000000000000e+07,6.970000000000000000e+07
7.386011281659528613e+07,-1.353910739999999917e-09,7.183500000000000796e+01,6.307000000000000000e+07,6.970000000000000000e+07
7.378414229295451939e+07,-1.355304770000000221e-09,7.184000000000000341e+01,6.307000000000000000e+07,6.970000000000000000e+07
7.372168985742151737e+07,-1.356452900000000102e-09,7.184499999999999886e+01,6.307000000000000000e+07,6.970000000000000000e+07
7.371985888927954435e+07,-1.356486590000000047e-09,7.185000000000000853e+01,6.307000000000000000e+07,6.970000000000000000e+07
7.369975791693118215e+07,-1.356856559999999985e-09,7.185500000000000398e+01,6.307000000000000000e+07,6.970000000000000000e+07
7.365284255596429110e+07,-1.357720850000000004e-09,7.185999999999999943e+01,6.307000000000000000e+07,6.970000000000000000e+07
7.366293775545109808e+07,-1.357534779999999957e-09,7.186499999999999488e+01,6.307000000000000000e+07,6.970000000000000000e+07
7.365359063537608087e+07,-1.357707060000000199e-09,7.187000000000000455e+01,6.307000000000000000e+07,6.970000000000000000e+07
7.354673147918443382e+07,-1.359679730000000248e-09,7.187500000000000000e+01,6.307000000000000000e+07,6.970000000000000000e+07
7.344661636616386473e+07,-1.361533110000000156e-09,7.187999999999999545e+01,6.307000000000000000e+07,6.970000000000000000e+07
7.336072202092121542e+07,-1.363127260000000022e-09,7.188500000000000512e+01,6.307000000000000000e+07,6.970000000000000000e+07
7.321476110034435987e+07,-1.365844789999999945e-09,7.189000000000000057e+01,6.307000000000000000e+07,6.970000000000000000e+07
7.308029947108204663e+07,-1.368357830000000278e-09,7.189499999999999602e+01,6.307000000000000000e+07,6.970000000000000000e+07
7.300730005833867192e+07,-1.369726040000000128e-09,7.190000000000000568e+01,6.307000000000000000e+07,6.970000000000000000e+07
7.290550574505591393e+07,-1.371638520000000263e-09,7.190500000000000114e+01,6.307000000000000000e+07,6.970000000000000000e+07
7.278104812948121130e+07,-1.373984059999999935e-09,7.190999999999999659e+01,6.307000000000000000e+07,6.970000000000000000e+07
7.272586898577244580e+07,-1.375026540000000052e-09,7.191500000000000625e+01,6.307000000000000000e+07,6.970000000000000000e+07
7.267220463748662174e+07,-1.376041920000000215e-09,7.192000000000000171e+01,6.307000000000000000e+07,6.970000000000000000e+07
7.258670053116914630e+07,-1.377662840000000013e-09,7.192499999999999716e+01,6.307000000000000000e+07,6.970000000000000000e+07
7.253137681975241005e+07,-1.378713660000000059e-09,7.193000000000000682e+01,6.307000000000000000e+07,6.970000000000000000e+07
7.249477118776224554e+07,-1.379409829999999962e-09,7.193500000000000227e+01,6.307000000000000000e+07,6.970000000000000000e+07
7.238969876633910835e+07,-1.381412019999999992e-09,7.193999999999999773e+01,6.307000000000000000e+07,6.970000000000000000e+07
7.227881396364237368e+07,-1.383531279999999993e-09,7.194500000000000739e+01,6.307000000000000000e+07,6.970000000000000000e+07
7.220790724530386925e+07,-1.384889880000000046e-09,7.195000000000000284e+01,6.307000000000000000e+07,6.970000000000000000e+07
7.209859916026760638e+07,-1.386989500000000238e-09,7.195499999999999829e+01,6.307000000000000000e+07,6.970000000000000000e+07
7.197640544332218170e+07,-1.389344180000000094e-09,7.196000000000000796e+01,6.307000000000000000e+07,6.970000000000000000e+07
7.192452959110006690e+07,-1.390346249999999902e-09,7.196500000000000341e+01,6.307000000000000000e+07,6.970000000000000000e+07
7.186393082119308412e+07,-1.391518650000000158e-09,7.196999999999999886e+01,6.307000000000000000e+07,6.970000000000000000e+07
7.177089810656887293e+07,-1.393322400000000044e-09,7.197500000000000853e+01,6.307000000000000000e+07,6.970000000000000000e+07
7.172753692587397993e+07,-1.394164699999999918e-09,7.198000000000000398e+01,6.307000000000000000e+07,6.970000000000000000e+07
7.170207335364456475e+07,-1.394659810000000208e-09,7.198499999999999943e+01,6.307000000000000000e+07,6.970000000000000000e+07
7.162335780085121095e+07,-1.396192569999999986e-09,7.198999999999999488e+01,6.307000000000000000e+07,6.970000000000000000e+07
7.155913976840299368e+07,-1.397445530000000113e-09,7.199500000000000455e+01,6.307000000000000000e+07,6.970000000000000000e+07
7.154446733326841891e+07,-1.397732120000000025e-09,7.200000000000000000e+01,6.307000000000000000e+07,6.970000000000000000e+07
7.149241824334377050e+07,-1.398749720000000152e-09,7.200499999999999545e+01,6.307000000000000000e+07,6.970000000000000000e+07
7.141651479052090645e+07,-1.400236349999999990e-09,7.201000000000000512e+01,6.307000000000000000e+07,6.970000000000000000e+07
7.140323093193677068e+07,-1.400496849999999898e-09,7.201500000000000057e+01,6.307000000000000000e+07,6.970000000000000000e+07
7.137792827861540020e+07,-1.400993310000000205e-09,7.201999999999999602e+01,6.307000000000000000e+07,6.970000000000000000e+07
7.130943729844254255e+07,-1.402338930000000133e-09,7.202500000000000568e+01,6.307000000000000000e+07,6.970000000000000000e+07
7.128622709031748772e+07,-1.402795520000000056e-09,7.203000000000000114e+01,6.307000000000000000e+07,6.970000000000000000e+07
7.130233573617450893e+07,-1.402478600000000071e-09,7.203499999999999659e+01,6.307000000000000000e+07,6.970000000000000000e+07
7.126744794604222476e+07,-1.403165159999999972e-09,7.204000000000000625e+01,6.307000000000000000e+07,6.970000000000000000e+07
7.124439855165266991e+07,-1.403619120000000173e-09,7.204500000000000171e+01,6.307000000000000000e+07,6.970000000000000000e+07
7.128842805387561023e+07,-1.402752210000000064e-09,7.204999999999999716e+01,6.307000000000000000e+07,6.970000000000000000e+07
7.130199053267855942e+07,-1.402485390000000126e-09,7.205500000000000682e+01,6.307000000000000000e+07,6.970000000000000000e+07
7.128108831110259891e+07,-1.402896650000000157e-09,7.206000000000000227e+01,6.307000000000000000e+07,6.970000000000000000e+07
7.131479224328687787e+07,-1.402233630000000067e-09,7.206499999999999773e+01,6.307000000000000000e+07,6.970000000000000000e+07
7.135252339947138727e+07,-1.401492130000000065e-09,7.207000000000000739e+01,6.307000000000000000e+07,6.970000000000000000e+07
7.132934008862128854e+07,-1.401947639999999933e-09,7.207500000000000284e+01,6.307000000000000000e+07,6.970000000000000000e+07
7.131830110906232893e+07,-1.402164640000000244e-09,7.207999999999999829e+01,6.307000000000000000e+07,6.970000000000000000e+07
7.130419907932730019e+07,-1.402441950000000175e-09,7.208500000000000796e+01,6.307000000000000000e+07,6.970000000000000000e+07
7.124060664995585382e+07,-1.403693830000000041e-09,7.209000000000000341e+01,6.307000000000000000e+07,6.970000000000000000e+07
7.122538879696144164e+07,-1.403993740000000146e-09,7.209499999999999886e+01,6.307000000000000000e+07,6.970000000000000000e+07
7.128023064971081913e+07,-1.402913530000000078e-09,7.210000000000000853e+01,6.307000000000000000e+07,6.970000000000000000e+07
7.129206088116715848e+07,-1.402680730000000108e-09,7.210500000000000398e+01,6.307000000000000000e+07,6.970000000000000000e+07
7.127036140772648156e+07,-1.403107800000000050e-09,7.210999999999999943e+01,6.307000000000000000e+07,6.970000000000000000e+07
7.129286037649759650e+07,-1.402665000000000140e-09,7.211499999999999488e+01,6.307000000000000000e+07,6.970000000000000000e+07
7.133247435718812048e+07,-1.401886039999999942e-09,7.212000000000000455e+01,6.307000000000000000e+07,6.970000000000000000e+07
7.135727226151733100e+07,-1.401398860000000029e-09,7.212500000000000000e+01,6.307000000000000000e+07,6.970000000000000000e+07
7.144311469518356025e+07,-1.399715010000000106e-09,7.212999999999999545e+01,6.307000000000000000e+07,6.970000000000000000e+07
7.155729431193858385e+07,-1.397481570000000187e-09,7.213500000000000512e+01,6.307000000000000000e+07,6.970000000000000000e+07
7.163409425002364814e+07,-1.395983310000000240e-09,7.214000000000000057e+01,6.307000000000000000e+07,6.970000000000000000e+07
7.173812862741157413e+07,-1.393958859999999898e-09,7.214499999999999602e+01,6.307000000000000000e+07,6.970000000000000000e+07
7.191651212107864022e+07,-1.390501250000000095e-09,7.215000000000000568e+01,6.307000000000000000e+07,6.970000000000000000e+07
7.209444343251882493e+07,-1.387069450000000082e-09,7.215500000000000114e+01,6.307000000000000000e+07,6.970000000000000000e+07
7.226571972172755003e+07,-1.383781970000000041e-09,7.215999999999999659e+01,6.307000000000000000e+07,6.970000000000000000e+07
7.247372485035824776e+07,-1.379810409999999981e-09,7.216500000000000625e+01,6.307000000000000000e+07,6.970000000000000000e+07
7.263142618436561525e+07,-1.376814490000000071e-09,7.217000000000000171e+01,6.307000000000000000e+07,6.970000000000000000e+07
7.271533577775146067e+07,-1.375225719999999976e-09,7.217499999999999716e+01,6.307000000000000000e+07,6.970000000000000000e+07
7.281604740441192687e+07,-1.373323649999999891e-09,7.218000000000000682e+01,6.307000000000000000e+07,6.970000000000000000e+07
7.292174680573397875e+07,-1.371333030000000117e-09,7.218500000000000227e+01,6.307000000000000000e+07,6.970000000000000000e+07
7.296988299425201118e+07,-1.370428400000000102e-09,7.218999999999999773e+01,6.307000000000000000e+07,6.970000000000000000e+07
7.302947506858800352e+07,-1.369310130000000062e-09,7.219500000000000739e+01,6.307000000000000000e+07,6.970000000000000000e+07
7.312189644621805847e+07,-1.367579410000000212e-09,7.220000000000000284e+01,6.307000000000000000e+07,6.970000000000000000e+07
7.315604375802420080e+07,-1.366941060000000210e-09,7.220499999999999829e+01,6.307000000000000000e+07,6.970000000000000000e+07
7.315547111918565631e+07,-1.366951760000000106e-09,7.221000000000000796e+01,6.307000000000000000e+07,6.970000000000000000e+07
7.319540659298110008e+07,-1.366205949999999929e-09,7.221500000000000341e+01,6.307000000000000000e+07,6.970000000000000000e+07
7.319316184102320671e+07,-1.366247850000000051e-09,7.221999999999999886e+01,6.307000000000000000e+07,6.970000000000000000e+07
7.313316979781457782e+07,-1.367368600000000179e-09,7.222500000000000853e+01,6.307000000000000000e+07,6.970000000000000000e+07
7.311877938785411417e+07,-1.367637709999999978e-09,7.223000000000000398e+01,6.307000000000000000e+07,6.970000000000000000e+07
7.312503195106863976e+07,-1.367520770000000172e-09,7.223499999999999943e+01,6.307000000000000000e+07,6.970000000000000000e+07
7.307001574023129046e+07,-1.368550410000000166e-09,7.223999999999999488e+01,6.307000000000000000e+07,6.970000000000000000e+07
7.303384703978042305e+07,-1.369228160000000113e-09,7.224500000000000455e+01,6.307000000000000000e+07,6.970000000000000000e+07
7.306605211297340691e+07,-1.368624650000000216e-09,7.225000000000000000e+01,6.307000000000000000e+07,6.970000000000000000e+07
7.306787584063950181e+07,-1.368590490000000245e-09,7.225499999999999545e+01,6.307000000000000000e+07,6.970000000000000000e+07
7.304970722846138477e+07,-1.368930880000000143e-09,7.226000000000000512e+01,6.307000000000000000e+07,6.970000000000000000e+07
7.308732854799896479e+07,-1.368226230000000100e-09,7.226500000000000057e+01,6.307000000000000000e+07,6.970000000000000000e+07
7.311313888289646804e+07,-1.367743219999999945e-09,7.226999999999999602e+01,6.307000000000000000e+07,6.970000000000000000e+07
7.308779915987329185e+07,-1.368217419999999939e-09,7.227500000000000568e+01,6.307000000000000000e+07,6.970000000000000000e+07
7.310045239750075340e+07,-1.367980590000000007e-09,7.228000000000000114e+01,6.307000000000000000e+07,6.970000000000000000e+07
7.312969560290738940e+07,-1.367433560000000041e-09,7.228499999999999659e+01,6.307000000000000000e+07,6.970000000000000000e+07
7.309716137553595006e+07,-1.368042180000000160e-09,7.229000000000000625e+01,6.307000000000000000e+07,6.970000000000000000e+07
7.307892799731269479e+07,-1.368383509999999903e-09,7.229500000000000171e+01,6.307000000000000000e+07,6.970000000000000000e+07
7.309470732846292853e+07,-1.368088110000000036e-09,7.229999999999999716e+01,6.307000000000000000e+07,6.970000000000000000e+07
7.302755246303020418e+07,-1.369346179999999973e-09,7.230500000000000682e+01,6.307000000000000000e+07,6.970000000000000000e+07
7.290262873392228782e+07,-1.371692650000000065e-09,7.231000000000000227e+01,6.307000000000000000e+07,6.970000000000000000e+07
7.281251420526644588e+07,-1.373390290000000000e-09,7.231499999999999773e+01,6.307000000000000000e+07,6.970000000000000000e+07
7.268387965820172429e+07,-1.375820890000000150e-09,7.232000000000000739e+01,6.307000000000000000e+07,6.970000000000000000e+07
7.250129173738956451e+07,-1.379285770000000079e-09,7.232500000000000284e+01,6.307000000000000000e+07,6.970000000000000000e+07
7.237973157614645362e+07,-1.381602250000000165e-09,7.232999999999999829e+01,6.307000000000000000e+07,6.970000000000000000e+07
7.228704932837885618e+07,-1.383373660000000123e-09,7.233500000000000796e+01,6.307000000000000000e+07,6.970000000000000000e+07
7.213649581173703074e+07,-1.386260849999999990e-09,7.234000000000000341e+01,6.307000000000000000e+07,6.970000000000000000e+07
7.199500913317885995e+07,-1.388985170000000175e-09,7.234499999999999886e+01,6.307000000000000000e+07,6.970000000000000000e+07
7.189252315099206567e+07,-1.390965230000000057e-09,7.235000000000000853e+01,6.307000000000000000e+07,6.970000000000000000e+07
7.175125733315788209e+07,-1.393703800000000028e-09,7.235500000000000398e+01,6.307000000000000000e+07,6.970000000000000000e+07
7.158953384782870114e+07,-1.396852229999999997e-09,7.235999999999999943e+01,6.307000000000000000e+07,6.970000000000000000e+07
7.148667222141937912e+07,-1.398862150000000133e-09,7.236499999999999488e+01,6.307000000000000000e+07,6.970000000000000000e+07
7.137163165063790977e+07,-1.401116910000000107e-09,7.237000000000000455e+01,6.307000000000000000e+07,6.970000000000000000e+07
7.122210059386697412e+07,-1.404058560000000005e-09,7.237500000000000000e+01,6.307000000000000000e+07,6.970000000000000000e+07
7.112425057355129719e+07,-1.405990209999999924e-09,7.237999999999999545e+01,6.307000000000000000e+07,6.970000000000000000e+07
7.105202210218094289e+07,-1.407419480000000047e-09,7.238500000000000512e+01,6.307000000000000000e+07,6.970000000000000000e+07
7.092619561227715015e+07,-1.409916310000000134e-09,7.239000000000000057e+01,6.307000000000000000e+07,6.970000000000000000e+07
7.081674409793072939e+07,-1.412095419999999981e-09,7.239499999999999602e+01,6.307000000000000000e+07,6.970000000000000000e+07
7.074784776557354629e+07,-1.413470560000000096e-09,7.240000000000000568e+01,6.307000000000000000e+07,6.970000000000000000e+07
7.064257988284125924e+07,-1.415576839999999971e-09,7.240500000000000114e+01,6.307000000000000000e+07,6.970000000000000000e+07
7.052026785995422304e+07,-1.418032050000000150e-09,7.240999999999999659e+01,6.307000000000000000e+07,6.970000000000000000e+07
7.044660413694582880e+07,-1.419514840000000046e-09,7.241500000000000625e+01,6.307000000000000000e+07,6.970000000000000000e+07
7.035734863228550553e+07,-1.421315640000000026e-09,7.242000000000000171e+01,6.307000000000000000e+07,6.970000000000000000e+07
7.023826413603538275e+07,-1.423725390000000148e-09,7.242499999999999716e+01,6.307000000000000000e+07,6.970000000000000000e+07
7.016645925929085910e+07,-1.425182360000000002e-09,7.243000000000000682e+01,6.307000000000000000e+07,6.970000000000000000e+07
7.011220673431111872e+07,-1.426285159999999991e-09,7.243500000000000227e+01,6.307000000000000000e+07,6.970000000000000000e+07
7.001533342803607881e+07,-1.428258570000000028e-09,7.243999999999999773e+01,6.307000000000000000e+07,6.970000000000000000e+07
6.994331856412550807e+07,-1.429729130000000037e-09,7.244500000000000739e+01,6.307000000000000000e+07,6.970000000000000000e+07
6.992124567328205705e+07,-1.430180470000000147e-09,7.245000000000000284e+01,6.307000000000000000e+07,6.970000000000000000e+07
6.986713869278192520e+07,-1.431288040000000085e-09,7.245499999999999829e+01,6.307000000000000000e+07,6.970000000000000000e+07
6.978260610762768984e+07,-1.433021860000000097e-09,7.246000000000000796e+01,6.307000000000000000e+07,6.970000000000000000e+07
6.972648663022859395e+07,-1.434175229999999952e-09,7.246500000000000341e+01,6.307000000000000000e+07,6.970000000000000000e+07
6.963525034976218641e+07,-1.436054290000000105e-09,7.246999999999999886e+01,6.307000000000000000e+07,6.970000000000000000e+07
6.951213864757712185e+07,-1.438597659999999890e-09,7.247500000000000853e+01,6.307000000000000000e+07,6.970000000000000000e+07
6.944673281074434519e+07,-1.439952550000000168e-09,7.248000000000000398e+01,6.307000000000000000e+07,6.970000000000000000e+07
6.940160196802954376e+07,-1.440888930000000170e-09,7.248499999999999943e+01,6.307000000000000000e+07,6.970000000000000000e+07
6.931726122981396317e+07,-1.442642109999999984e-09,7.248999999999999488e+01,6.307000000000000000e+07,6.970000000000000000e+07
6.926971735489316285e+07,-1.443632280000000135e-09,7.249500000000000455e+01,6.307000000000000000e+07,6.970000000000000000e+07
6.926361014528201520e+07,-1.443759570000000138e-09,7.250000000000000000e+01,6.307000000000000000e+07,6.970000000000000000e+07
6.922397282111765444e+07,-1.444586259999999958e-09,7.250499999999999545e+01,6.307000000000000000e+07,6.970000000000000000e+07
6.917486088433958590e+07,-1.445611870000000198e-09,7.251000000000000512e+01,6.307000000000000000e+07,6.970000000000000000e+07
6.917851024092030525e+07,-1.445535610000000249e-09,7.251500000000000057e+01,6.307000000000000000e+07,6.970000000000000000e+07
6.914993582816804945e+07,-1.446132940000000120e-09,7.251999999999999602e+01,6.307000000000000000e+07,6.970000000000000000e+07
6.907861751802240312e+07,-1.447625960000000092e-09,7.252500000000000568e+01,6.307000000000000000e+07,6.970000000000000000e+07
6.905219059857463837e+07,-1.448179979999999970e-09,7.253000000000000114e+01,6.307000000000000000e+07,6.970000000000000000e+07
6.905209428096744418e+07,-1.448182000000000077e-09,7.253499999999999659e+01,6.307000000000000000e+07,6.970000000000000000e+07
6.901164462464642525e+07,-1.449030820000000044e-09,7.254000000000000625e+01,6.307000000000000000e+07,6.970000000000000000e+07
6.899709221414457262e+07,-1.449336439999999942e-09,7.254500000000000171e+01,6.307000000000000000e+07,6.970000000000000000e+07
6.901940235478326678e+07,-1.448867949999999948e-09,7.254999999999999716e+01,6.307000000000000000e+07,6.970000000000000000e+07
6.899672374577030540e+07,-1.449344180000000093e-09,7.255500000000000682e+01,6.307000000000000000e+07,6.970000000000000000e+07
6.895640643562418222e+07,-1.450191580000000146e-09,7.256000000000000227e+01,6.307000000000000000e+07,6.970000000000000000e+07
6.896195119510303438e+07,-1.450074979999999993e-09,7.256499999999999773e+01,6.307000000000000000e+07,6.970000000000000000e+07
6.894171380717211962e+07,-1.450500640000000065e-09,7.257000000000000739e+01,6.307000000000000000e+07,6.970000000000000000e+07
6.888409861213351786e+07,-1.451713850000000136e-09,7.257500000000000284e+01,6.307000000000000000e+07,6.970000000000000000e+07
6.887299041613742709e+07,-1.451947990000000079e-09,7.257999999999999829e+01,6.307000000000000000e+07,6.970000000000000000e+07
6.887243827846646309e+07,-1.451959630000000026e-09,7.258500000000000796e+01,6.307000000000000000e+07,6.970000000000000000e+07
6.882419032641592622e+07,-1.452977500000000114e-09,7.259000000000000341e+01,6.307000000000000000e+07,6.970000000000000000e+07
6.880209565679202974e+07,-1.453444100000000167e-09,7.259499999999999886e+01,6.307000000000000000e+07,6.970000000000000000e+07
6.882782504134814441e+07,-1.452900770000000140e-09,7.260000000000000853e+01,6.307000000000000000e+07,6.970000000000000000e+07
6.882269638184770942e+07,-1.453009039999999994e-09,7.260500000000000398e+01,6.307000000000000000e+07,6.970000000000000000e+07
6.881884292952454090e+07,-1.453090400000000121e-09,7.260999999999999943e+01,6.307000000000000000e+07,6.970000000000000000e+07
6.888669613350203633e+07,-1.451659110000000099e-09,7.261499999999999488e+01,6.307000000000000000e+07,6.970000000000000000e+07
6.893499662818250060e+07,-1.450641980000000204e-09,7.262000000000000455e+01,6.307000000000000000e+07,6.970000000000000000e+07
6.892910128411124647e+07,-1.450766049999999926e-09,7.262500000000000000e+01,6.307000000000000000e+07,6.970000000000000000e+07
6.894673519972145557e+07,-1.450395000000000139e-09,7.262999999999999545e+01,6.307000000000000000e+07,6.970000000000000000e+07
6.896780697257079184e+07,-1.449951860000000161e-09,7.263500000000000512e+01,6.307000000000000000e+07,6.970000000000000000e+07
6.894151560931397974e+07,-1.450504810000000030e-09,7.264000000000000057e+01,6.307000000000000000e+07,6.970000000000000000e+07
6.892290054831406474e+07,-1.450896570000000048e-09,7.264499999999999602e+01,6.307000000000000000e+07,6.970000000000000000e+07
6.893252660954073071e+07,-1.450693959999999941e-09,7.265000000000000568e+01,6.307000000000000000e+07,6.970000000000000000e+07
6.890295763258422911e+07,-1.451316510000000075e-09,7.265500000000000114e+01,6.307000000000000000e+07,6.970000000000000000e+07
6.885581141395793855e+07,-1.452310240000000162e-09,7.265999999999999659e+01,6.307000000000000000e+07,6.970000000000000000e+07
6.885205617542870343e+07,-1.452389450000000224e-09,7.266500000000000625e+01,6.307000000000000000e+07,6.970000000000000000e+07
6.883980768167856336e+07,-1.452647870000000172e-09,7.267000000000000171e+01,6.307000000000000000e+07,6.970000000000000000e+07
6.880183766956342757e+07,-1.453449550000000044e-09,7.267499999999999716e+01,6.307000000000000000e+07,6.970000000000000000e+07
6.880998721365936100e+07,-1.453277410000000219e-09,7.268000000000000682e+01,6.307000000000000000e+07,6.970000000000000000e+07
6.881879178040462732e+07,-1.453091480000000176e-09,7.268500000000000227e+01,6.307000000000000000e+07,6.970000000000000000e+07
6.878073707968986034e+07,-1.453895440000000071e-09,7.268999999999999773e+01,6.307000000000000000e+07,6.970000000000000000e+07
6.877459138676922023e+07,-1.454025360000000002e-09,7.269500000000000739e+01,6.307000000000000000e+07,6.970000000000000000e+07
6.880597611278064549e+07,-1.453362130000000011e-09,7.270000000000000284e+01,6.307000000000000000e+07,6.970000000000000000e+07
6.878539107249680161e+07,-1.453797070000000063e-09,7.270499999999999829e+01,6.307000000000000000e+07,6.970000000000000000e+07
6.876309244982552528e+07,-1.454268509999999964e-09,7.271000000000000796e+01,6.307000000000000000e+07,6.970000000000000000e+07
6.879602565910135210e+07,-1.453572340000000060e-09,7.271500000000000341e+01,6.307000000000000000e+07,6.970000000000000000e+07
6.880514810026027262e+07,-1.453379620000000168e-09,7.271999999999999886e+01,6.307000000000000000e+07,6.970000000000000000e+07
6.878200306233984232e+07,-1.453868680000000185e-09,7.272500000000000853e+01,6.307000000000000000e+07,6.970000000000000000e+07
6.879546244942776859e+07,-1.453584240000000131e-09,7.273000000000000398e+01,6.307000000000000000e+07,6.970000000000000000e+07
6.880234370505271852e+07,-1.453438860000000193e-09,7.273499999999999943e+01,6.307000000000000000e+07,6.970000000000000000e+07
6.875735978779168427e+07,-1.454389760000000151e-09,7.273999999999999488e+01,6.307000000000000000e+07,6.970000000000000000e+07
6.872229434932446480e+07,-1.455131860000000137e-09,7.274500000000000455e+01,6.307000000000000000e+07,6.970000000000000000e+07
6.871677200489704311e+07,-1.455248799999999943e-09,7.275000000000000000e+01,6.307000000000000000e+07,6.970000000000000000e+07
6.866824718997858465e+07,-1.456277160000000026e-09,7.275499999999999545e+01,6.307000000000000000e+07,6.970000000000000000e+07
6.860961597798301280e+07,-1.457521640000000014e-09,7.276000000000000512e+01,6.307000000000000000e+07,6.970000000000000000e+07
6.860634645752158761e+07,-1.457591100000000070e-09,7.276500000000000057e+01,6.307000000000000000e+07,6.970000000000000000e+07
6.857484634177024662e+07,-1.458260650000000091e-09,7.276999999999999602e+01,6.307000000000000000e+07,6.970000000000000000e+07
6.851890299838514626e+07,-1.459451270000000033e-09,7.277500000000000568e+01,6.307000000000000000e+07,6.970000000000000000e+07
6.850359795282204449e+07,-1.459777340000000040e-09,7.278000000000000114e+01,6.307000000000000000e+07,6.970000000000000000e+07
6.849036275187784433e+07,-1.460059430000000172e-09,7.278499999999999659e+01,6.307000000000000000e+07,6.970000000000000000e+07
6.842788454360112548e+07,-1.461392540000000206e-09,7.279000000000000625e+01,6.307000000000000000e+07,6.970000000000000000e+07
6.838866919294866920e+07,-1.462230530000000113e-09,7.279500000000000171e+01,6.307000000000000000e+07,6.970000000000000000e+07
6.839083284625951946e+07,-1.462184270000000214e-09,7.279999999999999716e+01,6.307000000000000000e+07,6.970000000000000000e+07
6.834328556231074035e+07,-1.463201530000000274e-09,7.280500000000000682e+01,6.307000000000000000e+07,6.970000000000000000e+07
6.829426095734293759e+07,-1.464251880000000087e-09,7.281000000000000227e+01,6.307000000000000000e+07,6.970000000000000000e+07
6.829812818666687608e+07,-1.464168970000000086e-09,7.281499999999999773e+01,6.307000000000000000e+07,6.970000000000000000e+07
6.828034143830545247e+07,-1.464550380000000115e-09,7.282000000000000739e+01,6.307000000000000000e+07,6.970000000000000000e+07
6.823021759680783749e+07,-1.465626280000000008e-09,7.282500000000000284e+01,6.307000000000000000e+07,6.970000000000000000e+07
6.822538753452852368e+07,-1.465730040000000037e-09,7.282999999999999829e+01,6.307000000000000000e+07,6.970000000000000000e+07
6.822781365226542950e+07,-1.465677920000000091e-09,7.283500000000000796e+01,6.307000000000000000e+07,6.970000000000000000e+07
6.819076853014579415e+07,-1.466474160000000130e-09,7.284000000000000341e+01,6.307000000000000000e+07,6.970000000000000000e+07
6.817988280287225544e+07,-1.466708300000000073e-09,7.284499999999999886e+01,6.307000000000000000e+07,6.970000000000000000e+07
6.819321404280762374e+07,-1.466421570000000158e-09,7.285000000000000853e+01,6.307000000000000000e+07,6.970000000000000000e+07
6.816384461533574760e+07,-1.467053400000000066e-09,7.285500000000000398e+01,6.307000000000000000e+07,6.970000000000000000e+07
6.811949843940272927e+07,-1.468008460000000150e-09,7.285999999999999943e+01,6.307000000000000000e+07,6.970000000000000000e+07
6.812071838719949126e+07,-1.467982170000000083e-09,7.286499999999999488e+01,6.307000000000000000e+07,6.970000000000000000e+07
6.810402202876351774e+07,-1.468342059999999993e-09,7.287000000000000455e+01,6.307000000000000000e+07,6.970000000000000000e+07
6.806040445290097594e+07,-1.469283069999999941e-09,7.287500000000000000e+01,6.307000000000000000e+07,6.970000000000000000e+07
6.805678502973411977e+07,-1.469361209999999994e-09,7.287999999999999545e+01,6.307000000000000000e+07,6.970000000000000000e+07
6.805713102142441273e+07,-1.469353740000000218e-09,7.288500000000000512e+01,6.307000000000000000e+07,6.970000000000000000e+07
6.801355126480278373e+07,-1.470295230000000237e-09,7.289000000000000057e+01,6.307000000000000000e+07,6.970000000000000000e+07
6.800180457748843729e+07,-1.470549210000000052e-09,7.289499999999999602e+01,6.307000000000000000e+07,6.970000000000000000e+07
6.802371853738909960e+07,-1.470075470000000039e-09,7.290000000000000568e+01,6.307000000000000000e+07,6.970000000000000000e+07
6.801641339440155029e+07,-1.470233360000000077e-09,7.290500000000000114e+01,6.307000000000000000e+07,6.970000000000000000e+07
6.800363629043972492e+07,-1.470509599999999998e-09,7.290999999999999659e+01,6.307000000000000000e+07,6.970000000000000000e+07
6.803888117244817317e+07,-1.469747860000000203e-09,7.291500000000000625e+01,6.307000000000000000e+07,6.970000000000000000e+07
6.805013915198679268e+07,-1.469504710000000035e-09,7.292000000000000171e+01,6.307000000000000000e+07,6.970000000000000000e+07
6.803427117555634677e+07,-1.469847450000000062e-09,7.292499999999999716e+01,6.307000000000000000e+07,6.970000000000000000e+07
6.805859145081594586e+07,-1.469322210000000176e-09,7.293000000000000682e+01,6.307000000000000000e+07,6.970000000000000000e+07
6.808720312115551531e+07,-1.468704770000000057e-09,7.293500000000000227e+01,6.307000000000000000e+07,6.970000000000000000e+07
6.807366073836980760e+07,-1.468996950000000055e-09,7.293999999999999773e+01,6.307000000000000000e+07,6.970000000000000000e+07
6.808875849014049768e+07,-1.468671220000000116e-09,7.294500000000000739e+01,6.307000000000000000e+07,6.970000000000000000e+07
6.812576430294971168e+07,-1.467873440000000041e-09,7.295000000000000284e+01,6.307000000000000000e+07,6.970000000000000000e+07
6.812145808013580739e+07,-1.467966230000000213e-09,7.295499999999999829e+01,6.307000000000000000e+07,6.970000000000000000e+07
6.814451958876907825e+07,-1.467469440000000090e-09,7.296000000000000796e+01,6.307000000000000000e+07,6.970000000000000000e+07
6.821186225157384574e+07,-1.466020670000000162e-09,7.296500000000000341e+01,6.307000000000000000e+07,6.970000000000000000e+07
6.823188937847620249e+07,-1.465590370000000100e-09,7.296999999999999886e+01,6.307000000000000000e+07,6.970000000000000000e+07
6.821387746397393942e+07,-1.465977359999999963e-09,7.297500000000000853e+01,6.307000000000000000e+07,6.970000000000000000e+07
6.822840531228819489e+07,-1.465665210000000134e-09,7.298000000000000398e+01,6.307000000000000000e+07,6.970000000000000000e+07
6.824324578853186965e+07,-1.465346480000000151e-09,7.298499999999999943e+01,6.307000000000000000e+07,6.970000000000000000e+07
6.820673146556247771e+07,-1.466130950000000078e-09,7.298999999999999488e+01,6.307000000000000000e+07,6.970000000000000000e+07
6.819763910412253439e+07,-1.466326420000000019e-09,7.299500000000000455e+01,6.307000000000000000e+07,6.970000000000000000e+07
6.821536696439604461e+07,-1.465945350000000057e-09,7.300000000000000000e+01,6.307000000000000000e+07,6.970000000000000000e+07
6.817947931577092409e+07,-1.466716980000000069e-09,7.300499999999999545e+01,6.307000000000000000e+07,6.970000000000000000e+07
6.813812863317611814e+07,-1.467607080000000084e-09,7.301000000000000512e+01,6.307000000000000000e+07,6.970000000000000000e+07
6.814794540043859184e+07,-1.467395670000000066e-09,7.301500000000000057e+01,6.307000000000000000e+07,6.970000000000000000e+07
6.814138153734615445e+07,-1.467537020000000043e-09,7.301999999999999602e+01,6.307000000000000000e+07,6.970000000000000000e+07
6.811202889421243966e+07,-1.468169450000000143e-09,7.302500000000000568e+01,6.307000000000000000e+07,6.970000000000000000e+07
6.811765444758558273e+07,-1.468048199999999956e-09,7.303000000000000114e+01,6.307000000000000000e+07,6.970000000000000000e+07
6.811686472621427476e+07,-1.468065220000000087e-09,7.303499999999999659e+01,6.307000000000000000e+07,6.970000000000000000e+07
6.806131376957151294e+07,-1.469263439999999971e-09,7.304000000000000625e+01,6.307000000000000000e+07,6.970000000000000000e+07
6.802683326601397991e+07,-1.470008160000000048e-09,7.304500000000000171e+01,6.307000000000000000e+07,6.970000000000000000e+07
6.802535800317384303e+07,-1.470040039999999995e-09,7.304999999999999716e+01,6.307000000000000000e+07,6.970000000000000000e+07
6.798807565299691260e+07,-1.470846160000000206e-09,7.305500000000000682e+01,6.307000000000000000e+07,6.970000000000000000e+07
6.794664926942539215e+07,-1.471742920000000111e-09,7.306000000000000227e+01,6.307000000000000000e+07,6.970000000000000000e+07
6.794320027271312475e+07,-1.471817630000000186e-09,7.306499999999999773e+01,6.307000000000000000e+07,6.970000000000000000e+07
6.790912430865029991e+07,-1.472556170000000237e-09,7.307000000000000739e+01,6.307000000000000000e+07,6.970000000000000000e+07
6.785642549355320632e+07,-1.473699790000000086e-09,7.307500000000000284e+01,6.307000000000000000e+07,6.970000000000000000e+07
6.784790272396506369e+07,-1.473884910000000037e-09,7.307999999999999829e+01,6.307000000000000000e+07,6.970000000000000000e+07
6.783424828958825767e+07,-1.474181590000000021e-09,7.308500000000000796e+01,6.307000000000000000e+07,6.970000000000000000e+07
6.777680647589492798e+07,-1.475430980000000169e-09,7.309000000000000341e+01,6.307000000000000000e+07,6.970000000000000000e+07
6.773213835779365897e+07,-1.476404000000000230e-09,7.309499999999999886e+01,6.307000000000000000e+07,6.970000000000000000e+07
6.770643254576714337e+07,-1.476964539999999995e-09,7.310000000000000853e+01,6.307000000000000000e+07,6.970000000000000000e+07
6.764241847404277325e+07,-1.478362280000000076e-09,7.310500000000000398e+01,6.307000000000000000e+07,6.970000000000000000e+07
6.759066439365570247e+07,-1.479494260000000185e-09,7.310999999999999943e+01,6.307000000000000000e+07,6.970000000000000000e+07
6.758504012706311047e+07,-1.479617380000000224e-09,7.311499999999999488e+01,6.307000000000000000e+07,6.970000000000000000e+07
6.754540081001794338e+07,-1.480485700000000204e-09,7.312000000000000455e+01,6.307000000000000000e+07,6.970000000000000000e+07
6.747169120614324510e+07,-1.482103060000000066e-09,7.312500000000000000e+01,6.307000000000000000e+07,6.970000000000000000e+07
6.745147491991941631e+07,-1.482547270000000054e-09,7.312999999999999545e+01,6.307000000000000000e+07,6.970000000000000000e+07
6.743821196374920011e+07,-1.482838840000000230e-09,7.313500000000000512e+01,6.307000000000000000e+07,6.970000000000000000e+07
6.736864570933642983e+07,-1.484370050000000133e-09,7.314000000000000057e+01,6.307000000000000000e+07,6.970000000000000000e+07
6.731561205417703092e+07,-1.485539490000000231e-09,7.314499999999999602e+01,6.307000000000000000e+07,6.970000000000000000e+07
6.729082405096788704e+07,-1.486086720000000261e-09,7.315000000000000568e+01,6.307000000000000000e+07,6.970000000000000000e+07
6.721930389987781644e+07,-1.487667890000000002e-09,7.315500000000000114e+01,6.307000000000000000e+07,6.970000000000000000e+07
6.715869725075529516e+07,-1.489010420000000227e-09,7.315999999999999659e+01,6.307000000000000000e+07,6.970000000000000000e+07
6.715341746864132583e+07,-1.489127489999999992e-09,7.316500000000000625e+01,6.307000000000000000e+07,6.970000000000000000e+07
6.712442211074705422e+07,-1.489770740000000107e-09,7.317000000000000171e+01,6.307000000000000000e+07,6.970000000000000000e+07
6.708318436953217536e+07,-1.490686540000000043e-09,7.317499999999999716e+01,6.307000000000000000e+07,6.970000000000000000e+07
6.708539041738329828e+07,-1.490637520000000051e-09,7.318000000000000682e+01,6.307000000000000000e+07,6.970000000000000000e+07
6.707270379935410619e+07,-1.490919469999999972e-09,7.318500000000000227e+01,6.307000000000000000e+07,6.970000000000000000e+07
6.701791785020030290e+07,-1.492138270000000130e-09,7.318999999999999773e+01,6.307000000000000000e+07,6.970000000000000000e+07
6.700287458412656188e+07,-1.492473280000000049e-09,7.319500000000000739e+01,6.307000000000000000e+07,6.970000000000000000e+07
6.701518763857149333e+07,-1.492199060000000028e-09,7.320000000000000284e+01,6.307000000000000000e+07,6.970000000000000000e+07
6.698437444779755920e+07,-1.492885480000000132e-09,7.320499999999999829e+01,6.307000000000000000e+07,6.970000000000000000e+07
6.694175084971173108e+07,-1.493836040000000023e-09,7.321000000000000796e+01,6.307000000000000000e+07,6.970000000000000000e+07
6.693523671800416708e+07,-1.493981419999999961e-09,7.321500000000000341e+01,6.307000000000000000e+07,6.970000000000000000e+07
6.690401177061011642e+07,-1.494678680000000171e-09,7.321999999999999886e+01,6.307000000000000000e+07,6.970000000000000000e+07
6.684588047221266478e+07,-1.495978500000000181e-09,7.322500000000000853e+01,6.307000000000000000e+07,6.970000000000000000e+07
6.682495315119716525e+07,-1.496446989999999968e-09,7.323000000000000398e+01,6.307000000000000000e+07,6.970000000000000000e+07
6.680499040760503709e+07,-1.496894160000000114e-09,7.323499999999999943e+01,6.307000000000000000e+07,6.970000000000000000e+07
6.674312447538653761e+07,-1.498281669999999912e-09,7.323999999999999488e+01,6.307000000000000000e+07,6.970000000000000000e+07
6.670517511956202239e+07,-1.499134060000000066e-09,7.324500000000000455e+01,6.307000000000000000e+07,6.970000000000000000e+07
6.668545729482320696e+07,-1.499577330000000003e-09,7.325000000000000000e+01,6.307000000000000000e+07,6.970000000000000000e+07
6.661917740811522305e+07,-1.501069269999999920e-09,7.325499999999999545e+01,6.307000000000000000e+07,6.970000000000000000e+07
6.654953549122996628e+07,-1.502640090000000291e-09,7.326000000000000512e+01,6.307000000000000000e+07,6.970000000000000000e+07
6.652063347652476281e+07,-1.503292960000000040e-09,7.326500000000000057e+01,6.307000000000000000e+07,6.970000000000000000e+07
6.646342770798888803e+07,-1.504586860000000149e-09,7.326999999999999602e+01,6.307000000000000000e+07,6.970000000000000000e+07
6.638721058885568380e+07,-1.506314230000000172e-09,7.327500000000000568e+01,6.307000000000000000e+07,6.970000000000000000e+07
6.635851189391387254e+07,-1.506965680000000006e-09,7.328000000000000114e+01,6.307000000000000000e+07,6.970000000000000000e+07
6.631421721245720237e+07,-1.507972260000000260e-09,7.328499999999999659e+01,6.307000000000000000e+07,6.970000000000000000e+07
6.622783178138674796e+07,-1.509939210000000057e-09,7.329000000000000625e+01,6.307000000000000000e+07,6.970000000000000000e+07
6.618257466549307853e+07,-1.510971740000000105e-09,7.329500000000000171e+01,6.307000000000000000e+07,6.970000000000000000e+07
6.615482896016284823e+07,-1.511605450000000116e-09,7.329999999999999716e+01,6.307000000000000000e+07,6.970000000000000000e+07
6.608623653805188835e+07,-1.513174379999999925e-09,7.330500000000000682e+01,6.307000000000000000e+07,6.970000000000000000e+07
6.602704245808219165e+07,-1.514530960000000286e-09,7.331000000000000227e+01,6.307000000000000000e+07,6.970000000000000000e+07
6.601610087809468061e+07,-1.514781980000000150e-09,7.331499999999999773e+01,6.307000000000000000e+07,6.970000000000000000e+07
6.598518879296204448e+07,-1.515491610000000043e-09,7.332000000000000739e+01,6.307000000000000000e+07,6.970000000000000000e+07
6.594888341615743935e+07,-1.516325900000000011e-09,7.332500000000000284e+01,6.307000000000000000e+07,6.970000000000000000e+07
6.594714028073882312e+07,-1.516365980000000090e-09,7.332999999999999829e+01,6.307000000000000000e+07,6.970000000000000000e+07
6.593460572836557776e+07,-1.516654250000000041e-09,7.333500000000000796e+01,6.307000000000000000e+07,6.970000000000000000e+07
6.587882270432988554e+07,-1.517938480000000087e-09,7.334000000000000341e+01,6.307000000000000000e+07,6.970000000000000000e+07
6.584854372686045617e+07,-1.518636470000000033e-09,7.334499999999999886e+01,6.307000000000000000e+07,6.970000000000000000e+07
6.583820348400234431e+07,-1.518874980000000211e-09,7.335000000000000853e+01,6.307000000000000000e+07,6.970000000000000000e+07
6.578349431080659479e+07,-1.520138159999999956e-09,7.335500000000000398e+01,6.307000000000000000e+07,6.970000000000000000e+07
6.573448937862778455e+07,-1.521271419999999977e-09,7.335999999999999943e+01,6.307000000000000000e+07,6.970000000000000000e+07
6.573179014634321630e+07,-1.521333890000000121e-09,7.336499999999999488e+01,6.307000000000000000e+07,6.970000000000000000e+07
6.569679020856089890e+07,-1.522144380000000154e-09,7.337000000000000455e+01,6.307000000000000000e+07,6.970000000000000000e+07
6.564617542526364326e+07,-1.523317990000000009e-09,7.337500000000000000e+01,6.307000000000000000e+07,6.970000000000000000e+07
6.563369986998095363e+07,-1.523607540000000079e-09,7.337999999999999545e+01,6.307000000000000000e+07,6.970000000000000000e+07
6.561495732321157306e+07,-1.524042750000000093e-09,7.338500000000000512e+01,6.307000000000000000e+07,6.970000000000000000e+07
6.555894256362685561e+07,-1.525344920000000025e-09,7.339000000000000057e+01,6.307000000000000000e+07,6.970000000000000000e+07
6.554131142593152076e+07,-1.525755250000000050e-09,7.339499999999999602e+01,6.307000000000000000e+07,6.970000000000000000e+07
6.555119208218687773e+07,-1.525525270000000027e-09,7.340000000000000568e+01,6.307000000000000000e+07,6.970000000000000000e+07
6.551981910973844677e+07,-1.526255740000000111e-09,7.340500000000000114e+01,6.307000000000000000e+07,6.970000000000000000e+07
6.548886514437275380e+07,-1.526977140000000116e-09,7.340999999999999659e+01,6.307000000000000000e+07,6.970000000000000000e+07
6.550608402166689187e+07,-1.526575760000000257e-09,7.341500000000000625e+01,6.307000000000000000e+07,6.970000000000000000e+07
6.548707462289481610e+07,-1.527018889999999983e-09,7.342000000000000171e+01,6.307000000000000000e+07,6.970000000000000000e+07
6.542891387976787984e+07,-1.528376280000000023e-09,7.342499999999999716e+01,6.307000000000000000e+07,6.970000000000000000e+07
6.540616601194222271e+07,-1.528907840000000146e-09,7.343000000000000682e+01,6.307000000000000000e+07,6.970000000000000000e+07
6.538097891971439868e+07,-1.529496830000000087e-09,7.343500000000000227e+01,6.307000000000000000e+07,6.970000000000000000e+07
6.533470971788471937e+07,-1.530580000000000106e-09,7.343999999999999773e+01,6.307000000000000000e+07,6.970000000000000000e+07
6.533615638668997586e+07,-1.530546110000000097e-09,7.344500000000000739e+01,6.307000000000000000e+07,6.970000000000000000e+07
6.536849156734365970e+07,-1.529789010000000085e-09,7.345000000000000284e+01,6.307000000000000000e+07,6.970000000000000000e+07
6.536725625491431355e+07,-1.529817920000000037e-09,7.345499999999999829e+01,6.307000000000000000e+07,6.970000000000000000e+07
6.538369515940116346e+07,-1.529433290000000140e-09,7.346000000000000796e+01,6.307000000000000000e+07,6.970000000000000000e+07
6.544159691841278970e+07,-1.528080070000000064e-09,7.346500000000000341e+01,6.307000000000000000e+07,6.970000000000000000e+07
6.546270110730944574e+07,-1.527587440000000068e-09,7.346999999999999886e+01,6.307000000000000000e+07,6.970000000000000000e+07
6.546758593108387291e+07,-1.527473460000000007e-09,7.347500000000000853e+01,6.307000000000000000e+07,6.970000000000000000e+07
6.552550891352998465e+07,-1.526123210000000133e-09,7.348000000000000398e+01,6.307000000000000000e+07,6.970000000000000000e+07
6.557245947259716690e+07,-1.525030490000000172e-09,7.348499999999999943e+01,6.307000000000000000e+07,6.970000000000000000e+07
6.558322823839619011e+07,-1.524780080000000131e-09,7.348999999999999488e+01,6.307000000000000000e+07,6.970000000000000000e+07
6.563434561293962598e+07,-1.523592550000000098e-09,7.349500000000000455e+01,6.307000000000000000e+07,6.970000000000000000e+07
6.570573043394882977e+07,-1.521937270000000059e-09,7.350000000000000000e+01,6.307000000000000000e+07,6.970000000000000000e+07
6.573745027701432258e+07,-1.521202900000000180e-09,7.350499999999999545e+01,6.307000000000000000e+07,6.970000000000000000e+07
6.577676145957475901e+07,-1.520293760000000133e-09,7.351000000000000512e+01,6.307000000000000000e+07,6.970000000000000000e+07
6.585369316599084437e+07,-1.518517720000000022e-09,7.351500000000000057e+01,6.307000000000000000e+07,6.970000000000000000e+07
6.590759309912173450e+07,-1.517275860000000124e-09,7.351999999999999602e+01,6.307000000000000000e+07,6.970000000000000000e+07
6.595185757100152969e+07,-1.516257520000000010e-09,7.352500000000000568e+01,6.307000000000000000e+07,6.970000000000000000e+07
6.603311720628038794e+07,-1.514391630000000002e-09,7.353000000000000114e+01,6.307000000000000000e+07,6.970000000000000000e+07
6.609993944650647044e+07,-1.512860690000000060e-09,7.353499999999999659e+01,6.307000000000000000e+07,6.970000000000000000e+07
6.612472211002877355e+07,-1.512293690000000056e-09,7.354000000000000625e+01,6.307000000000000000e+07,6.970000000000000000e+07
6.617896388069950044e+07,-1.511054180000000080e-09,7.354500000000000171e+01,6.307000000000000000e+07,6.970000000000000000e+07
6.624054916276847571e+07,-1.509649320000000128e-09,7.354999999999999716e+01,6.307000000000000000e+07,6.970000000000000000e+07
6.625240627083265036e+07,-1.509379140000000112e-09,7.355500000000000682e+01,6.307000000000000000e+07,6.970000000000000000e+07
6.627648858335457742e+07,-1.508830690000000023e-09,7.356000000000000227e+01,6.307000000000000000e+07,6.970000000000000000e+07
6.633891527541357279e+07,-1.507410840000000091e-09,7.356499999999999773e+01,6.307000000000000000e+07,6.970000000000000000e+07
6.636495565068928152e+07,-1.506819360000000017e-09,7.357000000000000739e+01,6.307000000000000000e+07,6.970000000000000000e+07
6.636865503462629020e+07,-1.506735369999999961e-09,7.357500000000000284e+01,6.307000000000000000e+07,6.970000000000000000e+07
6.641414018145472556e+07,-1.505703449999999943e-09,7.357999999999999829e+01,6.307000000000000000e+07,6.970000000000000000e+07
6.644736157959730923e+07,-1.504950650000000061e-09,7.358500000000000796e+01,6.307000000000000000e+07,6.970000000000000000e+07
6.644515535149747133e+07,-1.505000619999999943e-09,7.359000000000000341e+01,6.307000000000000000e+07,6.970000000000000000e+07
6.649562175205044448e+07,-1.503858410000000171e-09,7.359499999999999886e+01,6.307000000000000000e+07,6.970000000000000000e+07
6.656106000138766319e+07,-1.502379920000000198e-09,7.360000000000000853e+01,6.307000000000000000e+07,6.970000000000000000e+07
6.656602061858525127e+07,-1.502267960000000036e-09,7.360500000000000398e+01,6.307000000000000000e+07,6.970000000000000000e+07
6.658243943689605594e+07,-1.501897510000000234e-09,7.360999999999999943e+01,6.307000000000000000e+07,6.970000000000000000e+07
6.663020972531475872e+07,-1.500820730000000143e-09,7.361499999999999488e+01,6.307000000000000000e+07,6.970000000000000000e+07
6.665537968903931975e+07,-1.500254000000000101e-09,7.362000000000000455e+01,6.307000000000000000e+07,6.970000000000000000e+07
6.667576746442044526e+07,-1.499795260000000113e-09,7.362500000000000000e+01,6.307000000000000000e+07,6.970000000000000000e+07
6.673256418403087556e+07,-1.498518770000000013e-09,7.362999999999999545e+01,6.307000000000000000e+07,6.970000000000000000e+07
6.677245382010415941e+07,-1.497623560000000188e-09,7.363500000000000512e+01,6.307000000000000000e+07,6.970000000000000000e+07
6.676828086819809675e+07,-1.497717160000000247e-09,7.364000000000000057e+01,6.307000000000000000e+07,6.970000000000000000e+07
6.680537734386082739e+07,-1.496885489999999956e-09,7.364499999999999602e+01,6.307000000000000000e+07,6.970000000000000000e+07
6.685599884403303266e+07,-1.495752090000000138e-09,7.365000000000000568e+01,6.307000000000000000e+07,6.970000000000000000e+07
6.686233214972072840e+07,-1.495610410000000139e-09,7.365500000000000114e+01,6.307000000000000000e+07,6.970000000000000000e+07
6.687933939905756712e+07,-1.495230080000000165e-09,7.365999999999999659e+01,6.307000000000000000e+07,6.970000000000000000e+07
6.692263369447396696e+07,-1.494262770000000105e-09,7.366500000000000625e+01,6.307000000000000000e+07,6.970000000000000000e+07
6.692985941483424604e+07,-1.494101450000000090e-09,7.367000000000000171e+01,6.307000000000000000e+07,6.970000000000000000e+07
6.692498864567373693e+07,-1.494210190000000177e-09,7.367499999999999716e+01,6.307000000000000000e+07,6.970000000000000000e+07
6.697178924551202357e+07,-1.493166020000000183e-09,7.368000000000000682e+01,6.307000000000000000e+07,6.970000000000000000e+07
6.702023145088426024e+07,-1.492086760000000212e-09,7.368500000000000227e+01,6.307000000000000000e+07,6.970000000000000000e+07
6.705552838130266964e+07,-1.491301350000000233e-09,7.368999999999999773e+01,6.307000000000000000e+07,6.970000000000000000e+07
6.713148191464115679e+07,-1.489614070000000127e-09,7.369500000000000739e+01,6.307000000000000000e+07,6.970000000000000000e+07
6.720868318981388211e+07,-1.487902980000000248e-09,7.370000000000000284e+01,6.307000000000000000e+07,6.970000000000000000e+07
6.722684601372937858e+07,-1.487500990000000152e-09,7.370499999999999829e+01,6.307000000000000000e+07,6.970000000000000000e+07
6.725660845611688495e+07,-1.486842740000000011e-09,7.371000000000000796e+01,6.307000000000000000e+07,6.970000000000000000e+07
6.731911636173889041e+07,-1.485462160000000065e-09,7.371500000000000341e+01,6.307000000000000000e+07,6.970000000000000000e+07
6.734731998883004487e+07,-1.484840079999999956e-09,7.371999999999999886e+01,6.307000000000000000e+07,6.970000000000000000e+07
6.734848476685032248e+07,-1.484814400000000125e-09,7.372500000000000853e+01,6.307000000000000000e+07,6.970000000000000000e+07
6.739814911337700486e+07,-1.483720270000000087e-09,7.373000000000000398e+01,6.307000000000000000e+07,6.970000000000000000e+07
6.743565249577461183e+07,-1.482895120000000096e-09,7.373499999999999943e+01,6.307000000000000000e+07,6.970000000000000000e+07
6.743070828845116496e+07,-1.483003850000000139e-09,7.373999999999999488e+01,6.307000000000000000e+07,6.970000000000000000e+07
6.746118674589525163e+07,-1.482333839999999930e-09,7.374500000000000455e+01,6.307000000000000000e+07,6.970000000000000000e+07
6.750901626793119311e+07,-1.481283620000000075e-09,7.375000000000000000e+01,6.307000000000000000e+07,6.970000000000000000e+07
6.751583857432906330e+07,-1.481133940000000214e-09,7.375499999999999545e+01,6.307000000000000000e+07,6.970000000000000000e+07
6.753641867608898878e+07,-1.480682600000000104e-09,7.376000000000000512e+01,6.307000000000000000e+07,6.970000000000000000e+07
6.758697507612691820e+07,-1.479575020000000121e-09,7.376500000000000057e+01,6.307000000000000000e+07,6.970000000000000000e+07
6.760677812847441435e+07,-1.479141630000000149e-09,7.376999999999999602e+01,6.307000000000000000e+07,6.970000000000000000e+07
6.761733392533661425e+07,-1.478910720000000120e-09,7.377500000000000568e+01,6.307000000000000000e+07,6.970000000000000000e+07
6.768417734396973252e+07,-1.477450180000000079e-09,7.378000000000000114e+01,6.307000000000000000e+07,6.970000000000000000e+07
6.773433820384994149e+07,-1.476356050000000041e-09,7.378499999999999659e+01,6.307000000000000000e+07,6.970000000000000000e+07
6.773748797151558101e+07,-1.476287400000000078e-09,7.379000000000000625e+01,6.307000000000000000e+07,6.970000000000000000e+07
6.775270871094882488e+07,-1.475955750000000029e-09,7.379500000000000171e+01,6.307000000000000000e+07,6.970000000000000000e+07
6.777292089164467156e+07,-1.475515570000000002e-09,7.379999999999999716e+01,6.307000000000000000e+07,6.970000000000000000e+07
6.774406052763803303e+07,-1.476144169999999998e-09,7.380500000000000682e+01,6.307000000000000000e+07,6.970000000000000000e+07
6.773422396432237327e+07,-1.476358540000000173e-09,7.381000000000000227e+01,6.307000000000000000e+07,6.970000000000000000e+07
6.776538250295519829e+07,-1.475679710000000172e-09,7.381499999999999773e+01,6.307000000000000000e+07,6.970000000000000000e+07
6.776000047486208379e+07,-1.475796920000000146e-09,7.382000000000000739e+01,6.307000000000000000e+07,6.970000000000000000e+07
6.774420233599893749e+07,-1.476141080000000295e-09,7.382500000000000284e+01,6.307000000000000000e+07,6.970000000000000000e+07
6.779225491927041113e+07,-1.475094760000000029e-09,7.382999999999999829e+01,6.307000000000000000e+07,6.970000000000000000e+07
6.786972357693207264e+07,-1.473411040000000065e-09,7.383500000000000796e+01,6.307000000000000000e+07,6.970000000000000000e+07
6.794691334838855267e+07,-1.471737200000000066e-09,7.384000000000000341e+01,6.307000000000000000e+07,6.970000000000000000e+07
6.809778798772452772e+07,-1.468476480000000118e-09,7.384499999999999886e+01,6.307000000000000000e+07,6.970000000000000000e+07
6.828760312862111628e+07,-1.464394640000000141e-09,7.385000000000000853e+01,6.307000000000000000e+07,6.970000000000000000e+07
6.844989410253784060e+07,-1.460922639999999928e-09,7.385500000000000398e+01,6.307000000000000000e+07,6.970000000000000000e+07
6.862313135610602796e+07,-1.457234580000000077e-09,7.385999999999999943e+01,6.307000000000000000e+07,6.970000000000000000e+07
6.883549032325133681e+07,-1.452738979999999892e-09,7.386499999999999488e+01,6.307000000000000000e+07,6.970000000000000000e+07
6.900258590640814602e+07,-1.449221050000000010e-09,7.387000000000000455e+01,6.307000000000000000e+07,6.970000000000000000e+07
6.915718423121869564e+07,-1.445981370000000111e-09,7.387500000000000000e+01,6.307000000000000000e+07,6.970000000000000000e+07
6.936016317616499960e+07,-1.441749780000000168e-09,7.387999999999999545e+01,6.307000000000000000e+07,6.970000000000000000e+07
6.953526135884918272e+07,-1.438119280000000094e-09,7.388500000000000512e+01,6.307000000000000000e+07,6.970000000000000000e+07
6.965607605005803704e+07,-1.435624940000000139e-09,7.389000000000000057e+01,6.307000000000000000e+07,6.970000000000000000e+07
6.980699336651365459e+07,-1.432521230000000239e-09,7.389499999999999602e+01,6.307000000000000000e+07,6.970000000000000000e+07
6.995905988819436729e+07,-1.429407430000000059e-09,7.390000000000000568e+01,6.307000000000000000e+07,6.970000000000000000e+07
7.004919716229861975e+07,-1.427568110000000125e-09,7.390500000000000114e+01,6.307000000000000000e+07,6.970000000000000000e+07
7.014436784110528231e+07,-1.425631209999999980e-09,7.390999999999999659e+01,6.307000000000000000e+07,6.970000000000000000e+07
7.026461450053519011e+07,-1.423191470000000059e-09,7.391500000000000625e+01,6.307000000000000000e+07,6.970000000000000000e+07
7.032402808606660366e+07,-1.421989080000000004e-09,7.392000000000000171e+01,6.307000000000000000e+07,6.970000000000000000e+07
7.035638336500988901e+07,-1.421335140000000038e-09,7.392499999999999716e+01,6.307000000000000000e+07,6.970000000000000000e+07
7.043591357059797645e+07,-1.419730290000000069e-09,7.393000000000000682e+01,6.307000000000000000e+07,6.970000000000000000e+07
7.050353483572605252e+07,-1.418368600000000106e-09,7.393500000000000227e+01,6.307000000000000000e+07,6.970000000000000000e+07
7.054387514761216938e+07,-1.417557510000000089e-09,7.393999999999999773e+01,6.307000000000000000e+07,6.970000000000000000e+07
7.064608379827934504e+07,-1.415506630000000090e-09,7.394500000000000739e+01,6.307000000000000000e+07,6.970000000000000000e+07
7.077549459649623930e+07,-1.412918420000000114e-09,7.395000000000000284e+01,6.307000000000000000e+07,6.970000000000000000e+07
7.084356048683410883e+07,-1.411560900000000115e-09,7.395499999999999829e+01,6.307000000000000000e+07,6.970000000000000000e+07
7.092217393541170657e+07,-1.409996260000000184e-09,7.396000000000000796e+01,6.307000000000000000e+07,6.970000000000000000e+07
7.104487026339942217e+07,-1.407561160000000046e-09,7.396500000000000341e+01,6.307000000000000000e+07,6.970000000000000000e+07
7.113462739692839980e+07,-1.405785110000000098e-09,7.396999999999999886e+01,6.307000000000000000e+07,6.970000000000000000e+07
7.120465770172968507e+07,-1.404402510000000045e-09,7.397500000000000853e+01,6.307000000000000000e+07,6.970000000000000000e+07
7.132288822948819399e+07,-1.402074459999999910e-09,7.398000000000000398e+01,6.307000000000000000e+07,6.970000000000000000e+07
7.142514506232686341e+07,-1.400067160000000279e-09,7.398499999999999943e+01,6.307000000000000000e+07,6.970000000000000000e+07
7.147711000232164562e+07,-1.399049290000000190e-09,7.398999999999999488e+01,6.307000000000000000e+07,6.970000000000000000e+07
7.157970635441900790e+07,-1.397044010000000044e-09,7.399500000000000455e+01,6.307000000000000000e+07,6.970000000000000000e+07
7.168742858856801689e+07,-1.394944720000000081e-09,7.400000000000000000e+01,6.307000000000000000e+07,6.970000000000000000e+07
7.174050941213962436e+07,-1.393912599999999999e-09,7.400499999999999545e+01,6.307000000000000000e+07,6.970000000000000000e+07
7.181117005802816153e+07,-1.392541020000000027e-09,7.401000000000000512e+01,6.307000000000000000e+07,6.970000000000000000e+07
7.192269627773939073e+07,-1.390381689999999991e-09,7.401500000000000057e+01,6.307000000000000000e+07,6.970000000000000000e+07
7.198829015436096489e+07,-1.389114810000000100e-09,7.401999999999999602e+01,6.307000000000000000e+07,6.970000000000000000e+07
7.203909607849201560e+07,-1.388135130000000149e-09,7.402500000000000568e+01,6.307000000000000000e+07,6.970000000000000000e+07
7.214570332692623138e+07,-1.386083930000000172e-09,7.403000000000000114e+01,6.307000000000000000e+07,6.970000000000000000e+07
7.222196583424352109e+07,-1.384620300000000015e-09,7.403499999999999659e+01,6.307000000000000000e+07,6.970000000000000000e+07
7.224402065138676763e+07,-1.384197600000000100e-09,7.404000000000000625e+01,6.307000000000000000e+07,6.970000000000000000e+07
7.231404502979674935e+07,-1.382857229999999985e-09,7.404500000000000171e+01,6.307000000000000000e+07,6.970000000000000000e+07
7.238952950606271625e+07,-1.381415250000000112e-09,7.404999999999999716e+01,6.307000000000000000e+07,6.970000000000000000e+07
7.240295383199584484e+07,-1.381159120000000025e-09,7.405500000000000682e+01,6.307000000000000000e+07,6.970000000000000000e+07
7.243628484465086460e+07,-1.380523589999999971e-09,7.406000000000000227e+01,6.307000000000000000e+07,6.970000000000000000e+07
7.250399942936451733e+07,-1.379234260000000161e-09,7.406499999999999773e+01,6.307000000000000000e+07,6.970000000000000000e+07
7.252167141537362337e+07,-1.378898170000000187e-09,7.407000000000000739e+01,6.307000000000000000e+07,6.970000000000000000e+07
7.252831726717478037e+07,-1.378771820000000235e-09,7.407500000000000284e+01,6.307000000000000000e+07,6.970000000000000000e+07
7.258982929674117267e+07,-1.377603459999999985e-09,7.407999999999999829e+01,6.307000000000000000e+07,6.970000000000000000e+07
7.262166867339703441e+07,-1.376999480000000063e-09,7.408500000000000796e+01,6.307000000000000000e+07,6.970000000000000000e+07
7.262296713245730102e+07,-1.376974860000000197e-09,7.409000000000000341e+01,6.307000000000000000e+07,6.970000000000000000e+07
7.268750658185373247e+07,-1.375752239999999980e-09,7.409499999999999886e+01,6.307000000000000000e+07,6.970000000000000000e+07
7.276505869615289569e+07,-1.374285980000000101e-09,7.410000000000000853e+01,6.307000000000000000e+07,6.970000000000000000e+07
7.279729790407261252e+07,-1.373677360000000189e-09,7.410500000000000398e+01,6.307000000000000000e+07,6.970000000000000000e+07
7.287345953704802692e+07,-1.372241700000000138e-09,7.410999999999999943e+01,6.307000000000000000e+07,6.970000000000000000e+07
7.298543628168512881e+07,-1.370136360000000107e-09,7.411499999999999488e+01,6.307000000000000000e+07,6.970000000000000000e+07
7.304997991235128045e+07,-1.368925769999999920e-09,7.412000000000000455e+01,6.307000000000000000e+07,6.970000000000000000e+07
7.308446227328532934e+07,-1.368279890000000083e-09,7.412500000000000000e+01,6.307000000000000000e+07,6.970000000000000000e+07
7.315872457625496387e+07,-1.366890970000000208e-09,7.412999999999999545e+01,6.307000000000000000e+07,6.970000000000000000e+07
7.320396737978506088e+07,-1.366046180000000202e-09,7.413500000000000512e+01,6.307000000000000000e+07,6.970000000000000000e+07
7.320912400041359663e+07,-1.365949960000000052e-09,7.414000000000000057e+01,6.307000000000000000e+07,6.970000000000000000e+07
7.326051335986046493e+07,-1.364991800000000220e-09,7.414499999999999602e+01,6.307000000000000000e+07,6.970000000000000000e+07
7.331998132481420040e+07,-1.363884690000000057e-09,7.415000000000000568e+01,6.307000000000000000e+07,6.970000000000000000e+07
7.331571586007502675e+07,-1.363964039999999915e-09,7.415500000000000114e+01,6.307000000000000000e+07,6.970000000000000000e+07
7.332953647659365833e+07,-1.363706969999999984e-09,7.415999999999999659e+01,6.307000000000000000e+07,6.970000000000000000e+07
7.338921785279616714e+07,-1.362597980000000131e-09,7.416500000000000625e+01,6.307000000000000000e+07,6.970000000000000000e+07
7.339192332892553508e+07,-1.362547750000000125e-09,7.417000000000000171e+01,6.307000000000000000e+07,6.970000000000000000e+07
7.337917976429991424e+07,-1.362784379999999993e-09,7.417499999999999716e+01,6.307000000000000000e+07,6.970000000000000000e+07
7.343188504238396883e+07,-1.361806250000000123e-09,7.418000000000000682e+01,6.307000000000000000e+07,6.970000000000000000e+07
7.347767645687881112e+07,-1.360957570000000159e-09,7.418500000000000227e+01,6.307000000000000000e+07,6.970000000000000000e+07
7.348399811354818940e+07,-1.360840490000000143e-09,7.418999999999999773e+01,6.307000000000000000e+07,6.970000000000000000e+07
7.354085061142525077e+07,-1.359788460000000084e-09,7.419500000000000739e+01,6.307000000000000000e+07,6.970000000000000000e+07
7.359682970763702691e+07,-1.358754180000000099e-09,7.420000000000000284e+01,6.307000000000000000e+07,6.970000000000000000e+07
7.358881362903682888e+07,-1.358902190000000172e-09,7.420499999999999829e+01,6.307000000000000000e+07,6.970000000000000000e+07
7.359478612144517899e+07,-1.358791910000000256e-09,7.421000000000000796e+01,6.307000000000000000e+07,6.970000000000000000e+07
7.361762896036249399e+07,-1.358370290000000190e-09,7.421500000000000341e+01,6.307000000000000000e+07,6.970000000000000000e+07
7.358716416152043641e+07,-1.358932650000000204e-09,7.421999999999999886e+01,6.307000000000000000e+07,6.970000000000000000e+07
7.355709952234372497e+07,-1.359488080000000160e-09,7.422500000000000853e+01,6.307000000000000000e+07,6.970000000000000000e+07
7.358271486693572998e+07,-1.359014820000000217e-09,7.423000000000000398e+01,6.307000000000000000e+07,6.970000000000000000e+07
7.357804360543891788e+07,-1.359101100000000134e-09,7.423499999999999943e+01,6.307000000000000000e+07,6.970000000000000000e+07
7.353870143301926553e+07,-1.359828200000000096e-09,7.423999999999999488e+01,6.307000000000000000e+07,6.970000000000000000e+07
7.355139119183401763e+07,-1.359593590000000127e-09,7.424500000000000455e+01,6.307000000000000000e+07,6.970000000000000000e+07
7.357148816433398426e+07,-1.359222200000000067e-09,7.425000000000000000e+01,6.307000000000000000e+07,6.970000000000000000e+07
7.353487929926082492e+07,-1.359898880000000210e-09,7.425499999999999545e+01,6.307000000000000000e+07,6.970000000000000000e+07
7.352924362062671781e+07,-1.360003110000000059e-09,7.426000000000000512e+01,6.307000000000000000e+07,6.970000000000000000e+07
7.355724128156545758e+07,-1.359485460000000069e-09,7.426500000000000057e+01,6.307000000000000000e+07,6.970000000000000000e+07
7.353413417005765438e+07,-1.359912660000000177e-09,7.426999999999999602e+01,6.307000000000000000e+07,6.970000000000000000e+07
7.349878330849099159e+07,-1.360566740000000147e-09,7.427500000000000568e+01,6.307000000000000000e+07,6.970000000000000000e+07
7.352223523770014942e+07,-1.360132749999999984e-09,7.428000000000000114e+01,6.307000000000000000e+07,6.970000000000000000e+07
7.351955257647140324e+07,-1.360182380000000005e-09,7.428499999999999659e+01,6.307000000000000000e+07,6.970000000000000000e+07
7.347938689005321264e+07,-1.360925890000000069e-09,7.429000000000000625e+01,6.307000000000000000e+07,6.970000000000000000e+07
7.349065409063237906e+07,-1.360717240000000145e-09,7.429500000000000171e+01,6.307000000000000000e+07,6.970000000000000000e+07
7.350947880471058190e+07,-1.360368780000000074e-09,7.429999999999999716e+01,6.307000000000000000e+07,6.970000000000000000e+07
7.347634779464930296e+07,-1.360982179999999980e-09,7.430500000000000682e+01,6.307000000000000000e+07,6.970000000000000000e+07
7.347762570660585165e+07,-1.360958510000000003e-09,7.431000000000000227e+01,6.307000000000000000e+07,6.970000000000000000e+07
7.351565676910187304e+07,-1.360254459999999945e-09,7.431499999999999773e+01,6.307000000000000000e+07,6.970000000000000000e+07
7.349594246908134222e+07,-1.360619330000000119e-09,7.432000000000000739e+01,6.307000000000000000e+07,6.970000000000000000e+07
7.346335740296570957e+07,-1.361222840000000016e-09,7.432500000000000284e+01,6.307000000000000000e+07,6.970000000000000000e+07
7.348327885417757928e+07,-1.360853810000000129e-09,7.432999999999999829e+01,6.307000000000000000e+07,6.970000000000000000e+07
7.347448580479180813e+07,-1.361016669999999973e-09,7.433500000000000796e+01,6.307000000000000000e+07,6.970000000000000000e+07
7.343705602709816396e+07,-1.361710359999999996e-09,7.434000000000000341e+01,6.307000000000000000e+07,6.970000000000000000e+07
7.345239908463032544e+07,-1.361425920000000149e-09,7.434499999999999886e+01,6.307000000000000000e+07,6.970000000000000000e+07
7.346383286983899772e+07,-1.361214030000000061e-09,7.435000000000000853e+01,6.307000000000000000e+07,6.970000000000000000e+07
7.344086745885029435e+07,-1.361639690000000133e-09,7.435500000000000398e+01,6.307000000000000000e+07,6.970000000000000000e+07
7.345932562649510801e+07,-1.361297550000000091e-09,7.435999999999999943e+01,6.307000000000000000e+07,6.970000000000000000e+07
7.350554408215685189e+07,-1.360441600000000002e-09,7.436499999999999488e+01,6.307000000000000000e+07,6.970000000000000000e+07
7.349569183321090043e+07,-1.360623970000000109e-09,7.437000000000000455e+01,6.307000000000000000e+07,6.970000000000000000e+07
7.348740398705323040e+07,-1.360777420000000014e-09,7.437500000000000000e+01,6.307000000000000000e+07,6.970000000000000000e+07
7.354331956349892914e+07,-1.359742810000000007e-09,7.437999999999999545e+01,6.307000000000000000e+07,6.970000000000000000e+07
7.356820492829579115e+07,-1.359282860000000006e-09,7.438500000000000512e+01,6.307000000000000000e+07,6.970000000000000000e+07
7.354672444732689857e+07,-1.359679860000000000e-09,7.439000000000000057e+01,6.307000000000000000e+07,6.970000000000000000e+07
7.358032989402438700e+07,-1.359058869999999990e-09,7.439499999999999602e+01,6.307000000000000000e+07,6.970000000000000000e+07
7.362903726602661610e+07,-1.358159820000000017e-09,7.440000000000000568e+01,6.307000000000000000e+07,6.970000000000000000e+07
7.363370036566716433e+07,-1.358073810000000062e-09,7.440500000000000114e+01,6.307000000000000000e+07,6.970000000000000000e+07
7.368372336056165397e+07,-1.357151830000000100e-09,7.440999999999999659e+01,6.307000000000000000e+07,6.970000000000000000e+07
7.377457770546427369e+07,-1.355480480000000026e-09,7.441500000000000625e+01,6.307000000000000000e+07,6.970000000000000000e+07
7.380970738481032848e+07,-1.354835339999999969e-09,7.442000000000000171e+01,6.307000000000000000e+07,6.970000000000000000e+07
7.383661333782811463e+07,-1.354341639999999963e-09,7.442499999999999716e+01,6.307000000000000000e+07,6.970000000000000000e+07
7.392635661868917942e+07,-1.352697530000000053e-09,7.443000000000000682e+01,6.307000000000000000e+07,6.970000000000000000e+07
7.399100081492948532e+07,-1.351515710000000020e-09,7.443500000000000227e+01,6.307000000000000000e+07,6.970000000000000000e+07
7.402473357332497835e+07,-1.350899830000000027e-09,7.443999999999999773e+01,6.307000000000000000e+07,6.970000000000000000e+07
7.410728291990756989e+07,-1.349395040000000149e-09,7.444500000000000739e+01,6.307000000000000000e+07,6.970000000000000000e+07
7.417071191875202954e+07,-1.348241070000000102e-09,7.445000000000000284e+01,6.307000000000000000e+07,6.970000000000000000e+07
7.411920937839843333e+07,-1.349177910000000087e-09,7.445499999999999829e+01,6.307000000000000000e+07,6.970000000000000000e+07
7.401770767070522904e+07,-1.351028060000000081e-09,7.446000000000000796e+01,6.307000000000000000e+07,6.970000000000000000e+07
7.389656521892482042e+07,-1.353242870000000142e-09,7.446500000000000341e+01,6.307000000000000000e+07,6.970000000000000000e+07
7.368548683651146293e+07,-1.357119350000000169e-09,7.446999999999999886e+01,6.307000000000000000e+07,6.970000000000000000e+07
7.345424214995983243e+07,-1.361391760000000179e-09,7.447500000000000853e+01,6.307000000000000000e+07,6.970000000000000000e+07
7.327160562033075094e+07,-1.364785160000000152e-09,7.448000000000000398e+01,6.307000000000000000e+07,6.970000000000000000e+07
7.304074501267749071e+07,-1.369098850000000210e-09,7.448499999999999943e+01,6.307000000000000000e+07,6.970000000000000000e+07
7.278184270030069351e+07,-1.373969060000000116e-09,7.448999999999999488e+01,6.307000000000000000e+07,6.970000000000000000e+07
7.258833759328880906e+07,-1.377631770000000159e-09,7.449500000000000455e+01,6.307000000000000000e+07,6.970000000000000000e+07
7.239692319736927748e+07,-1.381274170000000097e-09,7.450000000000000000e+01,6.307000000000000000e+07,6.970000000000000000e+07
7.215876452187919617e+07,-1.385833040000000060e-09,7.450499999999999545e+01,6.307000000000000000e+07,6.970000000000000000e+07
7.194754810778200626e+07,-1.389901430000000092e-09,7.451000000000000512e+01,6.307000000000000000e+07,6.970000000000000000e+07
7.175476088353790343e+07,-1.393635750000000049e-09,7.451500000000000057e+01,6.307000000000000000e+07,6.970000000000000000e+07
7.151931564711675048e+07,-1.398223669999999967e-09,7.451999999999999602e+01,6.307000000000000000e+07,6.970000000000000000e+07
7.128232148957127333e+07,-1.402872380000000196e-09,7.452500000000000568e+01,6.307000000000000000e+07,6.970000000000000000e+07
7.109086544370283186e+07,-1.406650479999999964e-09,7.453000000000000114e+01,6.307000000000000000e+07,6.970000000000000000e+07
7.087165035686746240e+07,-1.411001430000000153e-09,7.453499999999999659e+01,6.307000000000000000e+07,6.970000000000000000e+07
7.062129087711268663e+07,-1.416003570000000053e-09,7.454000000000000625e+01,6.307000000000000000e+07,6.970000000000000000e+07
7.042037052875100076e+07,-1.420043650000000119e-09,7.454500000000000171e+01,6.307000000000000000e+07,6.970000000000000000e+07
7.022431077437274158e+07,-1.424008280000000121e-09,7.454999999999999716e+01,6.307000000000000000e+07,6.970000000000000000e+07
6.999020081196472049e+07,-1.428771440000000024e-09,7.455500000000000682e+01,6.307000000000000000e+07,6.970000000000000000e+07
6.979199208636976779e+07,-1.432829139999999999e-09,7.456000000000000227e+01,6.307000000000000000e+07,6.970000000000000000e+07
6.963260285924418271e+07,-1.436108890000000139e-09,7.456499999999999773e+01,6.307000000000000000e+07,6.970000000000000000e+07
6.945409518743476272e+07,-1.439799910000000149e-09,7.457000000000000739e+01,6.307000000000000000e+07,6.970000000000000000e+07
6.929239815619857609e+07,-1.443159750000000136e-09,7.457500000000000284e+01,6.307000000000000000e+07,6.970000000000000000e+07
6.919314551112306118e+07,-1.445229859999999978e-09,7.457999999999999829e+01,6.307000000000000000e+07,6.970000000000000000e+07
6.907783446542808414e+07,-1.447642370000000194e-09,7.458500000000000796e+01,6.307000000000000000e+07,6.970000000000000000e+07
6.894333127737423778e+07,-1.450466610000000260e-09,7.459000000000000341e+01,6.307000000000000000e+07,6.970000000000000000e+07
6.885525386243547499e+07,-1.452322000000000023e-09,7.459499999999999886e+01,6.307000000000000000e+07,6.970000000000000000e+07
6.875124757732635736e+07,-1.454519060000000009e-09,7.460000000000000853e+01,6.307000000000000000e+07,6.970000000000000000e+07
6.860117168743206561e+07,-1.457701050000000171e-09,7.460500000000000398e+01,6.307000000000000000e+07,6.970000000000000000e+07
6.849106639857529104e+07,-1.460044429999999940e-09,7.460999999999999943e+01,6.307000000000000000e+07,6.970000000000000000e+07
6.842342346718975902e+07,-1.461487820000000097e-09,7.461499999999999488e+01,6.307000000000000000e+07,6.970000000000000000e+07
6.832333117342786491e+07,-1.463628869999999972e-09,7.462000000000000455e+01,6.307000000000000000e+07,6.970000000000000000e+07
6.823621004025274515e+07,-1.465497570000000089e-09,7.462500000000000000e+01,6.307000000000000000e+07,6.970000000000000000e+07
6.819522164265377820e+07,-1.466378399999999962e-09,7.462999999999999545e+01,6.307000000000000000e+07,6.970000000000000000e+07
6.811980098609407246e+07,-1.468001940000000057e-09,7.463500000000000512e+01,6.307000000000000000e+07,6.970000000000000000e+07
6.801045347874149680e+07,-1.470362200000000161e-09,7.464000000000000057e+01,6.307000000000000000e+07,6.970000000000000000e+07
6.794367205964806676e+07,-1.471807410000000154e-09,7.464499999999999602e+01,6.307000000000000000e+07,6.970000000000000000e+07
6.786150371008001268e+07,-1.473589510000000170e-09,7.465000000000000568e+01,6.307000000000000000e+07,6.970000000000000000e+07
6.772864046098820865e+07,-1.476480250000000134e-09,7.465500000000000114e+01,6.307000000000000000e+07,6.970000000000000000e+07
6.763440178125748038e+07,-1.478537510000000017e-09,7.465999999999999659e+01,6.307000000000000000e+07,6.970000000000000000e+07
6.758996405018232763e+07,-1.479509590000000026e-09,7.466500000000000625e+01,6.307000000000000000e+07,6.970000000000000000e+07
6.752908329053340852e+07,-1.480843440000000048e-09,7.467000000000000171e+01,6.307000000000000000e+07,6.970000000000000000e+07
6.748763484805551171e+07,-1.481752919999999955e-09,7.467499999999999716e+01,6.307000000000000000e+07,6.970000000000000000e+07
6.750080425520749390e+07,-1.481463830000000073e-09,7.468000000000000682e+01,6.307000000000000000e+07,6.970000000000000000e+07
6.749786598746894300e+07,-1.481528320000000117e-09,7.468500000000000227e+01,6.307000000000000000e+07,6.970000000000000000e+07
6.746955800530624390e+07,-1.482149919999999949e-09,7.468999999999999773e+01,6.307000000000000000e+07,6.970000000000000000e+07
6.747765541544690728e+07,-1.481972060000000079e-09,7.469500000000000739e+01,6.307000000000000000e+07,6.970000000000000000e+07
6.748293712492603064e+07,-1.481856070000000163e-09,7.470000000000000284e+01,6.307000000000000000e+07,6.970000000000000000e+07
6.745199495480662584e+07,-1.482535840000000008e-09,7.470499999999999829e+01,6.307000000000000000e+07,6.970000000000000000e+07
6.745431723819360137e+07,-1.482484800000000117e-09,7.471000000000000796e+01,6.307000000000000000e+07,6.970000000000000000e+07
6.747625304852651060e+07,-1.482002859999999971e-09,7.471500000000000341e+01,6.307000000000000000e+07,6.970000000000000000e+07
6.745392274813863635e+07,-1.482493470000000275e-09,7.471999999999999886e+01,6.307000000000000000e+07,6.970000000000000000e+07
6.743624277516755462e+07,-1.482882140000000177e-09,7.472500000000000853e+01,6.307000000000000000e+07,6.970000000000000000e+07
6.746219389982420206e+07,-1.482311710000000196e-09,7.473000000000000398e+01,6.307000000000000000e+07,6.970000000000000000e+07
6.745126381443196535e+07,-1.482551910000000044e-09,7.473499999999999943e+01,6.307000000000000000e+07,6.970000000000000000e+07
6.740234302002735436e+07,-1.483627950000000147e-09,7.473999999999999488e+01,6.307000000000000000e+07,6.970000000000000000e+07
6.737666398462624848e+07,-1.484193400000000277e-09,7.474500000000000455e+01,6.307000000000000000e+07,6.970000000000000000e+07
6.733325013188058138e+07,-1.485150350000000096e-09,7.475000000000000000e+01,6.307000000000000000e+07,6.970000000000000000e+07
6.724794942340902984e+07,-1.487034190000000036e-09,7.475499999999999545e+01,6.307000000000000000e+07,6.970000000000000000e+07
6.720719486893498898e+07,-1.487935929999999998e-09,7.476000000000000512e+01,6.307000000000000000e+07,6.970000000000000000e+07
6.719846411190426350e+07,-1.488129250000000080e-09,7.476500000000000057e+01,6.307000000000000000e+07,6.970000000000000000e+07
6.715344497709961236e+07,-1.489126879999999963e-09,7.476999999999999602e+01,6.307000000000000000e+07,6.970000000000000000e+07
6.712488845269942284e+07,-1.489760390000000117e-09,7.477500000000000568e+01,6.307000000000000000e+07,6.970000000000000000e+07
6.713921348814982176e+07,-1.489442530000000080e-09,7.478000000000000114e+01,6.307000000000000000e+07,6.970000000000000000e+07
6.712960044690054655e+07,-1.489655820000000201e-09,7.478499999999999659e+01,6.307000000000000000e+07,6.970000000000000000e+07
6.715048817229767144e+07,-1.489192450000000061e-09,7.479000000000000625e+01,6.307000000000000000e+07,6.970000000000000000e+07
6.725308306291092932e+07,-1.486920680000000206e-09,7.479500000000000171e+01,6.307000000000000000e+07,6.970000000000000000e+07
6.735746552394008636e+07,-1.484616430000000007e-09,7.479999999999999716e+01,6.307000000000000000e+07,6.970000000000000000e+07
6.742461826541000605e+07,-1.483137800000000031e-09,7.480500000000000682e+01,6.307000000000000000e+07,6.970000000000000000e+07
6.753357581984089315e+07,-1.480744930000000038e-09,7.481000000000000227e+01,6.307000000000000000e+07,6.970000000000000000e+07
6.765618070738542080e+07,-1.478061560000000085e-09,7.481499999999999773e+01,6.307000000000000000e+07,6.970000000000000000e+07
6.771542557191382349e+07,-1.476768389999999920e-09,7.482000000000000739e+01,6.307000000000000000e+07,6.970000000000000000e+07
6.778045176931820810e+07,-1.475351630000000104e-09,7.482500000000000284e+01,6.307000000000000000e+07,6.970000000000000000e+07
6.785770142296513915e+07,-1.473672080000000104e-09,7.482999999999999829e+01,6.307000000000000000e+07,6.970000000000000000e+07
6.785945999111081660e+07,-1.473633889999999966e-09,7.483500000000000796e+01,6.307000000000000000e+07,6.970000000000000000e+07
6.781551483619683981e+07,-1.474588820000000091e-09,7.484000000000000341e+01,6.307000000000000000e+07,6.970000000000000000e+07
6.780316891941791773e+07,-1.474857320000000068e-09,7.484499999999999886e+01,6.307000000000000000e+07,6.970000000000000000e+07
6.777875242117564380e+07,-1.475388620000000066e-09,7.485000000000000853e+01,6.307000000000000000e+07,6.970000000000000000e+07
6.770654623315103352e+07,-1.476962060000000114e-09,7.485500000000000398e+01,6.307000000000000000e+07,6.970000000000000000e+07
6.765531559763668478e+07,-1.478080460000000113e-09,7.485999999999999943e+01,6.307000000000000000e+07,6.970000000000000000e+07
6.761915092823040485e+07,-1.478870980000000108e-09,7.486499999999999488e+01,6.307000000000000000e+07,6.970000000000000000e+07
6.754645291150338948e+07,-1.480462640000000049e-09,7.487000000000000455e+01,6.307000000000000000e+07,6.970000000000000000e+07
6.749293406349349022e+07,-1.481636580000000134e-09,7.487500000000000000e+01,6.307000000000000000e+07,6.970000000000000000e+07
6.747122595109599829e+07,-1.482113280000000098e-09,7.487999999999999545e+01,6.307000000000000000e+07,6.970000000000000000e+07
6.741007304137572646e+07,-1.483457819999999971e-09,7.488500000000000512e+01,6.307000000000000000e+07,6.970000000000000000e+07
6.732920489501094818e+07,-1.485239580000000126e-09,7.489000000000000057e+01,6.307000000000000000e+07,6.970000000000000000e+07
6.730117813606278598e+07,-1.485858090000000048e-09,7.489499999999999602e+01,6.307000000000000000e+07,6.970000000000000000e+07
6.727388705007678270e+07,-1.486460860000000164e-09,7.490000000000000568e+01,6.307000000000000000e+07,6.970000000000000000e+07
6.720512668663698435e+07,-1.487981720000000077e-09,7.490500000000000114e+01,6.307000000000000000e+07,6.970000000000000000e+07
6.717738542646680772e+07,-1.488596189999999994e-09,7.490999999999999659e+01,6.307000000000000000e+07,6.970000000000000000e+07
6.718092364888699353e+07,-1.488517790000000024e-09,7.491500000000000625e+01,6.307000000000000000e+07,6.970000000000000000e+07
6.713991669265708327e+07,-1.489426930000000070e-09,7.492000000000000171e+01,6.307000000000000000e+07,6.970000000000000000e+07
6.710010156204272807e+07,-1.490310710000000056e-09,7.492499999999999716e+01,6.307000000000000000e+07,6.970000000000000000e+07
6.709276341412287951e+07,-1.490473710000000111e-09,7.493000000000000682e+01,6.307000000000000000e+07,6.970000000000000000e+07
6.704894353628103435e+07,-1.491447810000000019e-09,7.493500000000000227e+01,6.307000000000000000e+07,6.970000000000000000e+07
6.698992027455899119e+07,-1.492761890000000067e-09,7.493999999999999773e+01,6.307000000000000000e+07,6.970000000000000000e+07
6.698668573304237425e+07,-1.492833970000000007e-09,7.494500000000000739e+01,6.307000000000000000e+07,6.970000000000000000e+07
6.697634653968916088e+07,-1.493064420000000056e-09,7.495000000000000284e+01,6.307000000000000000e+07,6.970000000000000000e+07
6.692798878361866623e+07,-1.494143210000000208e-09,7.495499999999999829e+01,6.307000000000000000e+07,6.970000000000000000e+07
6.691200130376696587e+07,-1.494500210000000066e-09,7.496000000000000796e+01,6.307000000000000000e+07,6.970000000000000000e+07
6.692602777916035801e+07,-1.494186990000000019e-09,7.496500000000000341e+01,6.307000000000000000e+07,6.970000000000000000e+07
6.689303358422278613e+07,-1.494923980000000197e-09,7.496999999999999886e+01,6.307000000000000000e+07,6.970000000000000000e+07
6.686327321825824678e+07,-1.495589360000000253e-09,7.497500000000000853e+01,6.307000000000000000e+07,6.970000000000000000e+07
6.686804468689785898e+07,-1.495482640000000272e-09,7.498000000000000398e+01,6.307000000000000000e+07,6.970000000000000000e+07
6.682909746121004224e+07,-1.496354189999999958e-09,7.498499999999999943e+01,6.307000000000000000e+07,6.970000000000000000e+07
6.677137174498493224e+07,-1.497647830000000149e-09,7.498999999999999488e+01,6.307000000000000000e+07,6.970000000000000000e+07
6.676177326346535981e+07,-1.497863150000000007e-09,7.499500000000000455e+01,6.307000000000000000e+07,6.970000000000000000e+07
6.673495387556938082e+07,-1.498465110000000030e-09,7.500000000000000000e+01,6.307000000000000000e+07,6.970000000000000000e+07
6.667846964484005421e+07,-1.499734480000000260e-09,7.500499999999999545e+01,6.307000000000000000e+07,6.970000000000000000e+07
6.666746978745271266e+07,-1.499981929999999937e-09,7.501000000000000512e+01,6.307000000000000000e+07,6.970000000000000000e+07
6.667666105364753306e+07,-1.499775160000000117e-09,7.501500000000000057e+01,6.307000000000000000e+07,6.970000000000000000e+07
6.664164539448684454e+07,-1.500563190000000186e-09,7.501999999999999602e+01,6.307000000000000000e+07,6.970000000000000000e+07
6.661421507780916989e+07,-1.501181090000000079e-09,7.502500000000000568e+01,6.307000000000000000e+07,6.970000000000000000e+07
6.662768414122931659e+07,-1.500877620000000039e-09,7.503000000000000114e+01,6.307000000000000000e+07,6.970000000000000000e+07
6.660420258131780475e+07,-1.501406760000000134e-09,7.503499999999999659e+01,6.307000000000000000e+07,6.970000000000000000e+07
6.656565727569024265e+07,-1.502276160000000168e-09,7.504000000000000625e+01,6.307000000000000000e+07,6.970000000000000000e+07
6.657774144053419679e+07,-1.502003490000000227e-09,7.504500000000000171e+01,6.307000000000000000e+07,6.970000000000000000e+07
6.658468139236611873e+07,-1.501846940000000161e-09,7.504999999999999716e+01,6.307000000000000000e+07,6.970000000000000000e+07
6.655128980126507580e+07,-1.502600480000000031e-09,7.505500000000000682e+01,6.307000000000000000e+07,6.970000000000000000e+07
6.655626402332162857e+07,-1.502488180000000215e-09,7.506000000000000227e+01,6.307000000000000000e+07,6.970000000000000000e+07
6.656843429092092812e+07,-1.502213489999999961e-09,7.506499999999999773e+01,6.307000000000000000e+07,6.970000000000000000e+07
6.653064166501926631e+07,-1.503066819999999959e-09,7.507000000000000739e+01,6.307000000000000000e+07,6.970000000000000000e+07
6.650320135438291728e+07,-1.503687010000000127e-09,7.507500000000000284e+01,6.307000000000000000e+07,6.970000000000000000e+07
6.651369536609128118e+07,-1.503449770000000024e-09,7.507999999999999829e+01,6.307000000000000000e+07,6.970000000000000000e+07
6.648700636456176639e+07,-1.504053280000000127e-09,7.508500000000000796e+01,6.307000000000000000e+07,6.970000000000000000e+07
6.645387603927881271e+07,-1.504803120000000058e-09,7.509000000000000341e+01,6.307000000000000000e+07,6.970000000000000000e+07
6.647627993047139049e+07,-1.504295970000000107e-09,7.509499999999999886e+01,6.307000000000000000e+07,6.970000000000000000e+07
6.649505401476356387e+07,-1.503871250000000087e-09,7.510000000000000853e+01,6.307000000000000000e+07,6.970000000000000000e+07
6.648994039449451864e+07,-1.503986910000000188e-09,7.510500000000000398e+01,6.307000000000000000e+07,6.970000000000000000e+07
6.651130070231278241e+07,-1.503503900000000032e-09,7.510999999999999943e+01,6.307000000000000000e+07,6.970000000000000000e+07
6.652673389108859003e+07,-1.503155110000000145e-09,7.511499999999999488e+01,6.307000000000000000e+07,6.970000000000000000e+07
6.649448009704843163e+07,-1.503884230000000006e-09,7.512000000000000455e+01,6.307000000000000000e+07,6.970000000000000000e+07
6.646976682146567851e+07,-1.504443369999999945e-09,7.512500000000000000e+01,6.307000000000000000e+07,6.970000000000000000e+07
6.648204248896587640e+07,-1.504165580000000150e-09,7.512999999999999545e+01,6.307000000000000000e+07,6.970000000000000000e+07
6.646807954229760170e+07,-1.504481560000000290e-09,7.513500000000000512e+01,6.307000000000000000e+07,6.970000000000000000e+07
6.646564663566881418e+07,-1.504536630000000143e-09,7.514000000000000057e+01,6.307000000000000000e+07,6.970000000000000000e+07
6.654695357729104906e+07,-1.502698390000000057e-09,7.514499999999999602e+01,6.307000000000000000e+07,6.970000000000000000e+07
6.664764853799752146e+07,-1.500428030000000073e-09,7.515000000000000568e+01,6.307000000000000000e+07,6.970000000000000000e+07
6.672104298227636516e+07,-1.498777530000000028e-09,7.515500000000000114e+01,6.307000000000000000e+07,6.970000000000000000e+07
6.684001892936072499e+07,-1.496109689999999980e-09,7.515999999999999659e+01,6.307000000000000000e+07,6.970000000000000000e+07
6.697988515012676269e+07,-1.492985540000000223e-09,7.516500000000000625e+01,6.307000000000000000e+07,6.970000000000000000e+07
6.707875156113217026e+07,-1.490785050000000054e-09,7.517000000000000171e+01,6.307000000000000000e+07,6.970000000000000000e+07
6.719366659376153350e+07,-1.488235500000000035e-09,7.517499999999999716e+01,6.307000000000000000e+07,6.970000000000000000e+07
6.735938156543472409e+07,-1.484574200000000070e-09,7.518000000000000682e+01,6.307000000000000000e+07,6.970000000000000000e+07
6.748587409303539991e+07,-1.481791580000000119e-09,7.518500000000000227e+01,6.307000000000000000e+07,6.970000000000000000e+07
6.759055063824911416e+07,-1.479496750000000110e-09,7.518999999999999773e+01,6.307000000000000000e+07,6.970000000000000000e+07
6.774077431959167123e+07,-1.476215780000000119e-09,7.519500000000000739e+01,6.307000000000000000e+07,6.970000000000000000e+07
6.783277538614486158e+07,-1.474213599999999927e-09,7.520000000000000284e+01,6.307000000000000000e+07,6.970000000000000000e+07
6.783813492669916153e+07,-1.474097130000000147e-09,7.520499999999999829e+01,6.307000000000000000e+07,6.970000000000000000e+07
6.785963037307210267e+07,-1.473630190000000027e-09,7.521000000000000796e+01,6.307000000000000000e+07,6.970000000000000000e+07
6.788118275982773304e+07,-1.473162310000000062e-09,7.521500000000000341e+01,6.307000000000000000e+07,6.970000000000000000e+07
6.784350129780887067e+07,-1.473980529999999994e-09,7.521999999999999886e+01,6.307000000000000000e+07,6.970000000000000000e+07
6.782474111313273013e+07,-1.474388230000000090e-09,7.522500000000000853e+01,6.307000000000000000e+07,6.970000000000000000e+07
6.784292549983817339e+07,-1.473993040000000095e-09,7.523000000000000398e+01,6.307000000000000000e+07,6.970000000000000000e+07
6.781921396866381168e+07,-1.474508390000000178e-09,7.523499999999999943e+01,6.307000000000000000e+07,6.970000000000000000e+07
6.778890797078858316e+07,-1.475167590000000208e-09,7.523999999999999488e+01,6.307000000000000000e+07,6.970000000000000000e+07
6.780873667020939291e+07,-1.474736220000000136e-09,7.524500000000000455e+01,6.307000000000000000e+07,6.970000000000000000e+07
6.781509449531584978e+07,-1.474597960000000275e-09,7.525000000000000000e+01,6.307000000000000000e+07,6.970000000000000000e+07
6.777456069258335233e+07,-1.475479870000000203e-09,7.525499999999999545e+01,6.307000000000000000e+07,6.970000000000000000e+07
6.777093807868333161e+07,-1.475558740000000198e-09,7.526000000000000512e+01,6.307000000000000000e+07,6.970000000000000000e+07
6.777884521928015351e+07,-1.475386600000000167e-09,7.526500000000000057e+01,6.307000000000000000e+07,6.970000000000000000e+07
6.773753110219542682e+07,-1.476286460000000233e-09,7.526999999999999602e+01,6.307000000000000000e+07,6.970000000000000000e+07
6.771335350261338055e+07,-1.476813580000000015e-09,7.527500000000000568e+01,6.307000000000000000e+07,6.970000000000000000e+07
6.773410330210730433e+07,-1.476361169999999895e-09,7.528000000000000114e+01,6.307000000000000000e+07,6.970000000000000000e+07
6.771663108947730064e+07,-1.476742100000000059e-09,7.528499999999999659e+01,6.307000000000000000e+07,6.970000000000000000e+07
6.769419688112527132e+07,-1.477231500000000143e-09,7.529000000000000625e+01,6.307000000000000000e+07,6.970000000000000000e+07
6.772358210911728442e+07,-1.476590530000000051e-09,7.529500000000000171e+01,6.307000000000000000e+07,6.970000000000000000e+07
6.774871756758798659e+07,-1.476042700000000036e-09,7.529999999999999716e+01,6.307000000000000000e+07,6.970000000000000000e+07
6.774084498737798631e+07,-1.476214240000000083e-09,7.530500000000000682e+01,6.307000000000000000e+07,6.970000000000000000e+07
6.777313998650501668e+07,-1.475510800000000054e-09,7.531000000000000227e+01,6.307000000000000000e+07,6.970000000000000000e+07
6.779957082736067474e+07,-1.474935590000000079e-09,7.531499999999999773e+01,6.307000000000000000e+07,6.970000000000000000e+07
6.776031223355586827e+07,-1.475790130000000091e-09,7.532000000000000739e+01,6.307000000000000000e+07,6.970000000000000000e+07
6.772693774676012993e+07,-1.476517370000000056e-09,7.532500000000000284e+01,6.307000000000000000e+07,6.970000000000000000e+07
6.772103441333754361e+07,-1.476646080000000181e-09,7.532999999999999829e+01,6.307000000000000000e+07,6.970000000000000000e+07
6.768909418900904059e+07,-1.477342860000000113e-09,7.533500000000000796e+01,6.307000000000000000e+07,6.970000000000000000e+07
6.765366599993978441e+07,-1.478116500000000187e-09,7.534000000000000341e+01,6.307000000000000000e+07,6.970000000000000000e+07
6.766692776401856542e+07,-1.477826810000000114e-09,7.534499999999999886e+01,6.307000000000000000e+07,6.970000000000000000e+07
6.765743355368524790e+07,-1.478034190000000170e-09,7.535000000000000853e+01,6.307000000000000000e+07,6.970000000000000000e+07
6.761222178534208238e+07,-1.479022540000000279e-09,7.535500000000000398e+01,6.307000000000000000e+07,6.970000000000000000e+07
6.761420126492106915e+07,-1.478979239999999918e-09,7.535999999999999943e+01,6.307000000000000000e+07,6.970000000000000000e+07
6.763155021285846829e+07,-1.478599849999999995e-09,7.536499999999999488e+01,6.307000000000000000e+07,6.970000000000000000e+07
6.761233515656304359e+07,-1.479020060000000191e-09,7.537000000000000455e+01,6.307000000000000000e+07,6.970000000000000000e+07
6.763286664333286881e+07,-1.478571070000000210e-09,7.537500000000000000e+01,6.307000000000000000e+07,6.970000000000000000e+07
6.769672056031924486e+07,-1.477176430000000289e-09,7.537999999999999545e+01,6.307000000000000000e+07,6.970000000000000000e+07
6.771257358638542891e+07,-1.476830590000000102e-09,7.538500000000000512e+01,6.307000000000000000e+07,6.970000000000000000e+07
6.771842545965760946e+07,-1.476702970000000076e-09,7.539000000000000057e+01,6.307000000000000000e+07,6.970000000000000000e+07
6.777202523556420207e+07,-1.475535070000000221e-09,7.539499999999999602e+01,6.307000000000000000e+07,6.970000000000000000e+07
6.781232056012324989e+07,-1.474658280000000148e-09,7.540000000000000568e+01,6.307000000000000000e+07,6.970000000000000000e+07
6.782107863525135815e+07,-1.474467849999999911e-09,7.540500000000000114e+01,6.307000000000000000e+07,6.970000000000000000e+07
6.786052834619434178e+07,-1.473610690000000015e-09,7.540999999999999659e+01,6.307000000000000000e+07,6.970000000000000000e+07
6.789881192152674496e+07,-1.472779819999999979e-09,7.541500000000000625e+01,6.307000000000000000e+07,6.970000000000000000e+07
6.788037731633557379e+07,-1.473179790000000175e-09,7.542000000000000171e+01,6.307000000000000000e+07,6.970000000000000000e+07
6.788261445056313276e+07,-1.473131240000000208e-09,7.542499999999999716e+01,6.307000000000000000e+07,6.970000000000000000e+07
6.791635060943956673e+07,-1.472399490000000005e-09,7.543000000000000682e+01,6.307000000000000000e+07,6.970000000000000000e+07
6.790403896279431880e+07,-1.472666450000000153e-09,7.543500000000000227e+01,6.307000000000000000e+07,6.970000000000000000e+07
6.787893051504720747e+07,-1.473211190000000051e-09,7.543999999999999773e+01,6.307000000000000000e+07,6.970000000000000000e+07
6.791777732607927918e+07,-1.472368560000000155e-09,7.544500000000000739e+01,6.307000000000000000e+07,6.970000000000000000e+07
6.795274068998356164e+07,-1.471610990000000117e-09,7.545000000000000284e+01,6.307000000000000000e+07,6.970000000000000000e+07
6.794605648426339030e+07,-1.471755760000000026e-09,7.545499999999999829e+01,6.307000000000000000e+07,6.970000000000000000e+07
6.797374375481033325e+07,-1.471156280000000091e-09,7.546000000000000796e+01,6.307000000000000000e+07,6.970000000000000000e+07
6.800018150608447194e+07,-1.470584310000000074e-09,7.546500000000000341e+01,6.307000000000000000e+07,6.970000000000000000e+07
6.797102196858096123e+07,-1.471215189999999886e-09,7.546999999999999886e+01,6.307000000000000000e+07,6.970000000000000000e+07
6.794698444692167640e+07,-1.471735660000000030e-09,7.547500000000000853e+01,6.307000000000000000e+07,6.970000000000000000e+07
6.795659750748655200e+07,-1.471527470000000087e-09,7.548000000000000398e+01,6.307000000000000000e+07,6.970000000000000000e+07
6.793823075082840025e+07,-1.471925290000000011e-09,7.548499999999999943e+01,6.307000000000000000e+07,6.970000000000000000e+07
6.791330502598118782e+07,-1.472465520000000085e-09,7.548999999999999488e+01,6.307000000000000000e+07,6.970000000000000000e+07
6.794055894086375833e+07,-1.471874850000000104e-09,7.549500000000000455e+01,6.307000000000000000e+07,6.970000000000000000e+07
6.795641093679332733e+07,-1.471531510000000093e-09,7.550000000000000000e+01,6.307000000000000000e+07,6.970000000000000000e+07
6.794232180627979338e+07,-1.471836659999999966e-09,7.550499999999999545e+01,6.307000000000000000e+07,6.970000000000000000e+07
6.796952140627689660e+07,-1.471247670000000024e-09,7.551000000000000512e+01,6.307000000000000000e+07,6.970000000000000000e+07
6.798995007912704349e+07,-1.470805610000000101e-09,7.551500000000000057e+01,6.307000000000000000e+07,6.970000000000000000e+07
6.795681178796254098e+07,-1.471522830000000097e-09,7.551999999999999602e+01,6.307000000000000000e+07,6.970000000000000000e+07
6.794924167185385525e+07,-1.471686770000000203e-09,7.552500000000000568e+01,6.307000000000000000e+07,6.970000000000000000e+07
6.797916857234935462e+07,-1.471038880000000097e-09,7.553000000000000114e+01,6.307000000000000000e+07,6.970000000000000000e+07
6.796481225152191520e+07,-1.471349610000000218e-09,7.553499999999999659e+01,6.307000000000000000e+07,6.970000000000000000e+07
6.794679192721176147e+07,-1.471739829999999994e-09,7.554000000000000625e+01,6.307000000000000000e+07,6.970000000000000000e+07
6.797369385420468450e+07,-1.471157360000000146e-09,7.554500000000000171e+01,6.307000000000000000e+07,6.970000000000000000e+07
6.797000002671220899e+07,-1.471237310000000196e-09,7.554999999999999716e+01,6.307000000000000000e+07,6.970000000000000000e+07
6.792771711089208722e+07,-1.472153110000000131e-09,7.555500000000000682e+01,6.307000000000000000e+07,6.970000000000000000e+07
6.792611925976234674e+07,-1.472187740000000128e-09,7.556000000000000227e+01,6.307000000000000000e+07,6.970000000000000000e+07
6.793678148234103620e+07,-1.471956690000000095e-09,7.556499999999999773e+01,6.307000000000000000e+07,6.970000000000000000e+07
6.790605770044270158e+07,-1.472622670000000135e-09,7.557000000000000739e+01,6.307000000000000000e+07,6.970000000000000000e+07
6.789030016453824937e+07,-1.472964470000000110e-09,7.557500000000000284e+01,6.307000000000000000e+07,6.970000000000000000e+07
6.790563577527478337e+07,-1.472631819999999950e-09,7.557999999999999829e+01,6.307000000000000000e+07,6.970000000000000000e+07
6.788937974117363989e+07,-1.472984440000000148e-09,7.558500000000000796e+01,6.307000000000000000e+07,6.970000000000000000e+07
6.786119101954856515e+07,-1.473596300000000225e-09,7.559000000000000341e+01,6.307000000000000000e+07,6.970000000000000000e+07
6.788209420577925444e+07,-1.473142530000000250e-09,7.559499999999999886e+01,6.307000000000000000e+07,6.970000000000000000e+07
6.788166013696007431e+07,-1.473151950000000234e-09,7.560000000000000853e+01,6.307000000000000000e+07,6.970000000000000000e+07
6.784508928050777316e+07,-1.473946030000000164e-09,7.560500000000000398e+01,6.307000000000000000e+07,6.970000000000000000e+07
6.784300328492429852e+07,-1.473991350000000011e-09,7.560999999999999943e+01,6.307000000000000000e+07,6.970000000000000000e+07
6.784107481971658766e+07,-1.474033250000000132e-09,7.561499999999999488e+01,6.307000000000000000e+07,6.970000000000000000e+07
6.779421737833441794e+07,-1.475052060000000273e-09,7.562000000000000455e+01,6.307000000000000000e+07,6.970000000000000000e+07
6.777465347921013832e+07,-1.475477850000000097e-09,7.562500000000000000e+01,6.307000000000000000e+07,6.970000000000000000e+07
6.778833953248660266e+07,-1.475179960000000098e-09,7.562999999999999545e+01,6.307000000000000000e+07,6.970000000000000000e+07
6.775927503863769770e+07,-1.475812720000000013e-09,7.563500000000000512e+01,6.307000000000000000e+07,6.970000000000000000e+07
6.772445492819006741e+07,-1.476571500000000064e-09,7.564000000000000057e+01,6.307000000000000000e+07,6.970000000000000000e+07
6.773748797151558101e+07,-1.476287400000000078e-09,7.564499999999999602e+01,6.307000000000000000e+07,6.970000000000000000e+07
6.773471441706641018e+07,-1.476347850000000115e-09,7.565000000000000568e+01,6.307000000000000000e+07,6.970000000000000000e+07
6.771077264918404818e+07,-1.476869870000000133e-09,7.565500000000000114e+01,6.307000000000000000e+07,6.970000000000000000e+07
6.774687202360469103e+07,-1.476082910000000074e-09,7.565999999999999659e+01,6.307000000000000000e+07,6.970000000000000000e+07
6.779222688496404886e+07,-1.475095370000000058e-09,7.566500000000000625e+01,6.307000000000000000e+07,6.970000000000000000e+07
6.779073466608832777e+07,-1.475127840000000151e-09,7.567000000000000171e+01,6.307000000000000000e+07,6.970000000000000000e+07
6.779312307508629560e+07,-1.475075870000000046e-09,7.567499999999999716e+01,6.307000000000000000e+07,6.970000000000000000e+07
6.780203111425715685e+07,-1.474882070000000100e-09,7.568000000000000682e+01,6.307000000000000000e+07,6.970000000000000000e+07
6.775988017993284762e+07,-1.475799540000000030e-09,7.568500000000000227e+01,6.307000000000000000e+07,6.970000000000000000e+07
6.772244697345946729e+07,-1.476615280000000082e-09,7.568999999999999773e+01,6.307000000000000000e+07,6.970000000000000000e+07
6.773369956854379177e+07,-1.476369970000000011e-09,7.569500000000000739e+01,6.307000000000000000e+07,6.970000000000000000e+07
6.772136140659163892e+07,-1.476638950000000059e-09,7.570000000000000284e+01,6.307000000000000000e+07,6.970000000000000000e+07
6.768228584087866545e+07,-1.477491469999999965e-09,7.570499999999999829e+01,6.307000000000000000e+07,6.970000000000000000e+07
6.768125698821668327e+07,-1.477513930000000134e-09,7.571000000000000796e+01,6.307000000000000000e+07,6.970000000000000000e+07
6.768736597309273481e+07,-1.477380580000000019e-09,7.571500000000000341e+01,6.307000000000000000e+07,6.970000000000000000e+07
6.765642056183622777e+07,-1.478056320000000111e-09,7.571999999999999886e+01,6.307000000000000000e+07,6.970000000000000000e+07
6.765915429034140706e+07,-1.477996600000000016e-09,7.572500000000000853e+01,6.307000000000000000e+07,6.970000000000000000e+07
6.768809582657876611e+07,-1.477364649999999987e-09,7.573000000000000398e+01,6.307000000000000000e+07,6.970000000000000000e+07
6.766949886527046561e+07,-1.477770660000000206e-09,7.573499999999999943e+01,6.307000000000000000e+07,6.970000000000000000e+07
6.765062241955156624e+07,-1.478183000000000085e-09,7.573999999999999488e+01,6.307000000000000000e+07,6.970000000000000000e+07
6.767546970227421820e+07,-1.477640280000000086e-09,7.574500000000000455e+01,6.307000000000000000e+07,6.970000000000000000e+07
6.766803906021165848e+07,-1.477802540000000153e-09,7.575000000000000000e+01,6.307000000000000000e+07,6.970000000000000000e+07
6.761596917988394201e+07,-1.478940570000000122e-09,7.575499999999999545e+01,6.307000000000000000e+07,6.970000000000000000e+07
6.759326351206067204e+07,-1.479437370000000083e-09,7.576000000000000512e+01,6.307000000000000000e+07,6.970000000000000000e+07
6.757080640067978203e+07,-1.479929060000000027e-09,7.576500000000000057e+01,6.307000000000000000e+07,6.970000000000000000e+07
6.750631653228476644e+07,-1.481342860000000100e-09,7.576999999999999602e+01,6.307000000000000000e+07,6.970000000000000000e+07
6.746819876331061125e+07,-1.482179780000000203e-09,7.577500000000000568e+01,6.307000000000000000e+07,6.970000000000000000e+07
6.746224259713874757e+07,-1.482310639999999979e-09,7.578000000000000114e+01,6.307000000000000000e+07,6.970000000000000000e+07
6.742501241277621686e+07,-1.483129130000000080e-09,7.578499999999999659e+01,6.307000000000000000e+07,6.970000000000000000e+07
6.738447938407567143e+07,-1.484021260000000039e-09,7.579000000000000625e+01,6.307000000000000000e+07,6.970000000000000000e+07
6.737966162567301095e+07,-1.484127369999999991e-09,7.579500000000000171e+01,6.307000000000000000e+07,6.970000000000000000e+07
6.734907352122548223e+07,-1.484801419999999999e-09,7.579999999999999716e+01,6.307000000000000000e+07,6.970000000000000000e+07
6.729396938498547673e+07,-1.486017259999999998e-09,7.580500000000000682e+01,6.307000000000000000e+07,6.970000000000000000e+07
6.729187457612848282e+07,-1.486063520000000104e-09,7.581000000000000227e+01,6.307000000000000000e+07,6.970000000000000000e+07
6.728528578994512558e+07,-1.486209040000000252e-09,7.581499999999999773e+01,6.307000000000000000e+07,6.970000000000000000e+07
6.722190481159134209e+07,-1.487610330000000224e-09,7.582000000000000739e+01,6.307000000000000000e+07,6.970000000000000000e+07
6.719090714591556787e+07,-1.488296620000000163e-09,7.582500000000000284e+01,6.307000000000000000e+07,6.970000000000000000e+07
6.718606240722528100e+07,-1.488403940000000128e-09,7.582999999999999829e+01,6.307000000000000000e+07,6.970000000000000000e+07
6.713731626178187132e+07,-1.489484620000000221e-09,7.583500000000000796e+01,6.307000000000000000e+07,6.970000000000000000e+07
6.708951848376614600e+07,-1.490545800000000095e-09,7.584000000000000341e+01,6.307000000000000000e+07,6.970000000000000000e+07
6.708976964070114493e+07,-1.490540220000000054e-09,7.584499999999999886e+01,6.307000000000000000e+07,6.970000000000000000e+07
6.706208708615566045e+07,-1.491155500000000269e-09,7.585000000000000853e+01,6.307000000000000000e+07,6.970000000000000000e+07
6.700634056878519803e+07,-1.492396080000000049e-09,7.585500000000000398e+01,6.307000000000000000e+07,6.970000000000000000e+07
6.698385531674806029e+07,-1.492897050000000181e-09,7.585999999999999943e+01,6.307000000000000000e+07,6.970000000000000000e+07
6.696212095446923375e+07,-1.493381610000000003e-09,7.586499999999999488e+01,6.307000000000000000e+07,6.970000000000000000e+07
6.689868199963051081e+07,-1.494797759999999997e-09,7.587000000000000455e+01,6.307000000000000000e+07,6.970000000000000000e+07
6.686065170414429158e+07,-1.495648000000000086e-09,7.587500000000000000e+01,6.307000000000000000e+07,6.970000000000000000e+07
6.684563113799981028e+07,-1.495984080000000016e-09,7.587999999999999545e+01,6.307000000000000000e+07,6.970000000000000000e+07
6.679815794994904101e+07,-1.497047269999999952e-09,7.588500000000000512e+01,6.307000000000000000e+07,6.970000000000000000e+07
6.675139287461455166e+07,-1.498096080000000143e-09,7.589000000000000057e+01,6.307000000000000000e+07,6.970000000000000000e+07
6.674127005833787471e+07,-1.498323300000000072e-09,7.589499999999999602e+01,6.307000000000000000e+07,6.970000000000000000e+07
6.670740443383837491e+07,-1.499083960000000226e-09,7.590000000000000568e+01,6.307000000000000000e+07,6.970000000000000000e+07
6.663891910926848650e+07,-1.500624580000000069e-09,7.590500000000000114e+01,6.307000000000000000e+07,6.970000000000000000e+07
6.660550017163904011e+07,-1.501377510000000116e-09,7.590999999999999659e+01,6.307000000000000000e+07,6.970000000000000000e+07
6.658529854404186457e+07,-1.501833020000000191e-09,7.591500000000000625e+01,6.307000000000000000e+07,6.970000000000000000e+07
6.654667989730010927e+07,-1.502704570000000083e-09,7.592000000000000171e+01,6.307000000000000000e+07,6.970000000000000000e+07
6.654957756524296850e+07,-1.502639140000000195e-09,7.592499999999999716e+01,6.307000000000000000e+07,6.970000000000000000e+07
6.658636883276385814e+07,-1.501808880000000188e-09,7.593000000000000682e+01,6.307000000000000000e+07,6.970000000000000000e+07
6.659025656693133712e+07,-1.501721200000000032e-09,7.593500000000000227e+01,6.307000000000000000e+07,6.970000000000000000e+07
6.659914667578951269e+07,-1.501520739999999989e-09,7.593999999999999773e+01,6.307000000000000000e+07,6.970000000000000000e+07
6.665711825666679442e+07,-1.500214870000000118e-09,7.594500000000000739e+01,6.307000000000000000e+07,6.970000000000000000e+07
6.669201274380323291e+07,-1.499429930000000165e-09,7.595000000000000284e+01,6.307000000000000000e+07,6.970000000000000000e+07
6.670476220105810463e+07,-1.499143340000000046e-09,7.595499999999999829e+01,6.307000000000000000e+07,6.970000000000000000e+07
6.674909779750070721e+07,-1.498147590000000267e-09,7.596000000000000796e+01,6.307000000000000000e+07,6.970000000000000000e+07
6.677777018514530361e+07,-1.497504330000000107e-09,7.596500000000000341e+01,6.307000000000000000e+07,6.970000000000000000e+07
6.675846489657665789e+07,-1.497937380000000012e-09,7.596999999999999886e+01,6.307000000000000000e+07,6.970000000000000000e+07
6.677232229282586277e+07,-1.497626510000000094e-09,7.597500000000000853e+01,6.307000000000000000e+07,6.970000000000000000e+07
6.681182426312153041e+07,-1.496741050000000069e-09,7.598000000000000398e+01,6.307000000000000000e+07,6.970000000000000000e+07
6.680411390422080457e+07,-1.496913800000000129e-09,7.598499999999999943e+01,6.307000000000000000e+07,6.970000000000000000e+07
6.679610861902251840e+07,-1.497093200000000035e-09,7.598999999999999488e+01,6.307000000000000000e+07,6.970000000000000000e+07
6.681714064919908345e+07,-1.496621959999999992e-09,7.599500000000000455e+01,6.307000000000000000e+07,6.970000000000000000e+07
6.680424600305519998e+07,-1.496910839999999972e-09,7.600000000000000000e+01,6.307000000000000000e+07,6.970000000000000000e+07
6.675630703575427830e+07,-1.497985800000000020e-09,7.600499999999999545e+01,6.307000000000000000e+07,6.970000000000000000e+07
6.676349688182423264e+07,-1.497824480000000005e-09,7.601000000000000512e+01,6.307000000000000000e+07,6.970000000000000000e+07
6.675741001409882307e+07,-1.497961050000000195e-09,7.601500000000000057e+01,6.307000000000000000e+07,6.970000000000000000e+07
6.671086661845339090e+07,-1.499006160000000034e-09,7.601999999999999602e+01,6.307000000000000000e+07,6.970000000000000000e+07
6.669975997491075099e+07,-1.499255770000000028e-09,7.602500000000000568e+01,6.307000000000000000e+07,6.970000000000000000e+07
6.670763182336939126e+07,-1.499078850000000210e-09,7.603000000000000114e+01,6.307000000000000000e+07,6.970000000000000000e+07
6.665659574380438030e+07,-1.500226630000000186e-09,7.603499999999999659e+01,6.307000000000000000e+07,6.970000000000000000e+07
6.659402279887658358e+07,-1.501636270000000131e-09,7.604000000000000625e+01,6.307000000000000000e+07,6.970000000000000000e+07
6.657458203628572822e+07,-1.502074769999999912e-09,7.604500000000000171e+01,6.307000000000000000e+07,6.970000000000000000e+07
6.653173719881306589e+07,-1.503042070000000135e-09,7.604999999999999716e+01,6.307000000000000000e+07,6.970000000000000000e+07
6.646252436457988620e+07,-1.504607310000000050e-09,7.605500000000000682e+01,6.307000000000000000e+07,6.970000000000000000e+07
6.644274487151374668e+07,-1.505055220000000184e-09,7.606000000000000227e+01,6.307000000000000000e+07,6.970000000000000000e+07
6.641852704960932583e+07,-1.505604000000000088e-09,7.606499999999999773e+01,6.307000000000000000e+07,6.970000000000000000e+07
6.635433107956645638e+07,-1.507060630000000082e-09,7.607000000000000739e+01,6.307000000000000000e+07,6.970000000000000000e+07
6.632789077393564582e+07,-1.507661390000000136e-09,7.607500000000000284e+01,6.307000000000000000e+07,6.970000000000000000e+07
6.633215097600860894e+07,-1.507564560000000164e-09,7.607999999999999829e+01,6.307000000000000000e+07,6.970000000000000000e+07
6.631031987043971568e+07,-1.508060890000000099e-09,7.608500000000000796e+01,6.307000000000000000e+07,6.970000000000000000e+07
6.629912772823313624e+07,-1.508315470000000105e-09,7.609000000000000341e+01,6.307000000000000000e+07,6.970000000000000000e+07
6.632822512919230014e+07,-1.507653789999999988e-09,7.609499999999999886e+01,6.307000000000000000e+07,6.970000000000000000e+07
6.631512224582687020e+07,-1.507951679999999986e-09,7.610000000000000853e+01,6.307000000000000000e+07,6.970000000000000000e+07
6.627274632252696157e+07,-1.508915890000000093e-09,7.610500000000000398e+01,6.307000000000000000e+07,6.970000000000000000e+07
6.627738643742644042e+07,-1.508810250000000166e-09,7.610999999999999943e+01,6.307000000000000000e+07,6.970000000000000000e+07
6.627999448126253486e+07,-1.508750880000000183e-09,7.611499999999999488e+01,6.307000000000000000e+07,6.970000000000000000e+07
6.623820045116825402e+07,-1.509702850000000152e-09,7.612000000000000455e+01,6.307000000000000000e+07,6.970000000000000000e+07
6.622450200217530131e+07,-1.510015130000000146e-09,7.612500000000000000e+01,6.307000000000000000e+07,6.970000000000000000e+07
6.623200544299919158e+07,-1.509844060000000125e-09,7.612999999999999545e+01,6.307000000000000000e+07,6.970000000000000000e+07
6.620043728831251711e+07,-1.510564040000000009e-09,7.613500000000000512e+01,6.307000000000000000e+07,6.970000000000000000e+07
6.619195123082940280e+07,-1.510757700000000159e-09,7.614000000000000057e+01,6.307000000000000000e+07,6.970000000000000000e+07
6.622482040441285819e+07,-1.510007870000000065e-09,7.614499999999999602e+01,6.307000000000000000e+07,6.970000000000000000e+07
6.622694404144429415e+07,-1.509959450000000057e-09,7.615000000000000568e+01,6.307000000000000000e+07,6.970000000000000000e+07
6.623160450300731510e+07,-1.509853200000000102e-09,7.615500000000000114e+01,6.307000000000000000e+07,6.970000000000000000e+07
6.630411752017614245e+07,-1.508201960000000070e-09,7.615999999999999659e+01,6.307000000000000000e+07,6.970000000000000000e+07
6.637279007647141069e+07,-1.506641500000000147e-09,7.616500000000000625e+01,6.307000000000000000e+07,6.970000000000000000e+07
6.638832828924774379e+07,-1.506288869999999905e-09,7.617000000000000171e+01,6.307000000000000000e+07,6.970000000000000000e+07
6.642579566063526273e+07,-1.505439250000000096e-09,7.617499999999999716e+01,6.307000000000000000e+07,6.970000000000000000e+07
6.647891911925404519e+07,-1.504236250000000012e-09,7.618000000000000682e+01,6.307000000000000000e+07,6.970000000000000000e+07
6.646762802519266307e+07,-1.504491780000000115e-09,7.618500000000000227e+01,6.307000000000000000e+07,6.970000000000000000e+07
6.645540537601236254e+07,-1.504768490000000062e-09,7.618999999999999773e+01,6.307000000000000000e+07,6.970000000000000000e+07
6.648874234888277948e+07,-1.504014009999999934e-09,7.619500000000000739e+01,6.307000000000000000e+07,6.970000000000000000e+07
6.649799450360825658e+07,-1.503804750000000188e-09,7.620000000000000284e+01,6.307000000000000000e+07,6.970000000000000000e+07
6.649516986068125069e+07,-1.503868629999999996e-09,7.620499999999999829e+01,6.307000000000000000e+07,6.970000000000000000e+07
6.654095394761794806e+07,-1.502833880000000192e-09,7.621000000000000796e+01,6.307000000000000000e+07,6.970000000000000000e+07
6.657357506136303395e+07,-1.502097489999999999e-09,7.621500000000000341e+01,6.307000000000000000e+07,6.970000000000000000e+07
6.656841922431241721e+07,-1.502213830000000234e-09,7.621999999999999886e+01,6.307000000000000000e+07,6.970000000000000000e+07
6.659798017383457720e+07,-1.501547040000000101e-09,7.622500000000000853e+01,6.307000000000000000e+07,6.970000000000000000e+07
6.665549609426122159e+07,-1.500251380000000010e-09,7.623000000000000398e+01,6.307000000000000000e+07,6.970000000000000000e+07
6.666524891903965920e+07,-1.500031900000000026e-09,7.623499999999999943e+01,6.307000000000000000e+07,6.970000000000000000e+07
6.668202487063486874e+07,-1.499654520000000165e-09,7.623999999999999488e+01,6.307000000000000000e+07,6.970000000000000000e+07
6.673870041557321697e+07,-1.498380990000000015e-09,7.624500000000000455e+01,6.307000000000000000e+07,6.970000000000000000e+07
6.675876126795262098e+07,-1.497930730000000167e-09,7.625000000000000000e+01,6.307000000000000000e+07,6.970000000000000000e+07
6.675366716610870510e+07,-1.498045040000000044e-09,7.625499999999999545e+01,6.307000000000000000e+07,6.970000000000000000e+07
6.679694252492482960e+07,-1.497074510000000115e-09,7.626000000000000512e+01,6.307000000000000000e+07,6.970000000000000000e+07
6.682820558729775995e+07,-1.496374160000000203e-09,7.626500000000000057e+01,6.307000000000000000e+07,6.970000000000000000e+07
6.681246080989836901e+07,-1.496726790000000238e-09,7.626999999999999602e+01,6.307000000000000000e+07,6.970000000000000000e+07
6.682650586748081446e+07,-1.496412220000000176e-09,7.627500000000000568e+01,6.307000000000000000e+07,6.970000000000000000e+07
6.684501495981407166e+07,-1.495997870000000235e-09,7.628000000000000114e+01,6.307000000000000000e+07,6.970000000000000000e+07
6.680276081381046772e+07,-1.496944120000000158e-09,7.628499999999999659e+01,6.307000000000000000e+07,6.970000000000000000e+07
6.677450169978834689e+07,-1.497577630000000105e-09,7.629000000000000625e+01,6.307000000000000000e+07,6.970000000000000000e+07
6.678579248472166061e+07,-1.497324450000000132e-09,7.629500000000000171e+01,6.307000000000000000e+07,6.970000000000000000e+07
6.677183943610807508e+07,-1.497637340000000155e-09,7.629999999999999716e+01,6.307000000000000000e+07,6.970000000000000000e+07
6.676000828491703421e+07,-1.497902750000000016e-09,7.630500000000000682e+01,6.307000000000000000e+07,6.970000000000000000e+07
6.679008450167948753e+07,-1.497228229999999982e-09,7.631000000000000227e+01,6.307000000000000000e+07,6.970000000000000000e+07
6.678978740603619069e+07,-1.497234890000000286e-09,7.631499999999999773e+01,6.307000000000000000e+07,6.970000000000000000e+07
6.674550868637730181e+07,-1.498228150000000139e-09,7.632000000000000739e+01,6.307000000000000000e+07,6.970000000000000000e+07
6.673869417989800125e+07,-1.498381130000000226e-09,7.632500000000000284e+01,6.307000000000000000e+07,6.970000000000000000e+07
6.676641346283302456e+07,-1.497759050000000117e-09,7.632999999999999829e+01,6.307000000000000000e+07,6.970000000000000000e+07
6.676184234911956638e+07,-1.497861600000000133e-09,7.633500000000000796e+01,6.307000000000000000e+07,6.970000000000000000e+07
6.676681198841641843e+07,-1.497750109999999997e-09,7.634000000000000341e+01,6.307000000000000000e+07,6.970000000000000000e+07
6.680238238672353327e+07,-1.496952600000000090e-09,7.634499999999999886e+01,6.307000000000000000e+07,6.970000000000000000e+07
6.680102936645396054e+07,-1.496982920000000119e-09,7.635000000000000853e+01,6.307000000000000000e+07,6.970000000000000000e+07
6.677371606246747077e+07,-1.497595250000000221e-09,7.635500000000000398e+01,6.307000000000000000e+07,6.970000000000000000e+07
6.678962280012848228e+07,-1.497238580000000180e-09,7.635999999999999943e+01,6.307000000000000000e+07,6.970000000000000000e+07
6.678686922865860909e+07,-1.497300310000000129e-09,7.636499999999999488e+01,6.307000000000000000e+07,6.970000000000000000e+07
6.673759226530525833e+07,-1.498405870000000212e-09,7.637000000000000455e+01,6.307000000000000000e+07,6.970000000000000000e+07
6.672442288228408992e+07,-1.498701609999999939e-09,7.637500000000000000e+01,6.307000000000000000e+07,6.970000000000000000e+07
6.673006378620029241e+07,-1.498574920000000127e-09,7.637999999999999545e+01,6.307000000000000000e+07,6.970000000000000000e+07
6.669128286378023773e+07,-1.499446340000000061e-09,7.638500000000000512e+01,6.307000000000000000e+07,6.970000000000000000e+07
6.667320241845574975e+07,-1.499852959999999895e-09,7.639000000000000057e+01,6.307000000000000000e+07,6.970000000000000000e+07
6.670524408812934160e+07,-1.499132509999999986e-09,7.639499999999999602e+01,6.307000000000000000e+07,6.970000000000000000e+07
6.670854762703788280e+07,-1.499058269999999936e-09,7.640000000000000568e+01,6.307000000000000000e+07,6.970000000000000000e+07
6.669694530124822259e+07,-1.499319040000000220e-09,7.640500000000000114e+01,6.307000000000000000e+07,6.970000000000000000e+07
6.673235755456099659e+07,-1.498523410000000003e-09,7.640999999999999659e+01,6.307000000000000000e+07,6.970000000000000000e+07
6.676168946944438666e+07,-1.497865030000000110e-09,7.641500000000000625e+01,6.307000000000000000e+07,6.970000000000000000e+07
6.675341851932879537e+07,-1.498050620000000293e-09,7.642000000000000171e+01,6.307000000000000000e+07,6.970000000000000000e+07
6.677197720337926596e+07,-1.497634250000000039e-09,7.642499999999999716e+01,6.307000000000000000e+07,6.970000000000000000e+07
6.679020137786716223e+07,-1.497225610000000098e-09,7.643000000000000682e+01,6.307000000000000000e+07,6.970000000000000000e+07
6.675758961361921579e+07,-1.497957020000000234e-09,7.643500000000000227e+01,6.307000000000000000e+07,6.970000000000000000e+07
6.673676563054967672e+07,-1.498424430000000173e-09,7.643999999999999773e+01,6.307000000000000000e+07,6.970000000000000000e+07
6.675166244848448783e+07,-1.498090030000000075e-09,7.644500000000000739e+01,6.307000000000000000e+07,6.970000000000000000e+07
6.673399548449759185e+07,-1.498486629999999942e-09,7.645000000000000284e+01,6.307000000000000000e+07,6.970000000000000000e+07
6.670242272270858288e+07,-1.499195920000000181e-09,7.645499999999999829e+01,6.307000000000000000e+07,6.970000000000000000e+07
6.671068103980311006e+07,-1.499010329999999998e-09,7.646000000000000796e+01,6.307000000000000000e+07,6.970000000000000000e+07
6.670598005836732686e+07,-1.499115970000000131e-09,7.646500000000000341e+01,6.307000000000000000e+07,6.970000000000000000e+07
6.665544811038003862e+07,-1.500252460000000065e-09,7.646999999999999886e+01,6.307000000000000000e+07,6.970000000000000000e+07
6.664700357904405892e+07,-1.500442550000000235e-09,7.647500000000000853e+01,6.307000000000000000e+07,6.970000000000000000e+07
6.665997800447369367e+07,-1.500150510000000240e-09,7.648000000000000398e+01,6.307000000000000000e+07,6.970000000000000000e+07
6.664580875005485862e+07,-1.500469450000000124e-09,7.648499999999999943e+01,6.307000000000000000e+07,6.970000000000000000e+07
6.665882136778381467e+07,-1.500176540000000183e-09,7.648999999999999488e+01,6.307000000000000000e+07,6.970000000000000000e+07
6.671816330340627581e+07,-1.498842220000000135e-09,7.649500000000000455e+01,6.307000000000000000e+07,6.970000000000000000e+07
6.674282779737061262e+07,-1.498288330000000215e-09,7.650000000000000000e+01,6.307000000000000000e+07,6.970000000000000000e+07
6.674246252175462246e+07,-1.498296530000000141e-09,7.650499999999999545e+01,6.307000000000000000e+07,6.970000000000000000e+07
6.678279928330837190e+07,-1.497391560000000059e-09,7.651000000000000512e+01,6.307000000000000000e+07,6.970000000000000000e+07
6.680263764603322744e+07,-1.496946880000000252e-09,7.651500000000000057e+01,6.307000000000000000e+07,6.970000000000000000e+07
6.677240611353994161e+07,-1.497624630000000198e-09,7.651999999999999602e+01,6.307000000000000000e+07,6.970000000000000000e+07
6.676586783820646256e+07,-1.497771290000000048e-09,7.652500000000000568e+01,6.307000000000000000e+07,6.970000000000000000e+07
6.677840563725136220e+07,-1.497490080000000114e-09,7.653000000000000114e+01,6.307000000000000000e+07,6.970000000000000000e+07
6.675180637063219398e+07,-1.498086800000000163e-09,7.653499999999999659e+01,6.307000000000000000e+07,6.970000000000000000e+07
6.674572163428474218e+07,-1.498223370000000146e-09,7.654000000000000625e+01,6.307000000000000000e+07,6.970000000000000000e+07
6.677485261187432706e+07,-1.497569759999999995e-09,7.654500000000000171e+01,6.307000000000000000e+07,6.970000000000000000e+07
6.677139849549215287e+07,-1.497647230000000165e-09,7.654999999999999716e+01,6.307000000000000000e+07,6.970000000000000000e+07
6.675785032431998104e+07,-1.497951170000000230e-09,7.655500000000000682e+01,6.307000000000000000e+07,6.970000000000000000e+07
6.679750962852702290e+07,-1.497061800000000158e-09,7.656000000000000227e+01,6.307000000000000000e+07,6.970000000000000000e+07
6.681982170720889419e+07,-1.496561910000000081e-09,7.656499999999999773e+01,6.307000000000000000e+07,6.970000000000000000e+07
6.680731030708928406e+07,-1.496842180000000171e-09,7.657000000000000739e+01,6.307000000000000000e+07,6.970000000000000000e+07
6.683566018788065016e+07,-1.496207260000000146e-09,7.657500000000000284e+01,6.307000000000000000e+07,6.970000000000000000e+07
6.686624636416457593e+07,-1.495522859999999941e-09,7.657999999999999829e+01,6.307000000000000000e+07,6.970000000000000000e+07
6.683273755400828272e+07,-1.496272690000000241e-09,7.658500000000000796e+01,6.307000000000000000e+07,6.970000000000000000e+07
6.681828760671707243e+07,-1.496596270000000116e-09,7.659000000000000341e+01,6.307000000000000000e+07,6.970000000000000000e+07
6.683605328667428344e+07,-1.496198460000000029e-09,7.659499999999999886e+01,6.307000000000000000e+07,6.970000000000000000e+07
6.681761791089545935e+07,-1.496611270000000141e-09,7.660000000000000853e+01,6.307000000000000000e+07,6.970000000000000000e+07
6.678185423491284996e+07,-1.497412750000000155e-09,7.660500000000000398e+01,6.307000000000000000e+07,6.970000000000000000e+07
6.680015296700628102e+07,-1.497002560000000134e-09,7.660999999999999943e+01,6.307000000000000000e+07,6.970000000000000000e+07
6.681777729728371650e+07,-1.496607700000000161e-09,7.661499999999999488e+01,6.307000000000000000e+07,6.970000000000000000e+07
6.680929114139532298e+07,-1.496797799999999962e-09,7.662000000000000455e+01,6.307000000000000000e+07,6.970000000000000000e+07
6.683890741191817075e+07,-1.496134569999999970e-09,7.662500000000000000e+01,6.307000000000000000e+07,6.970000000000000000e+07
6.687890329941250384e+07,-1.495239830000000171e-09,7.662999999999999545e+01,6.307000000000000000e+07,6.970000000000000000e+07
6.687929153963921219e+07,-1.495231149999999969e-09,7.663500000000000512e+01,6.307000000000000000e+07,6.970000000000000000e+07
6.690385868674015254e+07,-1.494682099999999896e-09,7.664000000000000057e+01,6.307000000000000000e+07,6.970000000000000000e+07
6.697341158908583224e+07,-1.493129850000000151e-09,7.664499999999999602e+01,6.307000000000000000e+07,6.970000000000000000e+07
6.700954108649805933e+07,-1.492324800000000157e-09,7.665000000000000568e+01,6.307000000000000000e+07,6.970000000000000000e+07
6.701999608603223413e+07,-1.492091999999999980e-09,7.665500000000000114e+01,6.307000000000000000e+07,6.970000000000000000e+07
6.706045999398279935e+07,-1.491191680000000139e-09,7.665999999999999659e+01,6.307000000000000000e+07,6.970000000000000000e+07
6.706620643779112399e+07,-1.491063910000000066e-09,7.666500000000000625e+01,6.307000000000000000e+07,6.970000000000000000e+07
6.701159724815803766e+07,-1.492279010000000077e-09,7.667000000000000171e+01,6.307000000000000000e+07,6.970000000000000000e+07
6.697802697414118052e+07,-1.493026960000000068e-09,7.667499999999999716e+01,6.307000000000000000e+07,6.970000000000000000e+07
6.695031865238489211e+07,-1.493644870000000005e-09,7.668000000000000682e+01,6.307000000000000000e+07,6.970000000000000000e+07
6.688392080178625137e+07,-1.495127660000000108e-09,7.668500000000000227e+01,6.307000000000000000e+07,6.970000000000000000e+07
6.684834755129723996e+07,-1.495923289999999911e-09,7.668999999999999773e+01,6.307000000000000000e+07,6.970000000000000000e+07
6.685382886318327487e+07,-1.495800639999999898e-09,7.669500000000000739e+01,6.307000000000000000e+07,6.970000000000000000e+07
6.680392780641146004e+07,-1.496917970000000094e-09,7.670000000000000284e+01,6.307000000000000000e+07,6.970000000000000000e+07
6.673368686349242926e+07,-1.498493560000000000e-09,7.670499999999999829e+01,6.307000000000000000e+07,6.970000000000000000e+07
6.672394071807397157e+07,-1.498712440000000207e-09,7.671000000000000796e+01,6.307000000000000000e+07,6.970000000000000000e+07
6.669680739857546240e+07,-1.499322140000000174e-09,7.671500000000000341e+01,6.307000000000000000e+07,6.970000000000000000e+07
6.662791675865206122e+07,-1.500872380000000064e-09,7.671999999999999886e+01,6.307000000000000000e+07,6.970000000000000000e+07
6.661233498176213354e+07,-1.501223460000000226e-09,7.672500000000000853e+01,6.307000000000000000e+07,6.970000000000000000e+07
6.662016534711994231e+07,-1.501047010000000021e-09,7.673000000000000398e+01,6.307000000000000000e+07,6.970000000000000000e+07
6.659384407837216556e+07,-1.501640300000000092e-09,7.673499999999999943e+01,6.307000000000000000e+07,6.970000000000000000e+07
6.660056604886693507e+07,-1.501488740000000128e-09,7.673999999999999488e+01,6.307000000000000000e+07,6.970000000000000000e+07
6.665241016048273444e+07,-1.500320840000000273e-09,7.674500000000000455e+01,6.307000000000000000e+07,6.970000000000000000e+07
6.667725323642053455e+07,-1.499761839999999924e-09,7.675000000000000000e+01,6.307000000000000000e+07,6.970000000000000000e+07
6.669829410842228681e+07,-1.499288720000000191e-09,7.675499999999999545e+01,6.307000000000000000e+07,6.970000000000000000e+07
6.676800536472911388e+07,-1.497723340000000066e-09,7.676000000000000512e+01,6.307000000000000000e+07,6.970000000000000000e+07
6.680685416945584863e+07,-1.496852400000000202e-09,7.676500000000000057e+01,6.307000000000000000e+07,6.970000000000000000e+07
6.680997540009938926e+07,-1.496782470000000121e-09,7.676999999999999602e+01,6.307000000000000000e+07,6.970000000000000000e+07
6.685574317676469684e+07,-1.495757809999999977e-09,7.677500000000000568e+01,6.307000000000000000e+07,6.970000000000000000e+07
6.689045805876640230e+07,-1.494981539999999975e-09,7.678000000000000114e+01,6.307000000000000000e+07,6.970000000000000000e+07
6.684608780530429631e+07,-1.495973860000000191e-09,7.678499999999999659e+01,6.307000000000000000e+07,6.970000000000000000e+07
6.680100839328617603e+07,-1.496983390000000144e-09,7.679000000000000625e+01,6.307000000000000000e+07,6.970000000000000000e+07
6.678466136112842709e+07,-1.497349810000000192e-09,7.679500000000000171e+01,6.307000000000000000e+07,6.970000000000000000e+07
6.674202820534129441e+07,-1.498306280000000147e-09,7.679999999999999716e+01,6.307000000000000000e+07,6.970000000000000000e+07
6.667970743931626529e+07,-1.499706640000000112e-09,7.680500000000000682e+01,6.307000000000000000e+07,6.970000000000000000e+07
6.664731983834852278e+07,-1.500435430000000157e-09,7.681000000000000227e+01,6.307000000000000000e+07,6.970000000000000000e+07
6.659315803115118295e+07,-1.501655769999999937e-09,7.681499999999999773e+01,6.307000000000000000e+07,6.970000000000000000e+07
6.651531063388385624e+07,-1.503413260000000131e-09,7.682000000000000739e+01,6.307000000000000000e+07,6.970000000000000000e+07
6.647386719174109399e+07,-1.504350569999999934e-09,7.682500000000000284e+01,6.307000000000000000e+07,6.970000000000000000e+07
6.643246344562003016e+07,-1.505288150000000113e-09,7.682999999999999829e+01,6.307000000000000000e+07,6.970000000000000000e+07
6.634354397406332940e+07,-1.507305670000000190e-09,7.683500000000000796e+01,6.307000000000000000e+07,6.970000000000000000e+07
6.627405738341909647e+07,-1.508886040000000090e-09,7.684000000000000341e+01,6.307000000000000000e+07,6.970000000000000000e+07
6.624245528243437409e+07,-1.509605880000000177e-09,7.684499999999999886e+01,6.307000000000000000e+07,6.970000000000000000e+07
6.617502067406907678e+07,-1.511144220000000203e-09,7.685000000000000853e+01,6.307000000000000000e+07,6.970000000000000000e+07
6.610109424676831812e+07,-1.512834259999999990e-09,7.685500000000000398e+01,6.307000000000000000e+07,6.970000000000000000e+07
6.606304073589787632e+07,-1.513705680000000130e-09,7.685999999999999943e+01,6.307000000000000000e+07,6.970000000000000000e+07
6.599947402379171550e+07,-1.515163590000000036e-09,7.686499999999999488e+01,6.307000000000000000e+07,6.970000000000000000e+07
6.591252412769141048e+07,-1.517162350000000088e-09,7.687000000000000455e+01,6.307000000000000000e+07,6.970000000000000000e+07
6.589058582259015739e+07,-1.517667490000000185e-09,7.687500000000000000e+01,6.307000000000000000e+07,6.970000000000000000e+07
6.588195721538735181e+07,-1.517866259999999937e-09,7.687999999999999545e+01,6.307000000000000000e+07,6.970000000000000000e+07
6.582799995426271111e+07,-1.519110409999999903e-09,7.688500000000000512e+01,6.307000000000000000e+07,6.970000000000000000e+07
6.579105829647646099e+07,-1.519963390000000204e-09,7.689000000000000057e+01,6.307000000000000000e+07,6.970000000000000000e+07
6.578773160776498914e+07,-1.520040250000000137e-09,7.689499999999999602e+01,6.307000000000000000e+07,6.970000000000000000e+07
6.575669267508253455e+07,-1.520757750000000140e-09,7.690000000000000568e+01,6.307000000000000000e+07,6.970000000000000000e+07
6.572640401063568890e+07,-1.521458560000000034e-09,7.690500000000000114e+01,6.307000000000000000e+07,6.970000000000000000e+07
6.574099272961815447e+07,-1.521120930000000023e-09,7.690999999999999659e+01,6.307000000000000000e+07,6.970000000000000000e+07
6.573883359022206813e+07,-1.521170890000000067e-09,7.691500000000000625e+01,6.307000000000000000e+07,6.970000000000000000e+07
6.572039722301878780e+07,-1.521597620000000149e-09,7.692000000000000171e+01,6.307000000000000000e+07,6.970000000000000000e+07
6.575086667861140519e+07,-1.520892500000000081e-09,7.692499999999999716e+01,6.307000000000000000e+07,6.970000000000000000e+07
6.578305204653772712e+07,-1.520148379999999988e-09,7.693000000000000682e+01,6.307000000000000000e+07,6.970000000000000000e+07
6.577216478708126396e+07,-1.520400010000000088e-09,7.693500000000000227e+01,6.307000000000000000e+07,6.970000000000000000e+07
6.577521647330824286e+07,-1.520329470000000184e-09,7.693999999999999773e+01,6.307000000000000000e+07,6.970000000000000000e+07
6.580430995856763422e+07,-1.519657300000000073e-09,7.694500000000000739e+01,6.307000000000000000e+07,6.970000000000000000e+07
6.578846781316317618e+07,-1.520023240000000050e-09,7.695000000000000284e+01,6.307000000000000000e+07,6.970000000000000000e+07
6.575705329387567937e+07,-1.520749410000000211e-09,7.695499999999999829e+01,6.307000000000000000e+07,6.970000000000000000e+07
6.576566089027356356e+07,-1.520550370000000084e-09,7.696000000000000796e+01,6.307000000000000000e+07,6.970000000000000000e+07
6.574831999399638921e+07,-1.520951410000000083e-09,7.696500000000000341e+01,6.307000000000000000e+07,6.970000000000000000e+07
6.569553641466465592e+07,-1.522173430000000108e-09,7.696999999999999886e+01,6.307000000000000000e+07,6.970000000000000000e+07
6.568374963934694976e+07,-1.522446580000000120e-09,7.697500000000000853e+01,6.307000000000000000e+07,6.970000000000000000e+07
6.568256882162088901e+07,-1.522473950000000035e-09,7.698000000000000398e+01,6.307000000000000000e+07,6.970000000000000000e+07
6.565012826360983402e+07,-1.523226270000000260e-09,7.698499999999999943e+01,6.307000000000000000e+07,6.970000000000000000e+07
6.564198262707472593e+07,-1.523415290000000006e-09,7.698999999999999488e+01,6.307000000000000000e+07,6.970000000000000000e+07
6.568112704768055677e+07,-1.522507370000000225e-09,7.699500000000000455e+01,6.307000000000000000e+07,6.970000000000000000e+07
6.568669172977422178e+07,-1.522378390000000138e-09,7.700000000000000000e+01,6.307000000000000000e+07,6.970000000000000000e+07
6.570780018544449657e+07,-1.521889330000000122e-09,7.700499999999999545e+01,6.307000000000000000e+07,6.970000000000000000e+07
6.579223695816276968e+07,-1.519936160000000085e-09,7.701000000000000512e+01,6.307000000000000000e+07,6.970000000000000000e+07
6.584635713918385655e+07,-1.518686900000000103e-09,7.701500000000000057e+01,6.307000000000000000e+07,6.970000000000000000e+07
6.585134015181816369e+07,-1.518571979999999989e-09,7.701999999999999602e+01,6.307000000000000000e+07,6.970000000000000000e+07
6.588895386711098999e+07,-1.517705080000000132e-09,7.702500000000000568e+01,6.307000000000000000e+07,6.970000000000000000e+07
6.592692090478317440e+07,-1.516831040000000107e-09,7.703000000000000114e+01,6.307000000000000000e+07,6.970000000000000000e+07
6.591997745853187144e+07,-1.516990810000000042e-09,7.703499999999999659e+01,6.307000000000000000e+07,6.970000000000000000e+07
6.593635385308709741e+07,-1.516614040000000210e-09,7.704000000000000625e+01,6.307000000000000000e+07,6.970000000000000000e+07
6.597203958504457027e+07,-1.515793670000000213e-09,7.704500000000000171e+01,6.307000000000000000e+07,6.970000000000000000e+07
6.596641818524219841e+07,-1.515922840000000112e-09,7.704999999999999716e+01,6.307000000000000000e+07,6.970000000000000000e+07
6.596145864056256413e+07,-1.516036820000000174e-09,7.705500000000000682e+01,6.307000000000000000e+07,6.970000000000000000e+07
6.600474381374169141e+07,-1.515042620000000062e-09,7.706000000000000227e+01,6.307000000000000000e+07,6.970000000000000000e+07
6.602758174133735150e+07,-1.514518590000000189e-09,7.706499999999999773e+01,6.307000000000000000e+07,6.970000000000000000e+07
6.603027916175775230e+07,-1.514456720000000237e-09,7.707000000000000739e+01,6.307000000000000000e+07,6.970000000000000000e+07
6.607341112772709876e+07,-1.513468100000000166e-09,7.707500000000000284e+01,6.307000000000000000e+07,6.970000000000000000e+07
6.611835114769986272e+07,-1.512439410000000061e-09,7.707999999999999829e+01,6.307000000000000000e+07,6.970000000000000000e+07
6.612371383177498728e+07,-1.512316750000000210e-09,7.708500000000000796e+01,6.307000000000000000e+07,6.970000000000000000e+07
6.614891426380349696e+07,-1.511740610000000022e-09,7.709000000000000341e+01,6.307000000000000000e+07,6.970000000000000000e+07
6.619883727700218558e+07,-1.510600550000000108e-09,7.709499999999999886e+01,6.307000000000000000e+07,6.970000000000000000e+07
6.620310151600137353e+07,-1.510503250000000111e-09,7.710000000000000853e+01,6.307000000000000000e+07,6.970000000000000000e+07
6.620452509650352597e+07,-1.510470769999999973e-09,7.710500000000000398e+01,6.307000000000000000e+07,6.970000000000000000e+07
6.624516414442069083e+07,-1.509544150000000021e-09,7.710999999999999943e+01,6.307000000000000000e+07,6.970000000000000000e+07
6.626124766457263380e+07,-1.509177740000000018e-09,7.711499999999999488e+01,6.307000000000000000e+07,6.970000000000000000e+07
6.624872027347047627e+07,-1.509463120000000123e-09,7.712000000000000455e+01,6.307000000000000000e+07,6.970000000000000000e+07
6.628399765895525366e+07,-1.508659760000000212e-09,7.712500000000000000e+01,6.307000000000000000e+07,6.970000000000000000e+07
6.633446499267266691e+07,-1.507511969999999985e-09,7.712999999999999545e+01,6.307000000000000000e+07,6.970000000000000000e+07
6.634170597285590321e+07,-1.507347430000000102e-09,7.713500000000000512e+01,6.307000000000000000e+07,6.970000000000000000e+07
6.638196283644311875e+07,-1.506433310000000205e-09,7.714000000000000057e+01,6.307000000000000000e+07,6.970000000000000000e+07
6.645876724954750389e+07,-1.504692369999999909e-09,7.714499999999999602e+01,6.307000000000000000e+07,6.970000000000000000e+07
6.648836747115395963e+07,-1.504022490000000280e-09,7.715000000000000568e+01,6.307000000000000000e+07,6.970000000000000000e+07
6.650537561288444698e+07,-1.503637850000000132e-09,7.715500000000000114e+01,6.307000000000000000e+07,6.970000000000000000e+07
6.657378647038513422e+07,-1.502092720000000051e-09,7.715999999999999659e+01,6.307000000000000000e+07,6.970000000000000000e+07
6.659766438261541724e+07,-1.501554159999999972e-09,7.716500000000000625e+01,6.307000000000000000e+07,6.970000000000000000e+07
6.659096339583973587e+07,-1.501705260000000162e-09,7.717000000000000171e+01,6.307000000000000000e+07,6.970000000000000000e+07
6.661885520253921300e+07,-1.501076530000000001e-09,7.717499999999999716e+01,6.307000000000000000e+07,6.970000000000000000e+07
6.663446089902495593e+07,-1.500724980000000020e-09,7.718000000000000682e+01,6.307000000000000000e+07,6.970000000000000000e+07
6.660179518611948192e+07,-1.501461030000000146e-09,7.718500000000000227e+01,6.307000000000000000e+07,6.970000000000000000e+07
6.659361746392578632e+07,-1.501645410000000108e-09,7.718999999999999773e+01,6.307000000000000000e+07,6.970000000000000000e+07
6.661814778139550984e+07,-1.501092470000000078e-09,7.719500000000000739e+01,6.307000000000000000e+07,6.970000000000000000e+07
6.660445011772269756e+07,-1.501401180000000093e-09,7.720000000000000284e+01,6.307000000000000000e+07,6.970000000000000000e+07
6.659967449808686972e+07,-1.501508840000000125e-09,7.720499999999999829e+01,6.307000000000000000e+07,6.970000000000000000e+07
6.663372650608080626e+07,-1.500741520000000081e-09,7.721000000000000796e+01,6.307000000000000000e+07,6.970000000000000000e+07
6.663555985461533070e+07,-1.500700230000000195e-09,7.721500000000000341e+01,6.307000000000000000e+07,6.970000000000000000e+07
6.660728982018076628e+07,-1.501337170000000119e-09,7.721999999999999886e+01,6.307000000000000000e+07,6.970000000000000000e+07
6.660902011224059761e+07,-1.501298170000000095e-09,7.722500000000000853e+01,6.307000000000000000e+07,6.970000000000000000e+07
6.658573082304151356e+07,-1.501823270000000184e-09,7.723000000000000398e+01,6.307000000000000000e+07,6.970000000000000000e+07
6.651248451971806586e+07,-1.503477140000000146e-09,7.723499999999999943e+01,6.307000000000000000e+07,6.970000000000000000e+07
6.646157422400030494e+07,-1.504628820000000124e-09,7.723999999999999488e+01,6.307000000000000000e+07,6.970000000000000000e+07
6.643694763283661008e+07,-1.505186549999999986e-09,7.724500000000000455e+01,6.307000000000000000e+07,6.970000000000000000e+07
6.635973739726559818e+07,-1.506937849999999903e-09,7.725000000000000000e+01,6.307000000000000000e+07,6.970000000000000000e+07
6.628411277064581960e+07,-1.508657140000000122e-09,7.725499999999999545e+01,6.307000000000000000e+07,6.970000000000000000e+07
6.625449041465147585e+07,-1.509331660000000155e-09,7.726000000000000512e+01,6.307000000000000000e+07,6.970000000000000000e+07
6.619447324602750689e+07,-1.510700139999999967e-09,7.726500000000000057e+01,6.307000000000000000e+07,6.970000000000000000e+07
6.611451831913965195e+07,-1.512527090000000218e-09,7.726999999999999602e+01,6.307000000000000000e+07,6.970000000000000000e+07
6.609902585899649560e+07,-1.512881600000000150e-09,7.727500000000000568e+01,6.307000000000000000e+07,6.970000000000000000e+07
6.610174921952176839e+07,-1.512819270000000216e-09,7.728000000000000114e+01,6.307000000000000000e+07,6.970000000000000000e+07
6.607331682883547246e+07,-1.513470260000000069e-09,7.728499999999999659e+01,6.307000000000000000e+07,6.970000000000000000e+07
6.607307322461124510e+07,-1.513475839999999904e-09,7.729000000000000625e+01,6.307000000000000000e+07,6.970000000000000000e+07
6.609389083988507837e+07,-1.512999140000000147e-09,7.729500000000000171e+01,6.307000000000000000e+07,6.970000000000000000e+07
6.608400138311171532e+07,-1.513225560000000027e-09,7.729999999999999716e+01,6.307000000000000000e+07,6.970000000000000000e+07
6.608673573457504809e+07,-1.513162950000000087e-09,7.730500000000000682e+01,6.307000000000000000e+07,6.970000000000000000e+07
6.613292633543276787e+07,-1.512106079999999974e-09,7.731000000000000227e+01,6.307000000000000000e+07,6.970000000000000000e+07
6.614374480325133353e+07,-1.511858760000000048e-09,7.731499999999999773e+01,6.307000000000000000e+07,6.970000000000000000e+07
6.613060011859729141e+07,-1.512159270000000137e-09,7.732000000000000739e+01,6.307000000000000000e+07,6.970000000000000000e+07
6.615971739109263569e+07,-1.511493760000000122e-09,7.732500000000000284e+01,6.307000000000000000e+07,6.970000000000000000e+07
6.617623371624577790e+07,-1.511116520000000265e-09,7.732999999999999829e+01,6.307000000000000000e+07,6.970000000000000000e+07
6.615809877607914060e+07,-1.511530740000000040e-09,7.733500000000000796e+01,6.307000000000000000e+07,6.970000000000000000e+07
6.617603664860673994e+07,-1.511121020000000045e-09,7.734000000000000341e+01,6.307000000000000000e+07,6.970000000000000000e+07
6.621792325163906813e+07,-1.510165150000000075e-09,7.734499999999999886e+01,6.307000000000000000e+07,6.970000000000000000e+07
6.621491891383934021e+07,-1.510233670000000079e-09,7.735000000000000853e+01,6.307000000000000000e+07,6.970000000000000000e+07
6.621485095546904206e+07,-1.510235220000000160e-09,7.735500000000000398e+01,6.307000000000000000e+07,6.970000000000000000e+07
6.625304405408047885e+07,-1.509364610000000112e-09,7.735999999999999943e+01,6.307000000000000000e+07,6.970000000000000000e+07
6.626100838030140847e+07,-1.509183189999999894e-09,7.736499999999999488e+01,6.307000000000000000e+07,6.970000000000000000e+07
6.623150975203347206e+07,-1.509855360000000005e-09,7.737000000000000455e+01,6.307000000000000000e+07,6.970000000000000000e+07
6.624559772332958877e+07,-1.509534270000000263e-09,7.737500000000000000e+01,6.307000000000000000e+07,6.970000000000000000e+07
6.626222501607322693e+07,-1.509155480000000118e-09,7.737999999999999545e+01,6.307000000000000000e+07,6.970000000000000000e+07
6.624263212184060365e+07,-1.509601850000000009e-09,7.738500000000000512e+01,6.307000000000000000e+07,6.970000000000000000e+07
6.625459971730355173e+07,-1.509329170000000023e-09,7.739000000000000057e+01,6.307000000000000000e+07,6.970000000000000000e+07
6.629094989190399647e+07,-1.508501539999999945e-09,7.739499999999999602e+01,6.307000000000000000e+07,6.970000000000000000e+07
6.627673368983101845e+07,-1.508825110000000188e-09,7.740000000000000568e+01,6.307000000000000000e+07,6.970000000000000000e+07
6.626941773462925106e+07,-1.508991680000000223e-09,7.740500000000000114e+01,6.307000000000000000e+07,6.970000000000000000e+07
6.630200387728814036e+07,-1.508250040000000217e-09,7.740999999999999659e+01,6.307000000000000000e+07,6.970000000000000000e+07
6.630961942641621828e+07,-1.508076820000000131e-09,7.741500000000000625e+01,6.307000000000000000e+07,6.970000000000000000e+07
6.629115379686892778e+07,-1.508496899999999955e-09,7.742000000000000171e+01,6.307000000000000000e+07,6.970000000000000000e+07
6.631877429323020577e+07,-1.507868640000000233e-09,7.742499999999999716e+01,6.307000000000000000e+07,6.970000000000000000e+07
6.634310295011922717e+07,-1.507315690000000158e-09,7.743000000000000682e+01,6.307000000000000000e+07,6.970000000000000000e+07
6.632523144985416532e+07,-1.507721840000000174e-09,7.743500000000000227e+01,6.307000000000000000e+07,6.970000000000000000e+07
6.633719326685183495e+07,-1.507449970000000074e-09,7.743999999999999773e+01,6.307000000000000000e+07,6.970000000000000000e+07
6.637469191937839985e+07,-1.506598330000000159e-09,7.744500000000000739e+01,6.307000000000000000e+07,6.970000000000000000e+07
6.637582946472320706e+07,-1.506572510000000117e-09,7.745000000000000284e+01,6.307000000000000000e+07,6.970000000000000000e+07
6.637849284790989012e+07,-1.506512060000000079e-09,7.745499999999999829e+01,6.307000000000000000e+07,6.970000000000000000e+07
6.642202769645784795e+07,-1.505524650000000022e-09,7.746000000000000796e+01,6.307000000000000000e+07,6.970000000000000000e+07
6.643437444745285809e+07,-1.505244849999999959e-09,7.746500000000000341e+01,6.307000000000000000e+07,6.970000000000000000e+07
6.642170739509599656e+07,-1.505531910000000103e-09,7.746999999999999886e+01,6.307000000000000000e+07,6.970000000000000000e+07
6.645621931392380595e+07,-1.504750060000000060e-09,7.747500000000000853e+01,6.307000000000000000e+07,6.970000000000000000e+07
6.648436078740965575e+07,-1.504113129999999974e-09,7.748000000000000398e+01,6.307000000000000000e+07,6.970000000000000000e+07
6.646732804804193974e+07,-1.504498570000000170e-09,7.748499999999999943e+01,6.307000000000000000e+07,6.970000000000000000e+07
6.649365947382809967e+07,-1.503902789999999966e-09,7.748999999999999488e+01,6.307000000000000000e+07,6.970000000000000000e+07
6.654944027129172534e+07,-1.502642239999999942e-09,7.749500000000000455e+01,6.307000000000000000e+07,6.970000000000000000e+07
6.656393809724160284e+07,-1.502314960000000129e-09,7.750000000000000000e+01,6.307000000000000000e+07,6.970000000000000000e+07
6.656683726837310940e+07,-1.502249530000000241e-09,7.750499999999999545e+01,6.307000000000000000e+07,6.970000000000000000e+07
6.660409212211793661e+07,-1.501409250000000059e-09,7.751000000000000512e+01,6.307000000000000000e+07,6.970000000000000000e+07
6.662045472204416990e+07,-1.501040490000000134e-09,7.751500000000000057e+01,6.307000000000000000e+07,6.970000000000000000e+07
6.662094116163057834e+07,-1.501029530000000115e-09,7.751999999999999602e+01,6.307000000000000000e+07,6.970000000000000000e+07
6.667537580425421894e+07,-1.499804070000000068e-09,7.752500000000000568e+01,6.307000000000000000e+07,6.970000000000000000e+07
6.673265992872337997e+07,-1.498516620000000154e-09,7.753000000000000114e+01,6.307000000000000000e+07,6.970000000000000000e+07
6.674721631735557318e+07,-1.498189819999999998e-09,7.753499999999999659e+01,6.307000000000000000e+07,6.970000000000000000e+07
6.678254417558445036e+07,-1.497397280000000104e-09,7.754000000000000625e+01,6.307000000000000000e+07,6.970000000000000000e+07
6.683335931257399172e+07,-1.496258770000000064e-09,7.754500000000000171e+01,6.307000000000000000e+07,6.970000000000000000e+07
6.682905547963070124e+07,-1.496355130000000009e-09,7.754999999999999716e+01,6.307000000000000000e+07,6.970000000000000000e+07
6.682553278777725995e+07,-1.496434010000000049e-09,7.755500000000000682e+01,6.307000000000000000e+07,6.970000000000000000e+07
6.685770587543513626e+07,-1.495713900000000000e-09,7.756000000000000227e+01,6.307000000000000000e+07,6.970000000000000000e+07
6.686130125183679163e+07,-1.495633470000000087e-09,7.756499999999999773e+01,6.307000000000000000e+07,6.970000000000000000e+07
6.685477550280039757e+07,-1.495779460000000054e-09,7.757000000000000739e+01,6.307000000000000000e+07,6.970000000000000000e+07
6.689806484302318096e+07,-1.494811550000000216e-09,7.757500000000000284e+01,6.307000000000000000e+07,6.970000000000000000e+07
6.693092557806484401e+07,-1.494077649999999948e-09,7.757999999999999829e+01,6.307000000000000000e+07,6.970000000000000000e+07
6.691162790604309738e+07,-1.494508549999999994e-09,7.758500000000000796e+01,6.307000000000000000e+07,6.970000000000000000e+07
6.691831835631103814e+07,-1.494359130000000257e-09,7.759000000000000341e+01,6.307000000000000000e+07,6.970000000000000000e+07
6.694656041694103926e+07,-1.493728720000000058e-09,7.759499999999999886e+01,6.307000000000000000e+07,6.970000000000000000e+07
6.693644777200996131e+07,-1.493954390000000113e-09,7.760000000000000853e+01,6.307000000000000000e+07,6.970000000000000000e+07
6.693304635834328830e+07,-1.494030310000000201e-09,7.760500000000000398e+01,6.307000000000000000e+07,6.970000000000000000e+07
6.696749447374190390e+07,-1.493261780000000144e-09,7.760999999999999943e+01,6.307000000000000000e+07,6.970000000000000000e+07
6.696558855372731388e+07,-1.493304280000000044e-09,7.761499999999999488e+01,6.307000000000000000e+07,6.970000000000000000e+07
6.693831260308458656e+07,-1.493912769999999998e-09,7.762000000000000455e+01,6.307000000000000000e+07,6.970000000000000000e+07
6.695870796423544735e+07,-1.493457730000000155e-09,7.762500000000000000e+01,6.307000000000000000e+07,6.970000000000000000e+07
6.697694405770840496e+07,-1.493051100000000070e-09,7.762999999999999545e+01,6.307000000000000000e+07,6.970000000000000000e+07
6.695569924367645383e+07,-1.493524840000000083e-09,7.763500000000000512e+01,6.307000000000000000e+07,6.970000000000000000e+07
6.696739805400643498e+07,-1.493263930000000003e-09,7.764000000000000057e+01,6.307000000000000000e+07,6.970000000000000000e+07
6.699931289524652809e+07,-1.492552620000000277e-09,7.764499999999999602e+01,6.307000000000000000e+07,6.970000000000000000e+07
6.698859554664774239e+07,-1.492791410000000048e-09,7.765000000000000568e+01,6.307000000000000000e+07,6.970000000000000000e+07
6.698207229523763806e+07,-1.492936789999999986e-09,7.765500000000000114e+01,6.307000000000000000e+07,6.970000000000000000e+07
6.700833322332798690e+07,-1.492351700000000047e-09,7.765999999999999659e+01,6.307000000000000000e+07,6.970000000000000000e+07
6.700263934116787463e+07,-1.492478520000000024e-09,7.766500000000000625e+01,6.307000000000000000e+07,6.970000000000000000e+07
6.698031628681381047e+07,-1.492975930000000220e-09,7.767000000000000171e+01,6.307000000000000000e+07,6.970000000000000000e+07
6.699940312241739780e+07,-1.492550610000000215e-09,7.767499999999999716e+01,6.307000000000000000e+07,6.970000000000000000e+07
6.699400967033071816e+07,-1.492670770000000096e-09,7.768000000000000682e+01,6.307000000000000000e+07,6.970000000000000000e+07
6.694279632953450829e+07,-1.493812710000000113e-09,7.768500000000000227e+01,6.307000000000000000e+07,6.970000000000000000e+07
6.692027846116765589e+07,-1.494315360000000284e-09,7.768999999999999773e+01,6.307000000000000000e+07,6.970000000000000000e+07
6.690258525304447860e+07,-1.494710550000000073e-09,7.769500000000000739e+01,6.307000000000000000e+07,6.970000000000000000e+07
6.683096256842563301e+07,-1.496312430000000046e-09,7.770000000000000284e+01,6.307000000000000000e+07,6.970000000000000000e+07
6.677318547791387141e+07,-1.497607150000000292e-09,7.770499999999999829e+01,6.307000000000000000e+07,6.970000000000000000e+07
6.676424929343394935e+07,-1.497807600000000083e-09,7.771000000000000796e+01,6.307000000000000000e+07,6.970000000000000000e+07
6.672506355262040347e+07,-1.498687220000000150e-09,7.771500000000000341e+01,6.307000000000000000e+07,6.970000000000000000e+07
6.667194397327196598e+07,-1.499881270000000069e-09,7.771999999999999886e+01,6.307000000000000000e+07,6.970000000000000000e+07
6.666942144716086239e+07,-1.499938020000000168e-09,7.772500000000000853e+01,6.307000000000000000e+07,6.970000000000000000e+07
6.665368874910929054e+07,-1.500292060000000074e-09,7.773000000000000398e+01,6.307000000000000000e+07,6.970000000000000000e+07
6.659384407837216556e+07,-1.501640300000000092e-09,7.773499999999999943e+01,6.307000000000000000e+07,6.970000000000000000e+07
6.657164053172793239e+07,-1.502141140000000059e-09,7.773999999999999488e+01,6.307000000000000000e+07,6.970000000000000000e+07
6.656641099506699294e+07,-1.502259150000000081e-09,7.774500000000000455e+01,6.307000000000000000e+07,6.970000000000000000e+07
6.651789009296912700e+07,-1.503354960000000159e-09,7.775000000000000000e+01,6.307000000000000000e+07,6.970000000000000000e+07
6.648076428945857286e+07,-1.504194500000000145e-09,7.775499999999999545e+01,6.307000000000000000e+07,6.970000000000000000e+07
6.647748371396379918e+07,-1.504268729999999944e-09,7.776000000000000512e+01,6.307000000000000000e+07,6.970000000000000000e+07
6.644097597302293777e+07,-1.505095290000000218e-09,7.776500000000000057e+01,6.307000000000000000e+07,6.970000000000000000e+07
6.640159019059401751e+07,-1.505988030000000000e-09,7.776999999999999602e+01,6.307000000000000000e+07,6.970000000000000000e+07
6.640865663934025913e+07,-1.505827779999999995e-09,7.777500000000000568e+01,6.307000000000000000e+07,6.970000000000000000e+07
6.640371018778006732e+07,-1.505939950000000059e-09,7.778000000000000114e+01,6.307000000000000000e+07,6.970000000000000000e+07
6.635898262628268450e+07,-1.506954990000000156e-09,7.778499999999999659e+01,6.307000000000000000e+07,6.970000000000000000e+07
6.634989633757595718e+07,-1.507161360000000056e-09,7.779000000000000625e+01,6.307000000000000000e+07,6.970000000000000000e+07
6.634894281120549887e+07,-1.507183020000000177e-09,7.779500000000000171e+01,6.307000000000000000e+07,6.970000000000000000e+07
6.631257036136723310e+07,-1.508009710000000204e-09,7.779999999999999716e+01,6.307000000000000000e+07,6.970000000000000000e+07
6.628933978986199945e+07,-1.508538180000000003e-09,7.780500000000000682e+01,6.307000000000000000e+07,6.970000000000000000e+07
6.630771515529070795e+07,-1.508120130000000123e-09,7.781000000000000227e+01,6.307000000000000000e+07,6.970000000000000000e+07
6.629287956864920259e+07,-1.508457630000000175e-09,7.781499999999999773e+01,6.307000000000000000e+07,6.970000000000000000e+07
6.626363050334111601e+07,-1.509123470000000213e-09,7.782000000000000739e+01,6.307000000000000000e+07,6.970000000000000000e+07
6.627093288359581679e+07,-1.508957179999999978e-09,7.782500000000000284e+01,6.307000000000000000e+07,6.970000000000000000e+07
6.625916924200596660e+07,-1.509225080000000178e-09,7.782999999999999829e+01,6.307000000000000000e+07,6.970000000000000000e+07
6.621003678874620050e+07,-1.510345030000000257e-09,7.783500000000000796e+01,6.307000000000000000e+07,6.970000000000000000e+07
6.620456629709711671e+07,-1.510469829999999921e-09,7.784000000000000341e+01,6.307000000000000000e+07,6.970000000000000000e+07
6.620637610568454862e+07,-1.510428540000000036e-09,7.784499999999999886e+01,6.307000000000000000e+07,6.970000000000000000e+07
6.616413287480795383e+07,-1.511392890000000145e-09,7.785000000000000853e+01,6.307000000000000000e+07,6.970000000000000000e+07
6.614563966785760969e+07,-1.511815450000000056e-09,7.785500000000000398e+01,6.307000000000000000e+07,6.970000000000000000e+07
6.617291525373706222e+07,-1.511192300000000144e-09,7.785999999999999943e+01,6.307000000000000000e+07,6.970000000000000000e+07
6.616894036820686609e+07,-1.511283080000000048e-09,7.786499999999999488e+01,6.307000000000000000e+07,6.970000000000000000e+07
6.615293400665994734e+07,-1.511648750000000063e-09,7.787000000000000455e+01,6.307000000000000000e+07,6.970000000000000000e+07
6.620211100657430291e+07,-1.510525850000000077e-09,7.787500000000000000e+01,6.307000000000000000e+07,6.970000000000000000e+07
6.624103007027457654e+07,-1.509638360000000108e-09,7.787999999999999545e+01,6.307000000000000000e+07,6.970000000000000000e+07
6.623777267275903374e+07,-1.509712600000000158e-09,7.788500000000000512e+01,6.307000000000000000e+07,6.970000000000000000e+07
6.626887449374307692e+07,-1.509004050000000113e-09,7.789000000000000057e+01,6.307000000000000000e+07,6.970000000000000000e+07
6.630542982259498537e+07,-1.508172110000000067e-09,7.789499999999999602e+01,6.307000000000000000e+07,6.970000000000000000e+07
6.628592693096788228e+07,-1.508615850000000029e-09,7.790000000000000568e+01,6.307000000000000000e+07,6.970000000000000000e+07
6.626244938070683926e+07,-1.509150370000000102e-09,7.790500000000000114e+01,6.307000000000000000e+07,6.970000000000000000e+07
6.626378067139191180e+07,-1.509120050000000074e-09,7.790999999999999659e+01,6.307000000000000000e+07,6.970000000000000000e+07
6.623143605701901764e+07,-1.509857040000000044e-09,7.791500000000000625e+01,6.307000000000000000e+07,6.970000000000000000e+07
6.619008919908800721e+07,-1.510800200000000058e-09,7.792000000000000171e+01,6.307000000000000000e+07,6.970000000000000000e+07
6.620783182638680935e+07,-1.510395329999999954e-09,7.792499999999999716e+01,6.307000000000000000e+07,6.970000000000000000e+07
6.621356284190200269e+07,-1.510264600000000137e-09,7.793000000000000682e+01,6.307000000000000000e+07,6.970000000000000000e+07
6.618151731823385507e+07,-1.510995880000000107e-09,7.793500000000000227e+01,6.307000000000000000e+07,6.970000000000000000e+07
6.619108504444403201e+07,-1.510777470000000133e-09,7.793999999999999773e+01,6.307000000000000000e+07,6.970000000000000000e+07
6.621363035920377821e+07,-1.510263060000000101e-09,7.794500000000000739e+01,6.307000000000000000e+07,6.970000000000000000e+07
6.617856314466978610e+07,-1.511063330000000101e-09,7.795000000000000284e+01,6.307000000000000000e+07,6.970000000000000000e+07
6.615730131559880078e+07,-1.511548960000000141e-09,7.795499999999999829e+01,6.307000000000000000e+07,6.970000000000000000e+07
6.617126928319291025e+07,-1.511229890000000091e-09,7.796000000000000796e+01,6.307000000000000000e+07,6.970000000000000000e+07
6.614178880084189773e+07,-1.511903470000000073e-09,7.796500000000000341e+01,6.307000000000000000e+07,6.970000000000000000e+07
6.610498757107245177e+07,-1.512745159999999918e-09,7.796999999999999886e+01,6.307000000000000000e+07,6.970000000000000000e+07
6.611505903228498995e+07,-1.512514720000000121e-09,7.797500000000000853e+01,6.307000000000000000e+07,6.970000000000000000e+07
6.610348000051771849e+07,-1.512779660000000162e-09,7.798000000000000398e+01,6.307000000000000000e+07,6.970000000000000000e+07
6.605689895544357598e+07,-1.513846420000000078e-09,7.798499999999999943e+01,6.307000000000000000e+07,6.970000000000000000e+07
6.605532027384421974e+07,-1.513882600000000155e-09,7.798999999999999488e+01,6.307000000000000000e+07,6.970000000000000000e+07
6.606882004463516921e+07,-1.513573270000000066e-09,7.799500000000000455e+01,6.307000000000000000e+07,6.970000000000000000e+07
6.605062918112041056e+07,-1.513990120000000184e-09,7.800000000000000000e+01,6.307000000000000000e+07,6.970000000000000000e+07
6.605815479861894250e+07,-1.513817640000000085e-09,7.800499999999999545e+01,6.307000000000000000e+07,6.970000000000000000e+07
6.609599997186955065e+07,-1.512950859999999935e-09,7.801000000000000512e+01,6.307000000000000000e+07,6.970000000000000000e+07
6.609907260819862038e+07,-1.512880529999999933e-09,7.801500000000000057e+01,6.307000000000000000e+07,6.970000000000000000e+07
6.608942576061130315e+07,-1.513101360000000141e-09,7.801999999999999602e+01,6.307000000000000000e+07,6.970000000000000000e+07
6.612930041237768531e+07,-1.512188990000000181e-09,7.802500000000000568e+01,6.307000000000000000e+07,6.970000000000000000e+07
6.615755735871800035e+07,-1.511543110000000137e-09,7.803000000000000114e+01,6.307000000000000000e+07,6.970000000000000000e+07
6.615824890388517082e+07,-1.511527310000000064e-09,7.803499999999999659e+01,6.307000000000000000e+07,6.970000000000000000e+07
6.619969753093399107e+07,-1.510580920000000137e-09,7.804000000000000625e+01,6.307000000000000000e+07,6.970000000000000000e+07
6.625385260355677456e+07,-1.509346190000000155e-09,7.804500000000000171e+01,6.307000000000000000e+07,6.970000000000000000e+07
6.626195323394345492e+07,-1.509161669999999982e-09,7.804999999999999716e+01,6.307000000000000000e+07,6.970000000000000000e+07
6.628673628325086087e+07,-1.508597430000000072e-09,7.805500000000000682e+01,6.307000000000000000e+07,6.970000000000000000e+07
6.633713957929211110e+07,-1.507451190000000132e-09,7.806000000000000227e+01,6.307000000000000000e+07,6.970000000000000000e+07
6.634193087606006116e+07,-1.507342320000000086e-09,7.806499999999999773e+01,6.307000000000000000e+07,6.970000000000000000e+07
6.632578177386485785e+07,-1.507709330000000073e-09,7.807000000000000739e+01,6.307000000000000000e+07,6.970000000000000000e+07
6.633686762233282626e+07,-1.507457370000000158e-09,7.807500000000000284e+01,6.307000000000000000e+07,6.970000000000000000e+07
6.632573998235258460e+07,-1.507710279999999963e-09,7.807999999999999829e+01,6.307000000000000000e+07,6.970000000000000000e+07
6.628916841351883858e+07,-1.508542080000000005e-09,7.808500000000000796e+01,6.307000000000000000e+07,6.970000000000000000e+07
6.628343352958091348e+07,-1.508672599999999921e-09,7.809000000000000341e+01,6.307000000000000000e+07,6.970000000000000000e+07
6.627727705957732350e+07,-1.508812740000000092e-09,7.809499999999999886e+01,6.307000000000000000e+07,6.970000000000000000e+07
6.623299640850914270e+07,-1.509821470000000203e-09,7.810000000000000853e+01,6.307000000000000000e+07,6.970000000000000000e+07
6.621826219944672287e+07,-1.510157420000000175e-09,7.810500000000000398e+01,6.307000000000000000e+07,6.970000000000000000e+07
6.624645963186193258e+07,-1.509514630000000040e-09,7.810999999999999943e+01,6.307000000000000000e+07,6.970000000000000000e+07
6.624991539057680964e+07,-1.509435890000000004e-09,7.811499999999999488e+01,6.307000000000000000e+07,6.970000000000000000e+07
6.624082647354374081e+07,-1.509643000000000098e-09,7.812000000000000455e+01,6.307000000000000000e+07,6.970000000000000000e+07
6.627786173010417819e+07,-1.508799430000000150e-09,7.812500000000000000e+01,6.307000000000000000e+07,6.970000000000000000e+07
6.630783034937377274e+07,-1.508117510000000033e-09,7.812999999999999545e+01,6.307000000000000000e+07,6.970000000000000000e+07
6.632155757822746783e+07,-1.507805360000000203e-09,7.813500000000000512e+01,6.307000000000000000e+07,6.970000000000000000e+07
6.638477786952965707e+07,-1.506369429999999984e-09,7.814000000000000057e+01,6.307000000000000000e+07,6.970000000000000000e+07
6.645526891197665781e+07,-1.504771580000000178e-09,7.814499999999999602e+01,6.307000000000000000e+07,6.970000000000000000e+07
6.647036107870016992e+07,-1.504429920000000000e-09,7.815000000000000568e+01,6.307000000000000000e+07,6.970000000000000000e+07
6.649691511501213163e+07,-1.503829160000000153e-09,7.815500000000000114e+01,6.307000000000000000e+07,6.970000000000000000e+07
6.654335074717370421e+07,-1.502779749999999977e-09,7.815999999999999659e+01,6.307000000000000000e+07,6.970000000000000000e+07
6.653363355349157751e+07,-1.502999229999999962e-09,7.816500000000000625e+01,6.307000000000000000e+07,6.970000000000000000e+07
6.649690008076048642e+07,-1.503829500000000013e-09,7.817000000000000171e+01,6.307000000000000000e+07,6.970000000000000000e+07
6.650389129896404594e+07,-1.503671410000000118e-09,7.817499999999999716e+01,6.307000000000000000e+07,6.970000000000000000e+07
6.649650477081833035e+07,-1.503838440000000133e-09,7.818000000000000682e+01,6.307000000000000000e+07,6.970000000000000000e+07
6.645867228917668015e+07,-1.504694519999999974e-09,7.818500000000000227e+01,6.307000000000000000e+07,6.970000000000000000e+07
6.647643769256561995e+07,-1.504292400000000127e-09,7.818999999999999773e+01,6.307000000000000000e+07,6.970000000000000000e+07
6.650054608585931361e+07,-1.503747050000000200e-09,7.819500000000000739e+01,6.307000000000000000e+07,6.970000000000000000e+07
6.647639615289395303e+07,-1.504293340000000179e-09,7.820000000000000284e+01,6.307000000000000000e+07,6.970000000000000000e+07
6.647985517124222964e+07,-1.504215070000000168e-09,7.820499999999999829e+01,6.307000000000000000e+07,6.970000000000000000e+07
6.651827990513029695e+07,-1.503346150000000204e-09,7.821000000000000796e+01,6.307000000000000000e+07,6.970000000000000000e+07
6.651275836091146618e+07,-1.503470950000000075e-09,7.821500000000000341e+01,6.307000000000000000e+07,6.970000000000000000e+07
6.650062922562870383e+07,-1.503745170000000097e-09,7.821999999999999886e+01,6.307000000000000000e+07,6.970000000000000000e+07
6.653125781534369290e+07,-1.503052899999999989e-09,7.822500000000000853e+01,6.307000000000000000e+07,6.970000000000000000e+07
6.652483837225056440e+07,-1.503197940000000067e-09,7.823000000000000398e+01,6.307000000000000000e+07,6.970000000000000000e+07
6.647994400474092364e+07,-1.504213060000000106e-09,7.823499999999999943e+01,6.307000000000000000e+07,6.970000000000000000e+07
6.647035533489908278e+07,-1.504430050000000165e-09,7.823999999999999488e+01,6.307000000000000000e+07,6.970000000000000000e+07
6.645874030727517605e+07,-1.504692980000000145e-09,7.824500000000000455e+01,6.307000000000000000e+07,6.970000000000000000e+07
6.640452285986324400e+07,-1.505921520000000057e-09,7.825000000000000000e+01,6.307000000000000000e+07,6.970000000000000000e+07
6.637937275860504806e+07,-1.506492090000000248e-09,7.825499999999999545e+01,6.307000000000000000e+07,6.970000000000000000e+07
6.639053030438577384e+07,-1.506238910000000068e-09,7.826000000000000512e+01,6.307000000000000000e+07,6.970000000000000000e+07
6.636332081207893789e+07,-1.506856479999999938e-09,7.826500000000000057e+01,6.307000000000000000e+07,6.970000000000000000e+07
6.631678109804090112e+07,-1.507913960000000080e-09,7.826999999999999602e+01,6.307000000000000000e+07,6.970000000000000000e+07
6.631216228914994746e+07,-1.508018990000000184e-09,7.827500000000000568e+01,6.307000000000000000e+07,6.970000000000000000e+07
6.628798022857580334e+07,-1.508569120000000105e-09,7.828000000000000114e+01,6.307000000000000000e+07,6.970000000000000000e+07
6.623661923420413584e+07,-1.509738890000000018e-09,7.828499999999999659e+01,6.307000000000000000e+07,6.970000000000000000e+07
6.622931257053215057e+07,-1.509905450000000008e-09,7.829000000000000625e+01,6.307000000000000000e+07,6.970000000000000000e+07
6.622400642351670563e+07,-1.510026430000000026e-09,7.829500000000000171e+01,6.307000000000000000e+07,6.970000000000000000e+07
6.617797409341436625e+07,-1.511076780000000046e-09,7.829999999999999716e+01,6.307000000000000000e+07,6.970000000000000000e+07
6.615917594723880291e+07,-1.511506130000000012e-09,7.830500000000000682e+01,6.307000000000000000e+07,6.970000000000000000e+07
6.618560279010967910e+07,-1.510902610000000071e-09,7.831000000000000227e+01,6.307000000000000000e+07,6.970000000000000000e+07
6.617422280559062958e+07,-1.511162440000000303e-09,7.831499999999999773e+01,6.307000000000000000e+07,6.970000000000000000e+07
6.615011190879032016e+07,-1.511713240000000107e-09,7.832000000000000739e+01,6.307000000000000000e+07,6.970000000000000000e+07
6.617532677690694481e+07,-1.511137230000000291e-09,7.832500000000000284e+01,6.307000000000000000e+07,6.970000000000000000e+07
6.617796840003331751e+07,-1.511076910000000212e-09,7.832999999999999829e+01,6.307000000000000000e+07,6.970000000000000000e+07
6.615768691291461140e+07,-1.511540150000000186e-09,7.833500000000000796e+01,6.307000000000000000e+07,6.970000000000000000e+07
6.619289981198237836e+07,-1.510736050000000081e-09,7.834000000000000341e+01,6.307000000000000000e+07,6.970000000000000000e+07
6.624150528044490516e+07,-1.509627530000000047e-09,7.834499999999999886e+01,6.307000000000000000e+07,6.970000000000000000e+07
6.624510226773148775e+07,-1.509545560000000098e-09,7.835000000000000853e+01,6.307000000000000000e+07,6.970000000000000000e+07
6.626718246744237095e+07,-1.509042580000000111e-09,7.835500000000000398e+01,6.307000000000000000e+07,6.970000000000000000e+07
6.633383180112353712e+07,-1.507526359999999981e-09,7.835999999999999943e+01,6.307000000000000000e+07,6.970000000000000000e+07
6.638890875023742020e+07,-1.506275700000000173e-09,7.836499999999999488e+01,6.307000000000000000e+07,6.970000000000000000e+07
6.646516246122862399e+07,-1.504547590000000163e-09,7.837000000000000455e+01,6.307000000000000000e+07,6.970000000000000000e+07
6.659778058633937687e+07,-1.501551540000000088e-09,7.837500000000000000e+01,6.307000000000000000e+07,6.970000000000000000e+07
6.672409965786083788e+07,-1.498708870000000020e-09,7.837999999999999545e+01,6.307000000000000000e+07,6.970000000000000000e+07
6.682645763707125932e+07,-1.496413300000000023e-09,7.838500000000000512e+01,6.307000000000000000e+07,6.970000000000000000e+07
6.696208508308330923e+07,-1.493382410000000051e-09,7.839000000000000057e+01,6.307000000000000000e+07,6.970000000000000000e+07
6.705842196780257672e+07,-1.491236999999999986e-09,7.839499999999999602e+01,6.307000000000000000e+07,6.970000000000000000e+07
6.707412273436273634e+07,-1.490887930000000093e-09,7.840000000000000568e+01,6.307000000000000000e+07,6.970000000000000000e+07
6.709650161725717038e+07,-1.490390670000000151e-09,7.840500000000000114e+01,6.307000000000000000e+07,6.970000000000000000e+07
6.713127280738840997e+07,-1.489618710000000117e-09,7.840999999999999659e+01,6.307000000000000000e+07,6.970000000000000000e+07
6.712396163258792460e+07,-1.489780960000000139e-09,7.841500000000000625e+01,6.307000000000000000e+07,6.970000000000000000e+07
6.711448583625957370e+07,-1.489991300000000146e-09,7.842000000000000171e+01,6.307000000000000000e+07,6.970000000000000000e+07
6.714177214141102135e+07,-1.489385769999999937e-09,7.842499999999999716e+01,6.307000000000000000e+07,6.970000000000000000e+07
6.713758896175324917e+07,-1.489478569999999947e-09,7.843000000000000682e+01,6.307000000000000000e+07,6.970000000000000000e+07
6.709726155342546850e+07,-1.490373790000000023e-09,7.843500000000000227e+01,6.307000000000000000e+07,6.970000000000000000e+07
6.710506089794342220e+07,-1.490200570000000144e-09,7.843999999999999773e+01,6.307000000000000000e+07,6.970000000000000000e+07
6.712184360453374684e+07,-1.489827970000000070e-09,7.844500000000000739e+01,6.307000000000000000e+07,6.970000000000000000e+07
6.709426782873670012e+07,-1.490440290000000128e-09,7.845000000000000284e+01,6.307000000000000000e+07,6.970000000000000000e+07
6.709112583062084764e+07,-1.490510090000000044e-09,7.845499999999999829e+01,6.307000000000000000e+07,6.970000000000000000e+07
6.711727234546086192e+07,-1.489929440000000238e-09,7.846000000000000796e+01,6.307000000000000000e+07,6.970000000000000000e+07
6.709248477621201426e+07,-1.490479899999999974e-09,7.846500000000000341e+01,6.307000000000000000e+07,6.970000000000000000e+07
6.704711479201558977e+07,-1.491488490000000083e-09,7.846999999999999886e+01,6.307000000000000000e+07,6.970000000000000000e+07
6.703680547204817832e+07,-1.491717860000000077e-09,7.847500000000000853e+01,6.307000000000000000e+07,6.970000000000000000e+07
6.698908737718262523e+07,-1.492780450000000028e-09,7.848000000000000398e+01,6.307000000000000000e+07,6.970000000000000000e+07
6.691193190699220449e+07,-1.494501759999999939e-09,7.848499999999999943e+01,6.307000000000000000e+07,6.970000000000000000e+07
6.688344259245306998e+07,-1.495138349999999959e-09,7.848999999999999488e+01,6.307000000000000000e+07,6.970000000000000000e+07
6.685850868860417604e+07,-1.495695940000000231e-09,7.849500000000000455e+01,6.307000000000000000e+07,6.970000000000000000e+07
6.680186339522621781e+07,-1.496964229999999992e-09,7.850000000000000000e+01,6.307000000000000000e+07,6.970000000000000000e+07
6.678555831758362800e+07,-1.497329700000000151e-09,7.850499999999999545e+01,6.307000000000000000e+07,6.970000000000000000e+07
6.679726065502809733e+07,-1.497067380000000200e-09,7.851000000000000512e+01,6.307000000000000000e+07,6.970000000000000000e+07
6.676016695088806003e+07,-1.497899190000000080e-09,7.851500000000000057e+01,6.307000000000000000e+07,6.970000000000000000e+07
6.671095651543696970e+07,-1.499004140000000134e-09,7.851999999999999602e+01,6.307000000000000000e+07,6.970000000000000000e+07
6.668606164083428681e+07,-1.499563740000000055e-09,7.852500000000000568e+01,6.307000000000000000e+07,6.970000000000000000e+07
6.661227241725618392e+07,-1.501224870000000097e-09,7.853000000000000114e+01,6.307000000000000000e+07,6.970000000000000000e+07
6.648814776294044405e+07,-1.504027460000000086e-09,7.853499999999999659e+01,6.307000000000000000e+07,6.970000000000000000e+07
6.639461473279902339e+07,-1.506146250000000061e-09,7.854000000000000625e+01,6.307000000000000000e+07,6.970000000000000000e+07
6.629976025741491467e+07,-1.508301080000000109e-09,7.854500000000000171e+01,6.307000000000000000e+07,6.970000000000000000e+07
6.617350421493788809e+07,-1.511178850000000199e-09,7.854999999999999716e+01,6.307000000000000000e+07,6.970000000000000000e+07
6.607714531825220585e+07,-1.513382570000000281e-09,7.855500000000000682e+01,6.307000000000000000e+07,6.970000000000000000e+07
6.601053907104068249e+07,-1.514909610000000014e-09,7.856000000000000227e+01,6.307000000000000000e+07,6.970000000000000000e+07
6.590294337768704444e+07,-1.517382910000000128e-09,7.856499999999999773e+01,6.307000000000000000e+07,6.970000000000000000e+07
6.581007007133790851e+07,-1.519524290000000231e-09,7.857000000000000739e+01,6.307000000000000000e+07,6.970000000000000000e+07
6.576584124836193770e+07,-1.520546200000000119e-09,7.857500000000000284e+01,6.307000000000000000e+07,6.970000000000000000e+07
6.569465425583405048e+07,-1.522193869999999965e-09,7.857999999999999829e+01,6.307000000000000000e+07,6.970000000000000000e+07
6.560216095617458969e+07,-1.524340030000000062e-09,7.858500000000000796e+01,6.307000000000000000e+07,6.970000000000000000e+07
6.555072113888767362e+07,-1.525536230000000046e-09,7.859000000000000341e+01,6.307000000000000000e+07,6.970000000000000000e+07
6.550786185070596635e+07,-1.526534330000000161e-09,7.859499999999999886e+01,6.307000000000000000e+07,6.970000000000000000e+07
6.543277423361519724e+07,-1.528286110000000148e-09,7.860000000000000853e+01,6.307000000000000000e+07,6.970000000000000000e+07
6.537650920037076622e+07,-1.529601400000000003e-09,7.860500000000000398e+01,6.307000000000000000e+07,6.970000000000000000e+07
6.535124756544547528e+07,-1.530192669999999969e-09,7.860999999999999943e+01,6.307000000000000000e+07,6.970000000000000000e+07
6.529398725496628135e+07,-1.531534589999999958e-09,7.861499999999999488e+01,6.307000000000000000e+07,6.970000000000000000e+07
6.524437155401249230e+07,-1.532699260000000107e-09,7.862000000000000455e+01,6.307000000000000000e+07,6.970000000000000000e+07
6.523932249537694454e+07,-1.532817880000000158e-09,7.862500000000000000e+01,6.307000000000000000e+07,6.970000000000000000e+07
6.520573436181467772e+07,-1.533607450000000264e-09,7.862999999999999545e+01,6.307000000000000000e+07,6.970000000000000000e+07
6.514734417177103460e+07,-1.534981989999999980e-09,7.863500000000000512e+01,6.307000000000000000e+07,6.970000000000000000e+07
6.513662684311006218e+07,-1.535234550000000087e-09,7.864000000000000057e+01,6.307000000000000000e+07,6.970000000000000000e+07
6.512093318714030087e+07,-1.535604530000000277e-09,7.864499999999999602e+01,6.307000000000000000e+07,6.970000000000000000e+07
6.507476354987052083e+07,-1.536694020000000118e-09,7.865000000000000568e+01,6.307000000000000000e+07,6.970000000000000000e+07
6.506354600385686010e+07,-1.536958960000000160e-09,7.865500000000000114e+01,6.307000000000000000e+07,6.970000000000000000e+07
6.507756028235279024e+07,-1.536627980000000201e-09,7.865999999999999659e+01,6.307000000000000000e+07,6.970000000000000000e+07
6.505414528071273863e+07,-1.537181060000000028e-09,7.866500000000000625e+01,6.307000000000000000e+07,6.970000000000000000e+07
6.503249289978494495e+07,-1.537692860000000014e-09,7.867000000000000171e+01,6.307000000000000000e+07,6.970000000000000000e+07
6.505108904370006919e+07,-1.537253280000000178e-09,7.867499999999999716e+01,6.307000000000000000e+07,6.970000000000000000e+07
6.503665387768561393e+07,-1.537594480000000169e-09,7.868000000000000682e+01,6.307000000000000000e+07,6.970000000000000000e+07
6.499881611156334728e+07,-1.538489560000000034e-09,7.868500000000000227e+01,6.307000000000000000e+07,6.970000000000000000e+07
6.502883017419916391e+07,-1.537779470000000160e-09,7.868999999999999773e+01,6.307000000000000000e+07,6.970000000000000000e+07
6.506968100662536174e+07,-1.536814050000000040e-09,7.869500000000000739e+01,6.307000000000000000e+07,6.970000000000000000e+07
6.507354481888340414e+07,-1.536722800000000111e-09,7.870000000000000284e+01,6.307000000000000000e+07,6.970000000000000000e+07
6.510074421543268114e+07,-1.536080750000000171e-09,7.870499999999999829e+01,6.307000000000000000e+07,6.970000000000000000e+07
6.514165407701060921e+07,-1.535116070000000039e-09,7.871000000000000796e+01,6.307000000000000000e+07,6.970000000000000000e+07
6.513627851272198558e+07,-1.535242760000000057e-09,7.871500000000000341e+01,6.307000000000000000e+07,6.970000000000000000e+07
6.513595055097491294e+07,-1.535250489999999957e-09,7.871999999999999886e+01,6.307000000000000000e+07,6.970000000000000000e+07
6.517331699864075333e+07,-1.534370270000000114e-09,7.872500000000000853e+01,6.307000000000000000e+07,6.970000000000000000e+07
6.517957850543578714e+07,-1.534222870000000069e-09,7.873000000000000398e+01,6.307000000000000000e+07,6.970000000000000000e+07
6.516734547471793741e+07,-1.534510870000000265e-09,7.873499999999999943e+01,6.307000000000000000e+07,6.970000000000000000e+07
6.520085409989230335e+07,-1.533722240000000004e-09,7.873999999999999488e+01,6.307000000000000000e+07,6.970000000000000000e+07
6.522638332847560197e+07,-1.533121949999999976e-09,7.874500000000000455e+01,6.307000000000000000e+07,6.970000000000000000e+07
6.522313349230471998e+07,-1.533198340000000091e-09,7.875000000000000000e+01,6.307000000000000000e+07,6.970000000000000000e+07
6.526322069856458902e+07,-1.532256590000000154e-09,7.875499999999999545e+01,6.307000000000000000e+07,6.970000000000000000e+07
6.532150313009211421e+07,-1.530889450000000108e-09,7.876000000000000512e+01,6.307000000000000000e+07,6.970000000000000000e+07
6.533949775775752217e+07,-1.530467840000000087e-09,7.876500000000000057e+01,6.307000000000000000e+07,6.970000000000000000e+07
6.535717851648629457e+07,-1.530053810000000124e-09,7.876999999999999602e+01,6.307000000000000000e+07,6.970000000000000000e+07
6.541522586088383198e+07,-1.528696090000000061e-09,7.877500000000000568e+01,6.307000000000000000e+07,6.970000000000000000e+07
6.544954596602770686e+07,-1.527894480000000088e-09,7.878000000000000114e+01,6.307000000000000000e+07,6.970000000000000000e+07
6.546403216881592572e+07,-1.527556380000000052e-09,7.878499999999999659e+01,6.307000000000000000e+07,6.970000000000000000e+07
6.552220902466607839e+07,-1.526200070000000067e-09,7.879000000000000625e+01,6.307000000000000000e+07,6.970000000000000000e+07
6.557704246371217072e+07,-1.524923910000000195e-09,7.879500000000000171e+01,6.307000000000000000e+07,6.970000000000000000e+07
6.559202485984968394e+07,-1.524575590000000127e-09,7.879999999999999716e+01,6.307000000000000000e+07,6.970000000000000000e+07
6.563671244059409946e+07,-1.523537609999999997e-09,7.880500000000000682e+01,6.307000000000000000e+07,6.970000000000000000e+07
6.570639788649851829e+07,-1.521921810000000053e-09,7.881000000000000227e+01,6.307000000000000000e+07,6.970000000000000000e+07
6.573090096484877914e+07,-1.521354469999999982e-09,7.881499999999999773e+01,6.307000000000000000e+07,6.970000000000000000e+07
6.575170970883170515e+07,-1.520873000000000069e-09,7.882000000000000739e+01,6.307000000000000000e+07,6.970000000000000000e+07
6.580399558702612668e+07,-1.519664560000000154e-09,7.882500000000000284e+01,6.307000000000000000e+07,6.970000000000000000e+07
6.581687688730717450e+07,-1.519367139999999974e-09,7.882999999999999829e+01,6.307000000000000000e+07,6.970000000000000000e+07
6.580156428874354810e+07,-1.519720710000000268e-09,7.883500000000000796e+01,6.307000000000000000e+07,6.970000000000000000e+07
6.582375183603014052e+07,-1.519208450000000094e-09,7.884000000000000341e+01,6.307000000000000000e+07,6.970000000000000000e+07
6.583688880513558537e+07,-1.518905310000000077e-09,7.884499999999999886e+01,6.307000000000000000e+07,6.970000000000000000e+07
6.581044556817389280e+07,-1.519515620000000073e-09,7.885000000000000853e+01,6.307000000000000000e+07,6.970000000000000000e+07
6.581528929844251275e+07,-1.519403790000000077e-09,7.885500000000000398e+01,6.307000000000000000e+07,6.970000000000000000e+07
6.584410349723844975e+07,-1.518738880000000046e-09,7.885999999999999943e+01,6.307000000000000000e+07,6.970000000000000000e+07
6.583156690781427175e+07,-1.519028100000000300e-09,7.886499999999999488e+01,6.307000000000000000e+07,6.970000000000000000e+07
6.582735039516817033e+07,-1.519125400000000090e-09,7.887000000000000455e+01,6.307000000000000000e+07,6.970000000000000000e+07
6.586746639782729000e+07,-1.518200190000000008e-09,7.887500000000000000e+01,6.307000000000000000e+07,6.970000000000000000e+07
6.589031751469998807e+07,-1.517673670000000004e-09,7.887999999999999545e+01,6.307000000000000000e+07,6.970000000000000000e+07
6.589875245819645375e+07,-1.517479410000000077e-09,7.888500000000000512e+01,6.307000000000000000e+07,6.970000000000000000e+07
6.594219841872981936e+07,-1.516479620000000085e-09,7.889000000000000057e+01,6.307000000000000000e+07,6.970000000000000000e+07
6.597451004871287197e+07,-1.515736910000000069e-09,7.889499999999999602e+01,6.307000000000000000e+07,6.970000000000000000e+07
6.596278395560292900e+07,-1.516006360000000142e-09,7.890000000000000568e+01,6.307000000000000000e+07,6.970000000000000000e+07
6.597307588633541018e+07,-1.515769860000000026e-09,7.890500000000000114e+01,6.307000000000000000e+07,6.970000000000000000e+07
6.599623467722520977e+07,-1.515237960000000251e-09,7.890999999999999659e+01,6.307000000000000000e+07,6.970000000000000000e+07
6.597845551389771700e+07,-1.515646269999999962e-09,7.891500000000000625e+01,6.307000000000000000e+07,6.970000000000000000e+07
6.596917153743997216e+07,-1.515859570000000127e-09,7.892000000000000171e+01,6.307000000000000000e+07,6.970000000000000000e+07
6.600191387069688737e+07,-1.515107580000000131e-09,7.892499999999999716e+01,6.307000000000000000e+07,6.970000000000000000e+07
6.600263440274849534e+07,-1.515091040000000070e-09,7.893000000000000682e+01,6.307000000000000000e+07,6.970000000000000000e+07
6.598994984941984713e+07,-1.515382269999999972e-09,7.893500000000000227e+01,6.307000000000000000e+07,6.970000000000000000e+07
6.604100257347918302e+07,-1.514210810000000182e-09,7.893999999999999773e+01,6.307000000000000000e+07,6.970000000000000000e+07
6.609870254856767505e+07,-1.512889000000000027e-09,7.894500000000000739e+01,6.307000000000000000e+07,6.970000000000000000e+07
6.610913658545595407e+07,-1.512650220000000094e-09,7.895000000000000284e+01,6.307000000000000000e+07,6.970000000000000000e+07
6.614546903371755779e+07,-1.511819350000000058e-09,7.895499999999999829e+01,6.307000000000000000e+07,6.970000000000000000e+07
6.618119933225288242e+07,-1.511003139999999981e-09,7.896000000000000796e+01,6.307000000000000000e+07,6.970000000000000000e+07
6.616948197189635038e+07,-1.511270710000000158e-09,7.896500000000000341e+01,6.307000000000000000e+07,6.970000000000000000e+07
6.616835148824167997e+07,-1.511296530000000199e-09,7.896999999999999886e+01,6.307000000000000000e+07,6.970000000000000000e+07
6.620068796814148128e+07,-1.510558319999999964e-09,7.897500000000000853e+01,6.307000000000000000e+07,6.970000000000000000e+07
6.619845119985222816e+07,-1.510609360000000063e-09,7.898000000000000398e+01,6.307000000000000000e+07,6.970000000000000000e+07
6.617778577440728247e+07,-1.511081080000000176e-09,7.898499999999999943e+01,6.307000000000000000e+07,6.970000000000000000e+07
6.620847751884525269e+07,-1.510380600000000098e-09,7.898999999999999488e+01,6.307000000000000000e+07,6.970000000000000000e+07
6.625140901840414852e+07,-1.509401860000000199e-09,7.899500000000000455e+01,6.307000000000000000e+07,6.970000000000000000e+07
6.625749263745085150e+07,-1.509263270000000109e-09,7.900000000000000000e+01,6.307000000000000000e+07,6.970000000000000000e+07
6.629546290094294399e+07,-1.508398850000000132e-09,7.900499999999999545e+01,6.307000000000000000e+07,6.970000000000000000e+07
6.633392640506915003e+07,-1.507524209999999916e-09,7.901000000000000512e+01,6.307000000000000000e+07,6.970000000000000000e+07
6.632063785438623279e+07,-1.507826270000000086e-09,7.901500000000000057e+01,6.307000000000000000e+07,6.970000000000000000e+07
6.631392433522877097e+07,-1.507978920000000150e-09,7.901999999999999602e+01,6.307000000000000000e+07,6.970000000000000000e+07
6.632614250279165059e+07,-1.507701130000000148e-09,7.902500000000000568e+01,6.307000000000000000e+07,6.970000000000000000e+07
6.629665355177427083e+07,-1.508371760000000017e-09,7.903000000000000114e+01,6.307000000000000000e+07,6.970000000000000000e+07
6.625140901840414852e+07,-1.509401860000000199e-09,7.903499999999999659e+01,6.307000000000000000e+07,6.970000000000000000e+07
6.624966433779441565e+07,-1.509441610000000256e-09,7.904000000000000625e+01,6.307000000000000000e+07,6.970000000000000000e+07
6.623381061041933298e+07,-1.509802910000000243e-09,7.904500000000000171e+01,6.307000000000000000e+07,6.970000000000000000e+07
6.617368681693369150e+07,-1.511174680000000235e-09,7.904999999999999716e+01,6.307000000000000000e+07,6.970000000000000000e+07
6.615151264397190511e+07,-1.511681229999999994e-09,7.905500000000000682e+01,6.307000000000000000e+07,6.970000000000000000e+07
6.614602512924536318e+07,-1.511806640000000101e-09,7.906000000000000227e+01,6.307000000000000000e+07,6.970000000000000000e+07
6.610130266564276814e+07,-1.512829490000000247e-09,7.906499999999999773e+01,6.307000000000000000e+07,6.970000000000000000e+07
6.606469616598490626e+07,-1.513667750000000116e-09,7.907000000000000739e+01,6.307000000000000000e+07,6.970000000000000000e+07
6.607068966515136510e+07,-1.513530440000000145e-09,7.907500000000000284e+01,6.307000000000000000e+07,6.970000000000000000e+07
6.604578608269193769e+07,-1.514101140000000088e-09,7.907999999999999829e+01,6.307000000000000000e+07,6.970000000000000000e+07
6.601184021371994168e+07,-1.514879749999999966e-09,7.908500000000000796e+01,6.307000000000000000e+07,6.970000000000000000e+07
6.602580828678959608e+07,-1.514559270000000046e-09,7.909000000000000341e+01,6.307000000000000000e+07,6.970000000000000000e+07
6.602762882549968362e+07,-1.514517509999999928e-09,7.909499999999999886e+01,6.307000000000000000e+07,6.970000000000000000e+07
6.599845736525723338e+07,-1.515186930000000197e-09,7.910000000000000853e+01,6.307000000000000000e+07,6.970000000000000000e+07
6.601365954643334448e+07,-1.514838000000000099e-09,7.910500000000000398e+01,6.307000000000000000e+07,6.970000000000000000e+07
6.604898361710442603e+07,-1.514027840000000090e-09,7.910999999999999943e+01,6.307000000000000000e+07,6.970000000000000000e+07
6.604480071123381704e+07,-1.514123730000000009e-09,7.911499999999999488e+01,6.307000000000000000e+07,6.970000000000000000e+07
6.605788512430726737e+07,-1.513823820000000112e-09,7.912000000000000455e+01,6.307000000000000000e+07,6.970000000000000000e+07
6.611549134689375758e+07,-1.512504829999999905e-09,7.912500000000000000e+01,6.307000000000000000e+07,6.970000000000000000e+07
6.613376475827040523e+07,-1.512086910000000191e-09,7.912999999999999545e+01,6.307000000000000000e+07,6.970000000000000000e+07
6.613426467308364809e+07,-1.512075480000000145e-09,7.913500000000000512e+01,6.307000000000000000e+07,6.970000000000000000e+07
6.617882811166496575e+07,-1.511057280000000034e-09,7.914000000000000057e+01,6.307000000000000000e+07,6.970000000000000000e+07
6.620812376724197716e+07,-1.510388670000000065e-09,7.914499999999999602e+01,6.307000000000000000e+07,6.970000000000000000e+07
6.619919662640949339e+07,-1.510592350000000182e-09,7.915000000000000568e+01,6.307000000000000000e+07,6.970000000000000000e+07
6.623338288870885968e+07,-1.509812660000000042e-09,7.915500000000000114e+01,6.307000000000000000e+07,6.970000000000000000e+07
6.627994747579282522e+07,-1.508751949999999987e-09,7.915999999999999659e+01,6.307000000000000000e+07,6.970000000000000000e+07
6.628320902282038331e+07,-1.508677710000000144e-09,7.916500000000000625e+01,6.307000000000000000e+07,6.970000000000000000e+07
6.629145262537685782e+07,-1.508490100000000062e-09,7.917000000000000171e+01,6.307000000000000000e+07,6.970000000000000000e+07
6.633223985520362109e+07,-1.507562540000000058e-09,7.917499999999999716e+01,6.307000000000000000e+07,6.970000000000000000e+07
6.633326066303517669e+07,-1.507539339999999900e-09,7.918000000000000682e+01,6.307000000000000000e+07,6.970000000000000000e+07
6.633115088148561120e+07,-1.507587290000000089e-09,7.918500000000000227e+01,6.307000000000000000e+07,6.970000000000000000e+07
6.638145872923649848e+07,-1.506444750000000088e-09,7.918999999999999773e+01,6.307000000000000000e+07,6.970000000000000000e+07
6.642007593554885685e+07,-1.505568890000000021e-09,7.919500000000000739e+01,6.307000000000000000e+07,6.970000000000000000e+07
6.642600657337146997e+07,-1.505434470000000103e-09,7.920000000000000284e+01,6.307000000000000000e+07,6.970000000000000000e+07
6.646026412585000694e+07,-1.504658480000000108e-09,7.920499999999999829e+01,6.307000000000000000e+07,6.970000000000000000e+07
6.649167034243701398e+07,-1.503947780000000204e-09,7.921000000000000796e+01,6.307000000000000000e+07,6.970000000000000000e+07
6.647247353931906819e+07,-1.504382110000000228e-09,7.921500000000000341e+01,6.307000000000000000e+07,6.970000000000000000e+07
6.646441059118092805e+07,-1.504564610000000087e-09,7.921999999999999886e+01,6.307000000000000000e+07,6.970000000000000000e+07
6.649012430494964123e+07,-1.503982750000000061e-09,7.922500000000000853e+01,6.307000000000000000e+07,6.970000000000000000e+07
6.648723800072237104e+07,-1.504048040000000153e-09,7.923000000000000398e+01,6.307000000000000000e+07,6.970000000000000000e+07
6.647174889850163460e+07,-1.504398510000000079e-09,7.923499999999999943e+01,6.307000000000000000e+07,6.970000000000000000e+07
6.649742672580388933e+07,-1.503817590000000104e-09,7.923999999999999488e+01,6.307000000000000000e+07,6.970000000000000000e+07
6.649570487950735539e+07,-1.503856530000000068e-09,7.924500000000000455e+01,6.307000000000000000e+07,6.970000000000000000e+07
6.645705932935363799e+07,-1.504731040000000118e-09,7.925000000000000000e+01,6.307000000000000000e+07,6.970000000000000000e+07
6.645637653917121142e+07,-1.504746500000000125e-09,7.925499999999999545e+01,6.307000000000000000e+07,6.970000000000000000e+07
6.647354639022286981e+07,-1.504357830000000015e-09,7.926000000000000512e+01,6.307000000000000000e+07,6.970000000000000000e+07
6.644754569611006975e+07,-1.504946480000000097e-09,7.926500000000000057e+01,6.307000000000000000e+07,6.970000000000000000e+07
6.643359723459788412e+07,-1.505262460000000030e-09,7.926999999999999602e+01,6.307000000000000000e+07,6.970000000000000000e+07
6.646275627191417664e+07,-1.504602060000000238e-09,7.927500000000000568e+01,6.307000000000000000e+07,6.970000000000000000e+07
6.644952600656031072e+07,-1.504901630000000069e-09,7.928000000000000114e+01,6.307000000000000000e+07,6.970000000000000000e+07
6.641631744247445464e+07,-1.505654090000000090e-09,7.928499999999999659e+01,6.307000000000000000e+07,6.970000000000000000e+07
6.643446360079988092e+07,-1.505242830000000059e-09,7.929000000000000625e+01,6.307000000000000000e+07,6.970000000000000000e+07
6.643703679309008271e+07,-1.505184530000000086e-09,7.929500000000000171e+01,6.307000000000000000e+07,6.970000000000000000e+07
6.639772445437023044e+07,-1.506075709999999950e-09,7.929999999999999716e+01,6.307000000000000000e+07,6.970000000000000000e+07
6.639738939806722850e+07,-1.506083310000000098e-09,7.930500000000000682e+01,6.307000000000000000e+07,6.970000000000000000e+07
6.639995398748788238e+07,-1.506025140000000084e-09,7.931000000000000227e+01,6.307000000000000000e+07,6.970000000000000000e+07
6.635521607371766865e+07,-1.507040530000000085e-09,7.931499999999999773e+01,6.307000000000000000e+07,6.970000000000000000e+07
6.631938652551353723e+07,-1.507854720000000263e-09,7.932000000000000739e+01,6.307000000000000000e+07,6.970000000000000000e+07
6.631474668476334959e+07,-1.507960219999999979e-09,7.932500000000000284e+01,6.307000000000000000e+07,6.970000000000000000e+07
6.628352183891912550e+07,-1.508670590000000066e-09,7.932999999999999829e+01,6.307000000000000000e+07,6.970000000000000000e+07
6.625557072697699070e+07,-1.509307050000000127e-09,7.933500000000000796e+01,6.307000000000000000e+07,6.970000000000000000e+07
6.628089858074700087e+07,-1.508730300000000117e-09,7.934000000000000341e+01,6.307000000000000000e+07,6.970000000000000000e+07
6.629525281638310105e+07,-1.508403630000000126e-09,7.934499999999999886e+01,6.307000000000000000e+07,6.970000000000000000e+07
6.627240637751825899e+07,-1.508923630000000037e-09,7.935000000000000853e+01,6.307000000000000000e+07,6.970000000000000000e+07
6.629224145768948644e+07,-1.508472150000000130e-09,7.935500000000000398e+01,6.307000000000000000e+07,6.970000000000000000e+07
6.634694207972331345e+07,-1.507228470000000190e-09,7.935999999999999943e+01,6.307000000000000000e+07,6.970000000000000000e+07
6.635458865005557239e+07,-1.507054780000000078e-09,7.936499999999999488e+01,6.307000000000000000e+07,6.970000000000000000e+07
6.635757881553407013e+07,-1.506986870000000102e-09,7.937000000000000455e+01,6.307000000000000000e+07,6.970000000000000000e+07
6.638954916430595517e+07,-1.506261169999999967e-09,7.937500000000000000e+01,6.307000000000000000e+07,6.970000000000000000e+07
6.639181958240793645e+07,-1.506209660000000049e-09,7.937999999999999545e+01,6.307000000000000000e+07,6.970000000000000000e+07
6.638455267572432756e+07,-1.506374540000000000e-09,7.938500000000000512e+01,6.307000000000000000e+07,6.970000000000000000e+07
6.642548105897999555e+07,-1.505446380000000011e-09,7.939000000000000057e+01,6.307000000000000000e+07,6.970000000000000000e+07
6.643890082685206085e+07,-1.505142299999999942e-09,7.939499999999999602e+01,6.307000000000000000e+07,6.970000000000000000e+07
6.641145320764894038e+07,-1.505764370000000213e-09,7.940000000000000568e+01,6.307000000000000000e+07,6.970000000000000000e+07
6.641362985141769797e+07,-1.505715020000000198e-09,7.940500000000000114e+01,6.307000000000000000e+07,6.970000000000000000e+07
6.642511924869894981e+07,-1.505454580000000144e-09,7.940999999999999659e+01,6.307000000000000000e+07,6.970000000000000000e+07
6.640474818917737901e+07,-1.505916410000000041e-09,7.941500000000000625e+01,6.307000000000000000e+07,6.970000000000000000e+07
6.640558734486941248e+07,-1.505897380000000055e-09,7.942000000000000171e+01,6.307000000000000000e+07,6.970000000000000000e+07
6.643985649921154231e+07,-1.505120650000000072e-09,7.942499999999999716e+01,6.307000000000000000e+07,6.970000000000000000e+07
6.643075687710127980e+07,-1.505326820000000115e-09,7.943000000000000682e+01,6.307000000000000000e+07,6.970000000000000000e+07
6.641064036592794210e+07,-1.505782800000000009e-09,7.943500000000000227e+01,6.307000000000000000e+07,6.970000000000000000e+07
6.643704297252245992e+07,-1.505184390000000083e-09,7.943999999999999773e+01,6.307000000000000000e+07,6.970000000000000000e+07
6.645591899810311943e+07,-1.504756860000000160e-09,7.944500000000000739e+01,6.307000000000000000e+07,6.970000000000000000e+07
6.645548840294908732e+07,-1.504766609999999959e-09,7.945000000000000284e+01,6.307000000000000000e+07,6.970000000000000000e+07
6.649785167385532707e+07,-1.503807980000000101e-09,7.945499999999999829e+01,6.307000000000000000e+07,6.970000000000000000e+07
6.653922099153792858e+07,-1.502873020000000013e-09,7.946000000000000796e+01,6.307000000000000000e+07,6.970000000000000000e+07
6.652885613291869313e+07,-1.503107160000000163e-09,7.946500000000000341e+01,6.307000000000000000e+07,6.970000000000000000e+07
6.653533921412581950e+07,-1.502960700000000170e-09,7.946999999999999886e+01,6.307000000000000000e+07,6.970000000000000000e+07
6.656589832224114239e+07,-1.502270720000000130e-09,7.947500000000000853e+01,6.307000000000000000e+07,6.970000000000000000e+07
6.654773388761739433e+07,-1.502680770000000148e-09,7.948000000000000398e+01,6.307000000000000000e+07,6.970000000000000000e+07
6.651504296562480927e+07,-1.503419309999999992e-09,7.948499999999999943e+01,6.307000000000000000e+07,6.970000000000000000e+07
6.653522278550867736e+07,-1.502963330000000098e-09,7.948999999999999488e+01,6.307000000000000000e+07,6.970000000000000000e+07
6.654207018914788961e+07,-1.502808670000000180e-09,7.949500000000000455e+01,6.307000000000000000e+07,6.970000000000000000e+07
6.650186042612144351e+07,-1.503717330000000156e-09,7.950000000000000000e+01,6.307000000000000000e+07,6.970000000000000000e+07
6.648816235116715729e+07,-1.504027130000000270e-09,7.950499999999999545e+01,6.307000000000000000e+07,6.970000000000000000e+07
6.647770953870440274e+07,-1.504263619999999928e-09,7.951000000000000512e+01,6.307000000000000000e+07,6.970000000000000000e+07
6.642798560016641021e+07,-1.505389620000000281e-09,7.951500000000000057e+01,6.307000000000000000e+07,6.970000000000000000e+07
6.640279700267867744e+07,-1.505960660000000085e-09,7.951999999999999602e+01,6.307000000000000000e+07,6.970000000000000000e+07
6.641747097227751464e+07,-1.505627940000000233e-09,7.952500000000000568e+01,6.307000000000000000e+07,6.970000000000000000e+07
6.640479581278981268e+07,-1.505915330000000193e-09,7.953000000000000114e+01,6.307000000000000000e+07,6.970000000000000000e+07
6.639423254016924649e+07,-1.506154920000000012e-09,7.953499999999999659e+01,6.307000000000000000e+07,6.970000000000000000e+07
6.643221100740946829e+07,-1.505293870000000158e-09,7.954000000000000625e+01,6.307000000000000000e+07,6.970000000000000000e+07
6.644497742913950235e+07,-1.505004650000000111e-09,7.954500000000000171e+01,6.307000000000000000e+07,6.970000000000000000e+07
6.643246344562003016e+07,-1.505288150000000113e-09,7.954999999999999716e+01,6.307000000000000000e+07,6.970000000000000000e+07
6.645430661353857815e+07,-1.504793370000000052e-09,7.955500000000000682e+01,6.307000000000000000e+07,6.970000000000000000e+07
6.646548318183002621e+07,-1.504540330000000082e-09,7.956000000000000227e+01,6.307000000000000000e+07,6.970000000000000000e+07
6.641918303435148299e+07,-1.505589130000000021e-09,7.956499999999999773e+01,6.307000000000000000e+07,6.970000000000000000e+07
6.638366645818875730e+07,-1.506394650000000248e-09,7.957000000000000739e+01,6.307000000000000000e+07,6.970000000000000000e+07
6.638032715982350707e+07,-1.506470430000000126e-09,7.957500000000000284e+01,6.307000000000000000e+07,6.970000000000000000e+07
6.634065849857039005e+07,-1.507371230000000037e-09,7.957999999999999829e+01,6.307000000000000000e+07,6.970000000000000000e+07
6.630057610161788017e+07,-1.508282520000000148e-09,7.958500000000000796e+01,6.307000000000000000e+07,6.970000000000000000e+07
6.630529397380357981e+07,-1.508175199999999976e-09,7.959000000000000341e+01,6.307000000000000000e+07,6.970000000000000000e+07
6.628556048806297034e+07,-1.508624189999999958e-09,7.959499999999999886e+01,6.307000000000000000e+07,6.970000000000000000e+07
6.622465857148803025e+07,-1.510011559999999960e-09,7.960000000000000853e+01,6.307000000000000000e+07,6.970000000000000000e+07
6.621333267031715810e+07,-1.510269850000000156e-09,7.960500000000000398e+01,6.307000000000000000e+07,6.970000000000000000e+07
6.621946235690098256e+07,-1.510130050000000053e-09,7.960999999999999943e+01,6.307000000000000000e+07,6.970000000000000000e+07
6.618978295966410637e+07,-1.510807189999999970e-09,7.961499999999999488e+01,6.307000000000000000e+07,6.970000000000000000e+07
6.618522256194140762e+07,-1.510911290000000067e-09,7.962000000000000455e+01,6.307000000000000000e+07,6.970000000000000000e+07
6.622246710701914132e+07,-1.510061530000000048e-09,7.962500000000000000e+01,6.307000000000000000e+07,6.970000000000000000e+07
6.621807935136265308e+07,-1.510161590000000139e-09,7.962999999999999545e+01,6.307000000000000000e+07,6.970000000000000000e+07
6.621223312985630333e+07,-1.510294930000000003e-09,7.963500000000000512e+01,6.307000000000000000e+07,6.970000000000000000e+07
6.626061587002842873e+07,-1.509192130000000014e-09,7.964000000000000057e+01,6.307000000000000000e+07,6.970000000000000000e+07
6.627769919856939465e+07,-1.508803130000000089e-09,7.964499999999999602e+01,6.307000000000000000e+07,6.970000000000000000e+07
6.626157256708344817e+07,-1.509170340000000140e-09,7.965000000000000568e+01,6.307000000000000000e+07,6.970000000000000000e+07
6.628477181473930925e+07,-1.508642140000000096e-09,7.965500000000000114e+01,6.307000000000000000e+07,6.970000000000000000e+07
6.629525896946843714e+07,-1.508403490000000122e-09,7.965999999999999659e+01,6.307000000000000000e+07,6.970000000000000000e+07
6.624793203767747432e+07,-1.509481080000000099e-09,7.966500000000000625e+01,6.307000000000000000e+07,6.970000000000000000e+07
6.621722431976684928e+07,-1.510181089999999945e-09,7.967000000000000171e+01,6.307000000000000000e+07,6.970000000000000000e+07
6.622093400137629360e+07,-1.510096490000000067e-09,7.967499999999999716e+01,6.307000000000000000e+07,6.970000000000000000e+07
6.618528432681901008e+07,-1.510909880000000196e-09,7.968000000000000682e+01,6.307000000000000000e+07,6.970000000000000000e+07
6.613410284506397694e+07,-1.512079180000000084e-09,7.968500000000000227e+01,6.307000000000000000e+07,6.970000000000000000e+07
6.613107943095872551e+07,-1.512148310000000118e-09,7.968999999999999773e+01,6.307000000000000000e+07,6.970000000000000000e+07
6.610798762254859507e+07,-1.512676509999999955e-09,7.969500000000000739e+01,6.307000000000000000e+07,6.970000000000000000e+07
6.605831058235573024e+07,-1.513814070000000105e-09,7.970000000000000284e+01,6.307000000000000000e+07,6.970000000000000000e+07
6.605556985585247725e+07,-1.513876880000000110e-09,7.970499999999999829e+01,6.307000000000000000e+07,6.970000000000000000e+07
6.605096685471332073e+07,-1.513982380000000239e-09,7.971000000000000796e+01,6.307000000000000000e+07,6.970000000000000000e+07
6.600245317917976528e+07,-1.515095199999999990e-09,7.971500000000000341e+01,6.307000000000000000e+07,6.970000000000000000e+07
6.597188464317222685e+07,-1.515797230000000148e-09,7.971999999999999886e+01,6.307000000000000000e+07,6.970000000000000000e+07
6.596242716824566573e+07,-1.516014560000000068e-09,7.972500000000000853e+01,6.307000000000000000e+07,6.970000000000000000e+07
6.592096519262290746e+07,-1.516968080000000117e-09,7.973000000000000398e+01,6.307000000000000000e+07,6.970000000000000000e+07
6.587497636982253939e+07,-1.518027110000000133e-09,7.973499999999999943e+01,6.307000000000000000e+07,6.970000000000000000e+07
6.589231164158873260e+07,-1.517627740000000128e-09,7.973999999999999488e+01,6.307000000000000000e+07,6.970000000000000000e+07
6.591037412415658683e+07,-1.517211840000000107e-09,7.974500000000000455e+01,6.307000000000000000e+07,6.970000000000000000e+07
6.588924908052211255e+07,-1.517698280000000239e-09,7.975000000000000000e+01,6.307000000000000000e+07,6.970000000000000000e+07
6.589070000606063008e+07,-1.517664860000000049e-09,7.975499999999999545e+01,6.307000000000000000e+07,6.970000000000000000e+07
6.589338017509228736e+07,-1.517603130000000100e-09,7.976000000000000512e+01,6.307000000000000000e+07,6.970000000000000000e+07
6.586052375726410747e+07,-1.518360230000000112e-09,7.976500000000000057e+01,6.307000000000000000e+07,6.970000000000000000e+07
6.585585985704430938e+07,-1.518467760000000185e-09,7.976999999999999602e+01,6.307000000000000000e+07,6.970000000000000000e+07
6.588250888895044476e+07,-1.517853550000000186e-09,7.977500000000000568e+01,6.307000000000000000e+07,6.970000000000000000e+07
6.587468171824093908e+07,-1.518033900000000188e-09,7.978000000000000114e+01,6.307000000000000000e+07,6.970000000000000000e+07
6.586231437077169865e+07,-1.518318950000000064e-09,7.978499999999999659e+01,6.307000000000000000e+07,6.970000000000000000e+07
6.590168778308317065e+07,-1.517411820000000079e-09,7.979000000000000625e+01,6.307000000000000000e+07,6.970000000000000000e+07
6.591979625403902680e+07,-1.516994980000000006e-09,7.979500000000000171e+01,6.307000000000000000e+07,6.970000000000000000e+07
6.590108323851156235e+07,-1.517425740000000049e-09,7.979999999999999716e+01,6.307000000000000000e+07,6.970000000000000000e+07
6.592485775278074294e+07,-1.516878510000000019e-09,7.980500000000000682e+01,6.307000000000000000e+07,6.970000000000000000e+07
6.595148045871812850e+07,-1.516266190000000168e-09,7.981000000000000227e+01,6.307000000000000000e+07,6.970000000000000000e+07
6.593135796655455232e+07,-1.516728960000000117e-09,7.981499999999999773e+01,6.307000000000000000e+07,6.970000000000000000e+07
6.593529827203627676e+07,-1.516638320000000009e-09,7.982000000000000739e+01,6.307000000000000000e+07,6.970000000000000000e+07
6.597231465218389034e+07,-1.515787350000000184e-09,7.982500000000000284e+01,6.307000000000000000e+07,6.970000000000000000e+07
6.595427954367870092e+07,-1.516201839999999921e-09,7.982999999999999829e+01,6.307000000000000000e+07,6.970000000000000000e+07
6.592622810245500505e+07,-1.516846979999999977e-09,7.983500000000000796e+01,6.307000000000000000e+07,6.970000000000000000e+07
6.593675731309190392e+07,-1.516604760000000230e-09,7.984000000000000341e+01,6.307000000000000000e+07,6.970000000000000000e+07
6.591406384057877213e+07,-1.517126909999999999e-09,7.984499999999999886e+01,6.307000000000000000e+07,6.970000000000000000e+07
6.586615922675026208e+07,-1.518230320000000018e-09,7.985000000000000853e+01,6.307000000000000000e+07,6.970000000000000000e+07
6.586868858247038722e+07,-1.518172020000000045e-09,7.985500000000000398e+01,6.307000000000000000e+07,6.970000000000000000e+07
6.587613807780834287e+07,-1.518000339999999995e-09,7.985999999999999943e+01,6.307000000000000000e+07,6.970000000000000000e+07
6.584032840734431148e+07,-1.518825960000000218e-09,7.986499999999999488e+01,6.307000000000000000e+07,6.970000000000000000e+07
6.583579566341325641e+07,-1.518930530000000134e-09,7.987000000000000455e+01,6.307000000000000000e+07,6.970000000000000000e+07
6.588775133393376321e+07,-1.517732780000000069e-09,7.987500000000000000e+01,6.307000000000000000e+07,6.970000000000000000e+07
6.592986439044425637e+07,-1.516763319999999944e-09,7.987999999999999545e+01,6.307000000000000000e+07,6.970000000000000000e+07
6.596953449053177238e+07,-1.515851229999999991e-09,7.988500000000000512e+01,6.307000000000000000e+07,6.970000000000000000e+07
6.602977166191837937e+07,-1.514468359999999977e-09,7.989000000000000057e+01,6.307000000000000000e+07,6.970000000000000000e+07
6.604976668943688273e+07,-1.514009890000000158e-09,7.989499999999999602e+01,6.307000000000000000e+07,6.970000000000000000e+07
6.604673658616372198e+07,-1.514079350000000214e-09,7.990000000000000568e+01,6.307000000000000000e+07,6.970000000000000000e+07
6.608733757558086514e+07,-1.513149170000000119e-09,7.990500000000000114e+01,6.307000000000000000e+07,6.970000000000000000e+07
6.612258447421349585e+07,-1.512342580000000296e-09,7.990999999999999659e+01,6.307000000000000000e+07,6.970000000000000000e+07
6.611940647756089270e+07,-1.512415270000000059e-09,7.991500000000000625e+01,6.307000000000000000e+07,6.970000000000000000e+07
6.613719389714280516e+07,-1.512008510000000221e-09,7.992000000000000171e+01,6.307000000000000000e+07,6.970000000000000000e+07
6.617894329632617533e+07,-1.511054650000000105e-09,7.992499999999999716e+01,6.307000000000000000e+07,6.970000000000000000e+07
6.617072765024451166e+07,-1.511242259999999981e-09,7.993000000000000682e+01,6.307000000000000000e+07,6.970000000000000000e+07
6.616292596700721979e+07,-1.511420460000000124e-09,7.993500000000000227e+01,6.307000000000000000e+07,6.970000000000000000e+07
6.620511462051771581e+07,-1.510457320000000028e-09,7.993999999999999773e+01,6.307000000000000000e+07,6.970000000000000000e+07
6.621765183280461282e+07,-1.510171340000000145e-09,7.994500000000000739e+01,6.307000000000000000e+07,6.970000000000000000e+07
6.620335177771954238e+07,-1.510497540000000111e-09,7.995000000000000284e+01,6.307000000000000000e+07,6.970000000000000000e+07
6.623663985447227955e+07,-1.509738419999999992e-09,7.995499999999999829e+01,6.307000000000000000e+07,6.970000000000000000e+07
6.627037468587262928e+07,-1.508969889999999935e-09,7.996000000000000796e+01,6.307000000000000000e+07,6.970000000000000000e+07
6.625273986549394578e+07,-1.509371540000000170e-09,7.996500000000000341e+01,6.307000000000000000e+07,6.970000000000000000e+07
6.625737717919685692e+07,-1.509265900000000038e-09,7.996999999999999886e+01,6.307000000000000000e+07,6.970000000000000000e+07
6.629151458868411928e+07,-1.508488690000000191e-09,7.997500000000000853e+01,6.307000000000000000e+07,6.970000000000000000e+07
6.628268005400049686e+07,-1.508689750000000218e-09,7.998000000000000398e+01,6.307000000000000000e+07,6.970000000000000000e+07
6.627437670158220083e+07,-1.508878769999999964e-09,7.998499999999999943e+01,6.307000000000000000e+07,6.970000000000000000e+07
6.630784529825358093e+07,-1.508117170000000172e-09,7.998999999999999488e+01,6.307000000000000000e+07,6.970000000000000000e+07
6.630184694204047322e+07,-1.508253609999999990e-09,7.999500000000000455e+01,6.307000000000000000e+07,6.970000000000000000e+07
6.625489163177661598e+07,-1.509322520000000178e-09,8.000000000000000000e+01,6.307000000000000000e+07,6.970000000000000000e+07
6.625372311140680313e+07,-1.509349140000000268e-09,8.000499999999999545e+01,6.307000000000000000e+07,6.970000000000000000e+07
6.624864654015119374e+07,-1.509464799999999955e-09,8.001000000000000512e+01,6.307000000000000000e+07,6.970000000000000000e+07
6.620470786974038929e+07,-1.510466600000000008e-09,8.001500000000000057e+01,6.307000000000000000e+07,6.970000000000000000e+07
6.619765846304460615e+07,-1.510627450000000204e-09,8.001999999999999602e+01,6.307000000000000000e+07,6.970000000000000000e+07
6.622339595097575337e+07,-1.510040349999999997e-09,8.002500000000000568e+01,6.307000000000000000e+07,6.970000000000000000e+07
6.619887847051674128e+07,-1.510599610000000263e-09,8.003000000000000114e+01,6.307000000000000000e+07,6.970000000000000000e+07
6.617894329632617533e+07,-1.511054650000000105e-09,8.003499999999999659e+01,6.307000000000000000e+07,6.970000000000000000e+07
6.621416699512203783e+07,-1.510250820000000169e-09,8.004000000000000625e+01,6.307000000000000000e+07,6.970000000000000000e+07
6.622613000834363699e+07,-1.509978010000000018e-09,8.004500000000000171e+01,6.307000000000000000e+07,6.970000000000000000e+07
6.621634300261675566e+07,-1.510201190000000148e-09,8.004999999999999716e+01,6.307000000000000000e+07,6.970000000000000000e+07
6.625801505815428495e+07,-1.509251370000000245e-09,8.005500000000000682e+01,6.307000000000000000e+07,6.970000000000000000e+07
6.629491307994392514e+07,-1.508411360000000025e-09,8.006000000000000227e+01,6.307000000000000000e+07,6.970000000000000000e+07
6.628820476765847951e+07,-1.508564010000000089e-09,8.006499999999999773e+01,6.307000000000000000e+07,6.970000000000000000e+07
6.631029920427111536e+07,-1.508061359999999918e-09,8.007000000000000739e+01,6.307000000000000000e+07,6.970000000000000000e+07
6.635734808193520457e+07,-1.506992110000000284e-09,8.007500000000000284e+01,6.307000000000000000e+07,6.970000000000000000e+07
6.635865368537448347e+07,-1.506962460000000138e-09,8.007999999999999829e+01,6.307000000000000000e+07,6.970000000000000000e+07
6.635603328331039101e+07,-1.507021970000000124e-09,8.008500000000000796e+01,6.307000000000000000e+07,6.970000000000000000e+07
6.639336061082421988e+07,-1.506174700000000238e-09,8.009000000000000341e+01,6.307000000000000000e+07,6.970000000000000000e+07
6.640733407378839701e+07,-1.505857770000000001e-09,8.009499999999999886e+01,6.307000000000000000e+07,6.970000000000000000e+07
6.639995971912843734e+07,-1.506025010000000125e-09,8.010000000000000853e+01,6.307000000000000000e+07,6.970000000000000000e+07
6.644466264576347917e+07,-1.505011780000000026e-09,8.010500000000000398e+01,6.307000000000000000e+07,6.970000000000000000e+07
6.647215275125215948e+07,-1.504389370000000102e-09,8.010999999999999943e+01,6.307000000000000000e+07,6.970000000000000000e+07
6.644378983284436911e+07,-1.505031550000000000e-09,8.011499999999999488e+01,6.307000000000000000e+07,6.970000000000000000e+07
6.644584453369405866e+07,-1.504985010000000095e-09,8.012000000000000455e+01,6.307000000000000000e+07,6.970000000000000000e+07
6.647641073596426100e+07,-1.504293010000000156e-09,8.012500000000000000e+01,6.307000000000000000e+07,6.970000000000000000e+07
6.646693883282911777e+07,-1.504507380000000125e-09,8.012999999999999545e+01,6.307000000000000000e+07,6.970000000000000000e+07
6.646256588691698015e+07,-1.504606370000000206e-09,8.013500000000000512e+01,6.307000000000000000e+07,6.970000000000000000e+07
6.650516419583022594e+07,-1.503642630000000125e-09,8.014000000000000057e+01,6.307000000000000000e+07,6.970000000000000000e+07
6.652682904606062174e+07,-1.503152960000000080e-09,8.014499999999999602e+01,6.307000000000000000e+07,6.970000000000000000e+07
6.653045133353370428e+07,-1.503071120000000089e-09,8.015000000000000568e+01,6.307000000000000000e+07,6.970000000000000000e+07
6.658527149908076227e+07,-1.501833630000000013e-09,8.015500000000000114e+01,6.307000000000000000e+07,6.970000000000000000e+07
6.663518953583373129e+07,-1.500708570000000124e-09,8.015999999999999659e+01,6.307000000000000000e+07,6.970000000000000000e+07
6.662954379424323142e+07,-1.500835729999999962e-09,8.016500000000000625e+01,6.307000000000000000e+07,6.970000000000000000e+07
6.664645368588311970e+07,-1.500454930000000169e-09,8.017000000000000171e+01,6.307000000000000000e+07,6.970000000000000000e+07
6.667952203398467600e+07,-1.499710810000000077e-09,8.017499999999999716e+01,6.307000000000000000e+07,6.970000000000000000e+07
6.666515958962554485e+07,-1.500033910000000088e-09,8.018000000000000682e+01,6.307000000000000000e+07,6.970000000000000000e+07
6.665586041857560724e+07,-1.500243180000000085e-09,8.018500000000000227e+01,6.307000000000000000e+07,6.970000000000000000e+07
6.669602981611330807e+07,-1.499339620000000080e-09,8.018999999999999773e+01,6.307000000000000000e+07,6.970000000000000000e+07
6.670455618867295235e+07,-1.499147970000000199e-09,8.019500000000000739e+01,6.307000000000000000e+07,6.970000000000000000e+07
6.669098086447023600e+07,-1.499453130000000116e-09,8.020000000000000284e+01,6.307000000000000000e+07,6.970000000000000000e+07
6.672439572418863326e+07,-1.498702219999999968e-09,8.020499999999999829e+01,6.307000000000000000e+07,6.970000000000000000e+07
6.675040103974696994e+07,-1.498118340000000042e-09,8.021000000000000796e+01,6.307000000000000000e+07,6.970000000000000000e+07
6.674232443079492450e+07,-1.498299630000000095e-09,8.021500000000000341e+01,6.307000000000000000e+07,6.970000000000000000e+07
6.676384767825481296e+07,-1.497816610000000102e-09,8.021999999999999886e+01,6.307000000000000000e+07,6.970000000000000000e+07
6.679360345713005215e+07,-1.497149349999999943e-09,8.022500000000000853e+01,6.307000000000000000e+07,6.970000000000000000e+07
6.676744767777308077e+07,-1.497735850000000166e-09,8.023000000000000398e+01,6.307000000000000000e+07,6.970000000000000000e+07
6.674461904213836789e+07,-1.498248119999999971e-09,8.023499999999999943e+01,6.307000000000000000e+07,6.970000000000000000e+07
6.675276527335309982e+07,-1.498065280000000251e-09,8.023999999999999488e+01,6.307000000000000000e+07,6.970000000000000000e+07
6.671377860284042358e+07,-1.498940729999999939e-09,8.024500000000000455e+01,6.307000000000000000e+07,6.970000000000000000e+07
6.664732605696044117e+07,-1.500435290000000154e-09,8.025000000000000000e+01,6.307000000000000000e+07,6.970000000000000000e+07
6.663519530815726519e+07,-1.500708439999999959e-09,8.025499999999999545e+01,6.307000000000000000e+07,6.970000000000000000e+07
6.661336442880711704e+07,-1.501200260000000069e-09,8.026000000000000512e+01,6.307000000000000000e+07,6.970000000000000000e+07
6.653125206101343781e+07,-1.503053030000000154e-09,8.026500000000000057e+01,6.307000000000000000e+07,6.970000000000000000e+07
6.648460743382346630e+07,-1.504107550000000139e-09,8.026999999999999602e+01,6.307000000000000000e+07,6.970000000000000000e+07
6.646149957440382242e+07,-1.504630510000000001e-09,8.027500000000000568e+01,6.307000000000000000e+07,6.970000000000000000e+07
6.640633744365762174e+07,-1.505880370000000175e-09,8.028000000000000114e+01,6.307000000000000000e+07,6.970000000000000000e+07
6.637346542307837307e+07,-1.506626170000000100e-09,8.028499999999999659e+01,6.307000000000000000e+07,6.970000000000000000e+07
6.638434819578428566e+07,-1.506379179999999990e-09,8.029000000000000625e+01,6.307000000000000000e+07,6.970000000000000000e+07
6.635841677948482335e+07,-1.506967840000000116e-09,8.029500000000000171e+01,6.307000000000000000e+07,6.970000000000000000e+07
6.630402256161453575e+07,-1.508204120000000179e-09,8.029999999999999716e+01,6.307000000000000000e+07,6.970000000000000000e+07
6.631134000371038169e+07,-1.508037690000000148e-09,8.030500000000000682e+01,6.307000000000000000e+07,6.970000000000000000e+07
6.631738757612845302e+07,-1.507900170000000275e-09,8.031000000000000227e+01,6.307000000000000000e+07,6.970000000000000000e+07
6.629265499789541215e+07,-1.508462739999999984e-09,8.031499999999999773e+01,6.307000000000000000e+07,6.970000000000000000e+07
6.630284615310356021e+07,-1.508230880000000065e-09,8.032000000000000739e+01,6.307000000000000000e+07,6.970000000000000000e+07
6.632015579029043764e+07,-1.507837230000000106e-09,8.032500000000000284e+01,6.307000000000000000e+07,6.970000000000000000e+07
6.629294768728036433e+07,-1.508456080000000095e-09,8.032999999999999829e+01,6.307000000000000000e+07,6.970000000000000000e+07
6.628347482844610512e+07,-1.508671660000000077e-09,8.033500000000000796e+01,6.307000000000000000e+07,6.970000000000000000e+07
6.631286278689646721e+07,-1.508003060000000152e-09,8.034000000000000341e+01,6.307000000000000000e+07,6.970000000000000000e+07
6.630973462711583078e+07,-1.508074200000000041e-09,8.034499999999999886e+01,6.307000000000000000e+07,6.970000000000000000e+07
6.628231935834261030e+07,-1.508697959999999982e-09,8.035000000000000853e+01,6.307000000000000000e+07,6.970000000000000000e+07
6.630191507910156250e+07,-1.508252060000000117e-09,8.035500000000000398e+01,6.307000000000000000e+07,6.970000000000000000e+07
6.630624580633715540e+07,-1.508153550000000106e-09,8.035999999999999943e+01,6.307000000000000000e+07,6.970000000000000000e+07
6.627206687519569695e+07,-1.508931360000000144e-09,8.036499999999999488e+01,6.307000000000000000e+07,6.970000000000000000e+07
6.626518622465526313e+07,-1.509088039999999961e-09,8.037000000000000455e+01,6.307000000000000000e+07,6.970000000000000000e+07
6.627048404094085097e+07,-1.508967400000000010e-09,8.037500000000000000e+01,6.307000000000000000e+07,6.970000000000000000e+07
6.623189621488355845e+07,-1.509846550000000050e-09,8.037999999999999545e+01,6.307000000000000000e+07,6.970000000000000000e+07
6.620992763307876885e+07,-1.510347520000000182e-09,8.038500000000000512e+01,6.307000000000000000e+07,6.970000000000000000e+07
6.622512740671467036e+07,-1.510000870000000109e-09,8.039000000000000057e+01,6.307000000000000000e+07,6.970000000000000000e+07
6.622009336688819528e+07,-1.510115660000000263e-09,8.039499999999999602e+01,6.307000000000000000e+07,6.970000000000000000e+07
6.619479705585400760e+07,-1.510692750000000134e-09,8.040000000000000568e+01,6.307000000000000000e+07,6.970000000000000000e+07
6.621172589802136272e+07,-1.510306500000000052e-09,8.040500000000000114e+01,6.307000000000000000e+07,6.970000000000000000e+07
6.621630178736405820e+07,-1.510202129999999993e-09,8.040999999999999659e+01,6.307000000000000000e+07,6.970000000000000000e+07
6.618980355078113824e+07,-1.510806719999999944e-09,8.041500000000000625e+01,6.307000000000000000e+07,6.970000000000000000e+07
6.620596933940650523e+07,-1.510437820000000016e-09,8.042000000000000171e+01,6.307000000000000000e+07,6.970000000000000000e+07
6.625555009492035955e+07,-1.509307519999999946e-09,8.042499999999999716e+01,6.307000000000000000e+07,6.970000000000000000e+07
6.627412546337459981e+07,-1.508884490000000216e-09,8.043000000000000682e+01,6.307000000000000000e+07,6.970000000000000000e+07
6.631863838975215703e+07,-1.507871730000000143e-09,8.043500000000000227e+01,6.307000000000000000e+07,6.970000000000000000e+07
6.639783996140585840e+07,-1.506073090000000066e-09,8.043999999999999773e+01,6.307000000000000000e+07,6.970000000000000000e+07
6.642848423644097894e+07,-1.505378319999999988e-09,8.044500000000000739e+01,6.307000000000000000e+07,6.970000000000000000e+07
6.644825523859272897e+07,-1.504930410000000061e-09,8.045000000000000284e+01,6.307000000000000000e+07,6.970000000000000000e+07
6.652030027609450370e+07,-1.503300490000000083e-09,8.045499999999999829e+01,6.307000000000000000e+07,6.970000000000000000e+07
6.658298206759827584e+07,-1.501885270000000096e-09,8.046000000000000796e+01,6.307000000000000000e+07,6.970000000000000000e+07
6.660022317601586133e+07,-1.501496470000000028e-09,8.046500000000000341e+01,6.307000000000000000e+07,6.970000000000000000e+07
6.664639994075401127e+07,-1.500456140000000183e-09,8.046999999999999886e+01,6.307000000000000000e+07,6.970000000000000000e+07
6.670412192051331699e+07,-1.499157730000000250e-09,8.047500000000000853e+01,6.307000000000000000e+07,6.970000000000000000e+07
6.670973269116587192e+07,-1.499031640000000215e-09,8.048000000000000398e+01,6.307000000000000000e+07,6.970000000000000000e+07
6.672114492630662769e+07,-1.498775240000000166e-09,8.048499999999999943e+01,6.307000000000000000e+07,6.970000000000000000e+07
6.676264865613363683e+07,-1.497843510000000198e-09,8.048999999999999488e+01,6.307000000000000000e+07,6.970000000000000000e+07
6.676526249060053378e+07,-1.497784870000000158e-09,8.049500000000000455e+01,6.307000000000000000e+07,6.970000000000000000e+07
6.676568195342177898e+07,-1.497775460000000013e-09,8.050000000000000000e+01,6.307000000000000000e+07,6.970000000000000000e+07
6.682156931030190736e+07,-1.496522770000000054e-09,8.050499999999999545e+01,6.307000000000000000e+07,6.970000000000000000e+07
6.687385390335295349e+07,-1.495352730000000178e-09,8.051000000000000512e+01,6.307000000000000000e+07,6.970000000000000000e+07
6.687457257952867448e+07,-1.495336660000000143e-09,8.051500000000000057e+01,6.307000000000000000e+07,6.970000000000000000e+07
6.690626961524559557e+07,-1.494628240000000057e-09,8.051999999999999602e+01,6.307000000000000000e+07,6.970000000000000000e+07
6.697107430898776650e+07,-1.493181960000000053e-09,8.052500000000000568e+01,6.307000000000000000e+07,6.970000000000000000e+07
6.698776268221199512e+07,-1.492809970000000008e-09,8.053000000000000114e+01,6.307000000000000000e+07,6.970000000000000000e+07
6.701979351188214123e+07,-1.492096510000000218e-09,8.053499999999999659e+01,6.307000000000000000e+07,6.970000000000000000e+07
6.709926592262393236e+07,-1.490329270000000017e-09,8.054000000000000625e+01,6.307000000000000000e+07,6.970000000000000000e+07
6.713964397377584875e+07,-1.489432979999999931e-09,8.054500000000000171e+01,6.307000000000000000e+07,6.970000000000000000e+07
6.715023656054662168e+07,-1.489198030000000102e-09,8.054999999999999716e+01,6.307000000000000000e+07,6.970000000000000000e+07
6.718247444649080932e+07,-1.488483430000000197e-09,8.055500000000000682e+01,6.307000000000000000e+07,6.970000000000000000e+07
6.718204070339488983e+07,-1.488493040000000200e-09,8.056000000000000227e+01,6.307000000000000000e+07,6.970000000000000000e+07
6.713947718811383843e+07,-1.489436680000000077e-09,8.056499999999999773e+01,6.307000000000000000e+07,6.970000000000000000e+07
6.712760012298044562e+07,-1.489700210000000248e-09,8.057000000000000739e+01,6.307000000000000000e+07,6.970000000000000000e+07
6.714093546377699077e+07,-1.489404330000000104e-09,8.057500000000000284e+01,6.307000000000000000e+07,6.970000000000000000e+07
6.712038030138997734e+07,-1.489860450000000001e-09,8.057999999999999829e+01,6.307000000000000000e+07,6.970000000000000000e+07
6.712293751937210560e+07,-1.489803690000000064e-09,8.058500000000000796e+01,6.307000000000000000e+07,6.970000000000000000e+07
6.716162726336529851e+07,-1.488945460000000158e-09,8.059000000000000341e+01,6.307000000000000000e+07,6.970000000000000000e+07
6.714440041853253543e+07,-1.489327470000000171e-09,8.059499999999999886e+01,6.307000000000000000e+07,6.970000000000000000e+07
6.709578446579610556e+07,-1.490406600000000183e-09,8.060000000000000853e+01,6.307000000000000000e+07,6.970000000000000000e+07
6.707604383588497341e+07,-1.490845229999999923e-09,8.060500000000000398e+01,6.307000000000000000e+07,6.970000000000000000e+07
6.702360220065831393e+07,-1.492011720000000114e-09,8.060999999999999943e+01,6.307000000000000000e+07,6.970000000000000000e+07
6.692354018326596171e+07,-1.494242530000000105e-09,8.061499999999999488e+01,6.307000000000000000e+07,6.970000000000000000e+07
6.685123535099742562e+07,-1.495858670000000116e-09,8.062000000000000455e+01,6.307000000000000000e+07,6.970000000000000000e+07
6.678900765406702459e+07,-1.497252370000000191e-09,8.062500000000000000e+01,6.307000000000000000e+07,6.970000000000000000e+07
6.670884978546566516e+07,-1.499051480000000294e-09,8.062999999999999545e+01,6.307000000000000000e+07,6.970000000000000000e+07
6.666790891203605384e+07,-1.499972050000000179e-09,8.063500000000000512e+01,6.307000000000000000e+07,6.970000000000000000e+07
6.669675980004337430e+07,-1.499323210000000184e-09,8.064000000000000057e+01,6.307000000000000000e+07,6.970000000000000000e+07
6.670900242323786765e+07,-1.499048050000000111e-09,8.064499999999999602e+01,6.307000000000000000e+07,6.970000000000000000e+07
6.670217445753622055e+07,-1.499201500000000223e-09,8.065000000000000568e+01,6.307000000000000000e+07,6.970000000000000000e+07
6.674847181376236677e+07,-1.498161639999999990e-09,8.065500000000000114e+01,6.307000000000000000e+07,6.970000000000000000e+07
6.677496363819436729e+07,-1.497567270000000070e-09,8.065999999999999659e+01,6.307000000000000000e+07,6.970000000000000000e+07
6.675660383361546695e+07,-1.497979140000000130e-09,8.066500000000000625e+01,6.307000000000000000e+07,6.970000000000000000e+07
6.677364739810907096e+07,-1.497596790000000050e-09,8.067000000000000171e+01,6.307000000000000000e+07,6.970000000000000000e+07
6.680586693398989737e+07,-1.496874520000000099e-09,8.067499999999999716e+01,6.307000000000000000e+07,6.970000000000000000e+07
6.679573651363687217e+07,-1.497101540000000170e-09,8.068000000000000682e+01,6.307000000000000000e+07,6.970000000000000000e+07
6.679960098995138705e+07,-1.497014930000000024e-09,8.068500000000000227e+01,6.307000000000000000e+07,6.970000000000000000e+07
6.684793866760452837e+07,-1.495932440000000140e-09,8.068999999999999773e+01,6.307000000000000000e+07,6.970000000000000000e+07
6.686193829469508678e+07,-1.495619220000000094e-09,8.069500000000000739e+01,6.307000000000000000e+07,6.970000000000000000e+07
6.685369075794456154e+07,-1.495803730000000015e-09,8.070000000000000284e+01,6.307000000000000000e+07,6.970000000000000000e+07
6.688787065186116099e+07,-1.495039370000000129e-09,8.070499999999999829e+01,6.307000000000000000e+07,6.970000000000000000e+07
6.689162856486057490e+07,-1.494955380000000073e-09,8.071000000000000796e+01,6.307000000000000000e+07,6.970000000000000000e+07
6.685060700317733735e+07,-1.495872730000000090e-09,8.071500000000000341e+01,6.307000000000000000e+07,6.970000000000000000e+07
6.685325499272810668e+07,-1.495813480000000021e-09,8.071999999999999886e+01,6.307000000000000000e+07,6.970000000000000000e+07
6.686742228280350566e+07,-1.495496560000000243e-09,8.072500000000000853e+01,6.307000000000000000e+07,6.970000000000000000e+07
6.684902367268323153e+07,-1.495908159999999927e-09,8.073000000000000398e+01,6.307000000000000000e+07,6.970000000000000000e+07
6.684160183332075924e+07,-1.496074260000000143e-09,8.073499999999999943e+01,6.307000000000000000e+07,6.970000000000000000e+07
6.686047154965583980e+07,-1.495652030000000047e-09,8.073999999999999488e+01,6.307000000000000000e+07,6.970000000000000000e+07
6.683763644953609258e+07,-1.496163020000000147e-09,8.074500000000000455e+01,6.307000000000000000e+07,6.970000000000000000e+07
6.680906305827532709e+07,-1.496802909999999977e-09,8.075000000000000000e+01,6.307000000000000000e+07,6.970000000000000000e+07
6.683601129635528475e+07,-1.496199400000000081e-09,8.075499999999999545e+01,6.307000000000000000e+07,6.970000000000000000e+07
6.685383467344853282e+07,-1.495800510000000146e-09,8.076000000000000512e+01,6.307000000000000000e+07,6.970000000000000000e+07
6.683826455355087668e+07,-1.496148959999999966e-09,8.076500000000000057e+01,6.307000000000000000e+07,6.970000000000000000e+07
6.686311406181301922e+07,-1.495592920000000189e-09,8.076999999999999602e+01,6.307000000000000000e+07,6.970000000000000000e+07
6.688960034005602449e+07,-1.495000710000000172e-09,8.077500000000000568e+01,6.307000000000000000e+07,6.970000000000000000e+07
6.687131607591520995e+07,-1.495409480000000071e-09,8.078000000000000114e+01,6.307000000000000000e+07,6.970000000000000000e+07
6.688217619833764434e+07,-1.495166660000000132e-09,8.078499999999999659e+01,6.307000000000000000e+07,6.970000000000000000e+07
6.692409421049297601e+07,-1.494230160000000215e-09,8.079000000000000625e+01,6.307000000000000000e+07,6.970000000000000000e+07
6.692159466638103127e+07,-1.494285970000000056e-09,8.079500000000000171e+01,6.307000000000000000e+07,6.970000000000000000e+07
6.691132972811966389e+07,-1.494515210000000091e-09,8.079999999999999716e+01,6.307000000000000000e+07,6.970000000000000000e+07
6.692125430212485045e+07,-1.494293569999999997e-09,8.080500000000000682e+01,6.307000000000000000e+07,6.970000000000000000e+07
6.690016250584673882e+07,-1.494764680000000081e-09,8.081000000000000227e+01,6.307000000000000000e+07,6.970000000000000000e+07
6.685090464014603198e+07,-1.495866069999999993e-09,8.081499999999999773e+01,6.307000000000000000e+07,6.970000000000000000e+07
6.685193566437118500e+07,-1.495843000000000208e-09,8.082000000000000739e+01,6.307000000000000000e+07,6.970000000000000000e+07
6.686726891920608282e+07,-1.495499990000000013e-09,8.082500000000000284e+01,6.307000000000000000e+07,6.970000000000000000e+07
6.684756598453048617e+07,-1.495940780000000069e-09,8.082999999999999829e+01,6.307000000000000000e+07,6.970000000000000000e+07
6.684362714830654860e+07,-1.496028930000000044e-09,8.083500000000000796e+01,6.307000000000000000e+07,6.970000000000000000e+07
6.686797538127099723e+07,-1.495484190000000146e-09,8.084000000000000341e+01,6.307000000000000000e+07,6.970000000000000000e+07
6.684740064684753865e+07,-1.495944480000000007e-09,8.084499999999999886e+01,6.307000000000000000e+07,6.970000000000000000e+07
6.681915823135489225e+07,-1.496576769999999897e-09,8.085000000000000853e+01,6.307000000000000000e+07,6.970000000000000000e+07
6.684549306662836671e+07,-1.495987170000000133e-09,8.085500000000000398e+01,6.307000000000000000e+07,6.970000000000000000e+07
6.685540392898511887e+07,-1.495765400000000080e-09,8.085999999999999943e+01,6.307000000000000000e+07,6.970000000000000000e+07
6.682994737622819096e+07,-1.496335160000000178e-09,8.086499999999999488e+01,6.307000000000000000e+07,6.970000000000000000e+07
6.684468475732498616e+07,-1.496005260000000068e-09,8.087000000000000455e+01,6.307000000000000000e+07,6.970000000000000000e+07
6.688118047316723317e+07,-1.495188920000000031e-09,8.087500000000000000e+01,6.307000000000000000e+07,6.970000000000000000e+07
6.687895160555463284e+07,-1.495238750000000117e-09,8.087999999999999545e+01,6.307000000000000000e+07,6.970000000000000000e+07
6.689272975497052073e+07,-1.494930770000000252e-09,8.088500000000000512e+01,6.307000000000000000e+07,6.970000000000000000e+07
6.693884626319847256e+07,-1.493900860000000296e-09,8.089000000000000057e+01,6.307000000000000000e+07,6.970000000000000000e+07
6.694754598849534243e+07,-1.493706730000000120e-09,8.089499999999999602e+01,6.307000000000000000e+07,6.970000000000000000e+07
6.694004534920312464e+07,-1.493874099999999996e-09,8.090000000000000568e+01,6.307000000000000000e+07,6.970000000000000000e+07
6.697838586055196822e+07,-1.493018959999999999e-09,8.090500000000000114e+01,6.307000000000000000e+07,6.970000000000000000e+07
6.699567573061213642e+07,-1.492633649999999968e-09,8.090999999999999659e+01,6.307000000000000000e+07,6.970000000000000000e+07
6.698703259664031863e+07,-1.492826240000000108e-09,8.091500000000000625e+01,6.307000000000000000e+07,6.970000000000000000e+07
6.703440040524171293e+07,-1.491771380000000263e-09,8.092000000000000171e+01,6.307000000000000000e+07,6.970000000000000000e+07
6.710040097455012053e+07,-1.490304060000000005e-09,8.092499999999999716e+01,6.307000000000000000e+07,6.970000000000000000e+07
6.711393450783345103e+07,-1.490003540000000078e-09,8.093000000000000682e+01,6.307000000000000000e+07,6.970000000000000000e+07
6.713190013305474818e+07,-1.489604790000000147e-09,8.093500000000000227e+01,6.307000000000000000e+07,6.970000000000000000e+07
6.716731481558226049e+07,-1.488819380000000168e-09,8.093999999999999773e+01,6.307000000000000000e+07,6.970000000000000000e+07
6.717111051142236590e+07,-1.488735250000000109e-09,8.094500000000000739e+01,6.307000000000000000e+07,6.970000000000000000e+07
6.718096607371291518e+07,-1.488516849999999973e-09,8.095000000000000284e+01,6.307000000000000000e+07,6.970000000000000000e+07
6.723373933188810945e+07,-1.487348480000000092e-09,8.095499999999999829e+01,6.307000000000000000e+07,6.970000000000000000e+07
6.725770043500934541e+07,-1.486818600000000216e-09,8.096000000000000796e+01,6.307000000000000000e+07,6.970000000000000000e+07
6.724071002182237804e+07,-1.487194289999999992e-09,8.096500000000000341e+01,6.307000000000000000e+07,6.970000000000000000e+07
6.726569820294709504e+07,-1.486641820000000194e-09,8.096999999999999886e+01,6.307000000000000000e+07,6.970000000000000000e+07
6.729236498337081075e+07,-1.486052690000000043e-09,8.097500000000000853e+01,6.307000000000000000e+07,6.970000000000000000e+07
6.725335670414379239e+07,-1.486914630000000139e-09,8.098000000000000398e+01,6.307000000000000000e+07,6.970000000000000000e+07
6.722831983830137551e+07,-1.487468380000000056e-09,8.098499999999999943e+01,6.307000000000000000e+07,6.970000000000000000e+07
6.724186523716199398e+07,-1.487168740000000120e-09,8.098999999999999488e+01,6.307000000000000000e+07,6.970000000000000000e+07
6.722328126152983308e+07,-1.487579870000000192e-09,8.099500000000000455e+01,6.307000000000000000e+07,6.970000000000000000e+07
6.720721609793478251e+07,-1.487935460000000179e-09,8.100000000000000000e+01,6.307000000000000000e+07,6.970000000000000000e+07
6.724375933364392817e+07,-1.487126850000000043e-09,8.100499999999999545e+01,6.307000000000000000e+07,6.970000000000000000e+07
6.727745671891517937e+07,-1.486381989999999962e-09,8.101000000000000512e+01,6.307000000000000000e+07,6.970000000000000000e+07
6.728561492696917057e+07,-1.486201770000000126e-09,8.101500000000000057e+01,6.307000000000000000e+07,6.970000000000000000e+07
6.735947321874238551e+07,-1.484572180000000171e-09,8.101999999999999602e+01,6.307000000000000000e+07,6.970000000000000000e+07
6.744519145764294267e+07,-1.482685390000000118e-09,8.102500000000000568e+01,6.307000000000000000e+07,6.970000000000000000e+07
6.749079268671660125e+07,-1.481683590000000064e-09,8.103000000000000114e+01,6.307000000000000000e+07,6.970000000000000000e+07
6.757426061544838548e+07,-1.479853410000000107e-09,8.103499999999999659e+01,6.307000000000000000e+07,6.970000000000000000e+07
6.769813210631100833e+07,-1.477145630000000191e-09,8.104000000000000625e+01,6.307000000000000000e+07,6.970000000000000000e+07
6.777782904794001579e+07,-1.475408720000000063e-09,8.104500000000000171e+01,6.307000000000000000e+07,6.970000000000000000e+07
6.784748198148979247e+07,-1.473894050000000014e-09,8.104999999999999716e+01,6.307000000000000000e+07,6.970000000000000000e+07
6.796228378691418469e+07,-1.471404350000000049e-09,8.105500000000000682e+01,6.307000000000000000e+07,6.970000000000000000e+07
6.804236165021452308e+07,-1.469672680000000102e-09,8.106000000000000227e+01,6.307000000000000000e+07,6.970000000000000000e+07
6.807726619943650067e+07,-1.468919150000000070e-09,8.106499999999999773e+01,6.307000000000000000e+07,6.970000000000000000e+07
6.814243696393579245e+07,-1.467514290000000118e-09,8.107000000000000739e+01,6.307000000000000000e+07,6.970000000000000000e+07
6.821114292728924751e+07,-1.466036130000000168e-09,8.107500000000000284e+01,6.307000000000000000e+07,6.970000000000000000e+07
6.822975765008416772e+07,-1.465636160000000179e-09,8.107999999999999829e+01,6.307000000000000000e+07,6.970000000000000000e+07
6.826504304360130429e+07,-1.464878590000000142e-09,8.108500000000000796e+01,6.307000000000000000e+07,6.970000000000000000e+07
6.833323920429632068e+07,-1.463416650000000275e-09,8.109000000000000341e+01,6.307000000000000000e+07,6.970000000000000000e+07
6.836355632607056201e+07,-1.462767670000000070e-09,8.109499999999999886e+01,6.307000000000000000e+07,6.970000000000000000e+07
6.839728766999085248e+07,-1.462046280000000109e-09,8.110000000000000853e+01,6.307000000000000000e+07,6.970000000000000000e+07
6.847395452767932415e+07,-1.460409300000000113e-09,8.110500000000000398e+01,6.307000000000000000e+07,6.970000000000000000e+07
6.851471404870231450e+07,-1.459540500000000064e-09,8.110999999999999943e+01,6.307000000000000000e+07,6.970000000000000000e+07
6.850767853585718572e+07,-1.459690390000000033e-09,8.111499999999999488e+01,6.307000000000000000e+07,6.970000000000000000e+07
6.851774104517318308e+07,-1.459476020000000272e-09,8.112000000000000455e+01,6.307000000000000000e+07,6.970000000000000000e+07
6.850836001008908451e+07,-1.459675870000000285e-09,8.112500000000000000e+01,6.307000000000000000e+07,6.970000000000000000e+07
6.844641631573104858e+07,-1.460996870000000140e-09,8.112999999999999545e+01,6.307000000000000000e+07,6.970000000000000000e+07
6.840708520091517270e+07,-1.461836879999999946e-09,8.113500000000000512e+01,6.307000000000000000e+07,6.970000000000000000e+07
6.839476154125350714e+07,-1.462100280000000158e-09,8.114000000000000057e+01,6.307000000000000000e+07,6.970000000000000000e+07
6.833201816975696385e+07,-1.463442799999999925e-09,8.114499999999999602e+01,6.307000000000000000e+07,6.970000000000000000e+07
6.826270840528079867e+07,-1.464928690000000189e-09,8.115000000000000568e+01,6.307000000000000000e+07,6.970000000000000000e+07
6.825570265304115415e+07,-1.465079049999999977e-09,8.115500000000000114e+01,6.307000000000000000e+07,6.970000000000000000e+07
6.822291178757721186e+07,-1.465783229999999994e-09,8.115999999999999659e+01,6.307000000000000000e+07,6.970000000000000000e+07
6.815936772535067797e+07,-1.467149760000000218e-09,8.116500000000000625e+01,6.307000000000000000e+07,6.970000000000000000e+07
6.814306150584553182e+07,-1.467500840000000174e-09,8.117000000000000171e+01,6.307000000000000000e+07,6.970000000000000000e+07
6.812157966231873631e+07,-1.467963610000000122e-09,8.117499999999999716e+01,6.307000000000000000e+07,6.970000000000000000e+07
6.805317571709705889e+07,-1.469439140000000144e-09,8.118000000000000682e+01,6.307000000000000000e+07,6.970000000000000000e+07
6.801496078842289746e+07,-1.470264760000000160e-09,8.118500000000000227e+01,6.307000000000000000e+07,6.970000000000000000e+07
6.800701372654245794e+07,-1.470436569999999962e-09,8.118999999999999773e+01,6.307000000000000000e+07,6.970000000000000000e+07
6.795160432378776371e+07,-1.471635599999999939e-09,8.119500000000000739e+01,6.307000000000000000e+07,6.970000000000000000e+07
6.788655640486918390e+07,-1.473045700000000072e-09,8.120000000000000284e+01,6.307000000000000000e+07,6.970000000000000000e+07
6.787080791712974012e+07,-1.473387500000000254e-09,8.120499999999999829e+01,6.307000000000000000e+07,6.970000000000000000e+07
6.783251265376520157e+07,-1.474219310000000134e-09,8.121000000000000796e+01,6.307000000000000000e+07,6.970000000000000000e+07
6.778086249236102402e+07,-1.475342689999999983e-09,8.121500000000000341e+01,6.307000000000000000e+07,6.970000000000000000e+07
6.778668941515657306e+07,-1.475215870000000006e-09,8.121999999999999886e+01,6.307000000000000000e+07,6.970000000000000000e+07
6.776857235845306516e+07,-1.475610249999999909e-09,8.122500000000000853e+01,6.307000000000000000e+07,6.970000000000000000e+07
6.769302882093656063e+07,-1.477256990000000162e-09,8.123000000000000398e+01,6.307000000000000000e+07,6.970000000000000000e+07
6.763902225331272185e+07,-1.478436510000000288e-09,8.123499999999999943e+01,6.307000000000000000e+07,6.970000000000000000e+07
6.760733712682609260e+07,-1.479129400000000056e-09,8.123999999999999488e+01,6.307000000000000000e+07,6.970000000000000000e+07
6.753983288281451166e+07,-1.480607750000000025e-09,8.124500000000000455e+01,6.307000000000000000e+07,6.970000000000000000e+07
6.748267709556554258e+07,-1.481861780000000163e-09,8.125000000000000000e+01,6.307000000000000000e+07,6.970000000000000000e+07
6.745882121295520663e+07,-1.482385820000000080e-09,8.125499999999999545e+01,6.307000000000000000e+07,6.970000000000000000e+07
6.742272578578034043e+07,-1.483179430000000191e-09,8.126000000000000512e+01,6.307000000000000000e+07,6.970000000000000000e+07
6.736862437823139131e+07,-1.484370519999999952e-09,8.126500000000000057e+01,6.307000000000000000e+07,6.970000000000000000e+07
6.735529644062821567e+07,-1.484664240000000193e-09,8.126999999999999602e+01,6.307000000000000000e+07,6.970000000000000000e+07
6.732978696572618186e+07,-1.485226740000000211e-09,8.127500000000000568e+01,6.307000000000000000e+07,6.970000000000000000e+07
6.724929980533413589e+07,-1.487004329999999988e-09,8.128000000000000114e+01,6.307000000000000000e+07,6.970000000000000000e+07
6.718678780955128372e+07,-1.488387870000000092e-09,8.128499999999999659e+01,6.307000000000000000e+07,6.970000000000000000e+07
6.715184050503127277e+07,-1.489162460000000055e-09,8.129000000000000625e+01,6.307000000000000000e+07,6.970000000000000000e+07
6.707110363301096112e+07,-1.490955040000000020e-09,8.129500000000000171e+01,6.307000000000000000e+07,6.970000000000000000e+07
6.698933778272941709e+07,-1.492774870000000193e-09,8.129999999999999716e+01,6.307000000000000000e+07,6.970000000000000000e+07
6.695600364521874487e+07,-1.493518050000000235e-09,8.130500000000000682e+01,6.307000000000000000e+07,6.970000000000000000e+07
6.691088739099054039e+07,-1.494525090000000056e-09,8.131000000000000227e+01,6.307000000000000000e+07,6.970000000000000000e+07
6.684789085311685503e+07,-1.495933510000000150e-09,8.131499999999999773e+01,6.307000000000000000e+07,6.970000000000000000e+07
6.683594250381904095e+07,-1.496200940000000117e-09,8.132000000000000739e+01,6.307000000000000000e+07,6.970000000000000000e+07
6.682140990582230687e+07,-1.496526340000000034e-09,8.132500000000000284e+01,6.307000000000000000e+07,6.970000000000000000e+07
6.676338589363229275e+07,-1.497826970000000137e-09,8.132999999999999829e+01,6.307000000000000000e+07,6.970000000000000000e+07
6.673837705280990899e+07,-1.498388250000000096e-09,8.133500000000000796e+01,6.307000000000000000e+07,6.970000000000000000e+07
6.673748136322464049e+07,-1.498408360000000138e-09,8.134000000000000341e+01,6.307000000000000000e+07,6.970000000000000000e+07
6.669448938448823243e+07,-1.499374250000000076e-09,8.134499999999999886e+01,6.307000000000000000e+07,6.970000000000000000e+07
6.666156439052821696e+07,-1.500114810000000027e-09,8.135000000000000853e+01,6.307000000000000000e+07,6.970000000000000000e+07
6.667950113704552501e+07,-1.499711280000000102e-09,8.135500000000000398e+01,6.307000000000000000e+07,6.970000000000000000e+07
6.665753058552461118e+07,-1.500205590000000138e-09,8.135999999999999943e+01,6.307000000000000000e+07,6.970000000000000000e+07
6.659954320705305040e+07,-1.501511800000000076e-09,8.136499999999999488e+01,6.307000000000000000e+07,6.970000000000000000e+07
6.658899548662451655e+07,-1.501749640000000164e-09,8.137000000000000455e+01,6.307000000000000000e+07,6.970000000000000000e+07
6.657273165466551483e+07,-1.502116519999999986e-09,8.137500000000000000e+01,6.307000000000000000e+07,6.970000000000000000e+07
6.652872512095122039e+07,-1.503110120000000114e-09,8.137999999999999545e+01,6.307000000000000000e+07,6.970000000000000000e+07
6.652418649451644719e+07,-1.503212669999999923e-09,8.138500000000000512e+01,6.307000000000000000e+07,6.970000000000000000e+07
6.654987828526385128e+07,-1.502632350000000140e-09,8.139000000000000057e+01,6.307000000000000000e+07,6.970000000000000000e+07
6.653857193107073009e+07,-1.502887679999999972e-09,8.139499999999999602e+01,6.307000000000000000e+07,6.970000000000000000e+07
6.653675011344348639e+07,-1.502928830000000268e-09,8.140000000000000568e+01,6.307000000000000000e+07,6.970000000000000000e+07
6.658591570715806633e+07,-1.501819100000000220e-09,8.140500000000000114e+01,6.307000000000000000e+07,6.970000000000000000e+07
6.660075101537673920e+07,-1.501484569999999957e-09,8.140999999999999659e+01,6.307000000000000000e+07,6.970000000000000000e+07
6.658623138696762919e+07,-1.501811980000000142e-09,8.141500000000000625e+01,6.307000000000000000e+07,6.970000000000000000e+07
6.661645296086350828e+07,-1.501130660000000216e-09,8.142000000000000171e+01,6.307000000000000000e+07,6.970000000000000000e+07
6.664441365265195817e+07,-1.500500860000000045e-09,8.142499999999999716e+01,6.307000000000000000e+07,6.970000000000000000e+07
6.663113805544033647e+07,-1.500799820000000054e-09,8.143000000000000682e+01,6.307000000000000000e+07,6.970000000000000000e+07
6.664413917045000941e+07,-1.500507040000000071e-09,8.143500000000000227e+01,6.307000000000000000e+07,6.970000000000000000e+07
6.668309827118866891e+07,-1.499630379999999956e-09,8.143999999999999773e+01,6.307000000000000000e+07,6.970000000000000000e+07
6.667977635522995144e+07,-1.499705090000000032e-09,8.144500000000000739e+01,6.307000000000000000e+07,6.970000000000000000e+07
6.667428175863392651e+07,-1.499828680000000096e-09,8.145000000000000284e+01,6.307000000000000000e+07,6.970000000000000000e+07
6.668162691193644702e+07,-1.499663470000000123e-09,8.145499999999999829e+01,6.307000000000000000e+07,6.970000000000000000e+07
6.663093205360011011e+07,-1.500804460000000044e-09,8.146000000000000796e+01,6.307000000000000000e+07,6.970000000000000000e+07
6.653911074776911736e+07,-1.502875510000000145e-09,8.146500000000000341e+01,6.307000000000000000e+07,6.970000000000000000e+07
6.649518445198958367e+07,-1.503868299999999973e-09,8.146999999999999886e+01,6.307000000000000000e+07,6.970000000000000000e+07
6.644422645717936754e+07,-1.505021659999999991e-09,8.147500000000000853e+01,6.307000000000000000e+07,6.970000000000000000e+07
6.634587947404515743e+07,-1.507252610000000192e-09,8.148000000000000398e+01,6.307000000000000000e+07,6.970000000000000000e+07
6.626973700808479637e+07,-1.508984410000000097e-09,8.148499999999999943e+01,6.307000000000000000e+07,6.970000000000000000e+07
6.621746898809131980e+07,-1.510175510000000110e-09,8.148999999999999488e+01,6.307000000000000000e+07,6.970000000000000000e+07
6.612501900267732888e+07,-1.512286900000000207e-09,8.149500000000000455e+01,6.307000000000000000e+07,6.970000000000000000e+07
6.604552217997194827e+07,-1.514107190000000155e-09,8.150000000000000000e+01,6.307000000000000000e+07,6.970000000000000000e+07
6.600369214093245566e+07,-1.515066760000000064e-09,8.150499999999999545e+01,6.307000000000000000e+07,6.970000000000000000e+07
6.593640037246945500e+07,-1.516612969999999993e-09,8.151000000000000512e+01,6.307000000000000000e+07,6.970000000000000000e+07
6.585831555477128923e+07,-1.518411140000000045e-09,8.151500000000000057e+01,6.307000000000000000e+07,6.970000000000000000e+07
6.584126693714742362e+07,-1.518804309999999934e-09,8.151999999999999602e+01,6.307000000000000000e+07,6.970000000000000000e+07
6.583873968692928553e+07,-1.518862610000000114e-09,8.152500000000000568e+01,6.307000000000000000e+07,6.970000000000000000e+07
6.580448446638093889e+07,-1.519653270000000112e-09,8.153000000000000114e+01,6.307000000000000000e+07,6.970000000000000000e+07
6.580761190724245459e+07,-1.519581050000000168e-09,8.153499999999999659e+01,6.307000000000000000e+07,6.970000000000000000e+07
6.582583509600108862e+07,-1.519160370000000153e-09,8.154000000000000625e+01,6.307000000000000000e+07,6.970000000000000000e+07
6.579922062665545940e+07,-1.519774840000000070e-09,8.154500000000000171e+01,6.307000000000000000e+07,6.970000000000000000e+07
6.577569064787614346e+07,-1.520318510000000165e-09,8.154999999999999716e+01,6.307000000000000000e+07,6.970000000000000000e+07
6.578380286073102802e+07,-1.520131030000000041e-09,8.155500000000000682e+01,6.307000000000000000e+07,6.970000000000000000e+07
6.575912671248438209e+07,-1.520701460000000022e-09,8.156000000000000227e+01,6.307000000000000000e+07,6.970000000000000000e+07
6.571888684376823902e+07,-1.521632590000000213e-09,8.156499999999999773e+01,6.307000000000000000e+07,6.970000000000000000e+07
6.573784525647804141e+07,-1.521193760000000202e-09,8.157000000000000739e+01,6.307000000000000000e+07,6.970000000000000000e+07
6.574898874439117312e+07,-1.520935940000000032e-09,8.157500000000000284e+01,6.307000000000000000e+07,6.970000000000000000e+07
6.571409227077353001e+07,-1.521743609999999910e-09,8.157999999999999829e+01,6.307000000000000000e+07,6.970000000000000000e+07
6.570892966678468883e+07,-1.521863170000000220e-09,8.158500000000000796e+01,6.307000000000000000e+07,6.970000000000000000e+07
6.572620918100891262e+07,-1.521463070000000065e-09,8.159000000000000341e+01,6.307000000000000000e+07,6.970000000000000000e+07
6.569491536202149093e+07,-1.522187820000000105e-09,8.159499999999999886e+01,6.307000000000000000e+07,6.970000000000000000e+07
6.566994617343160510e+07,-1.522766590000000221e-09,8.160000000000000853e+01,6.307000000000000000e+07,6.970000000000000000e+07
6.568822047825543582e+07,-1.522342960000000093e-09,8.160500000000000398e+01,6.307000000000000000e+07,6.970000000000000000e+07
6.567703718905748427e+07,-1.522602180000000090e-09,8.160999999999999943e+01,6.307000000000000000e+07,6.970000000000000000e+07
6.564737518981528282e+07,-1.523290150000000068e-09,8.161499999999999488e+01,6.307000000000000000e+07,6.970000000000000000e+07
6.567274772011637688e+07,-1.522701630000000152e-09,8.162000000000000455e+01,6.307000000000000000e+07,6.970000000000000000e+07
6.569297934137112647e+07,-1.522232679999999970e-09,8.162500000000000000e+01,6.307000000000000000e+07,6.970000000000000000e+07
6.566750450303419679e+07,-1.522823210000000155e-09,8.162999999999999545e+01,6.307000000000000000e+07,6.970000000000000000e+07
6.567498964715882391e+07,-1.522649650000000002e-09,8.163500000000000512e+01,6.307000000000000000e+07,6.970000000000000000e+07
6.569389943325609714e+07,-1.522211360000000122e-09,8.164000000000000057e+01,6.307000000000000000e+07,6.970000000000000000e+07
6.566121573080414534e+07,-1.522969060000000119e-09,8.164499999999999602e+01,6.307000000000000000e+07,6.970000000000000000e+07
6.563440635392510891e+07,-1.523591140000000021e-09,8.165000000000000568e+01,6.307000000000000000e+07,6.970000000000000000e+07
6.565004120295060426e+07,-1.523228290000000160e-09,8.165500000000000114e+01,6.307000000000000000e+07,6.970000000000000000e+07
6.562948239110124856e+07,-1.523705450000000105e-09,8.165999999999999659e+01,6.307000000000000000e+07,6.970000000000000000e+07
6.557400913819719851e+07,-1.524994449999999892e-09,8.166500000000000625e+01,6.307000000000000000e+07,6.970000000000000000e+07
6.557455566648292542e+07,-1.524981740000000142e-09,8.167000000000000171e+01,6.307000000000000000e+07,6.970000000000000000e+07
6.556848416712895036e+07,-1.525122950000000116e-09,8.167499999999999716e+01,6.307000000000000000e+07,6.970000000000000000e+07
6.552710273376517743e+07,-1.526086090000000005e-09,8.168000000000000682e+01,6.307000000000000000e+07,6.970000000000000000e+07
6.551504452431907505e+07,-1.526366970000000123e-09,8.168500000000000227e+01,6.307000000000000000e+07,6.970000000000000000e+07
6.553387132229074836e+07,-1.525928470000000136e-09,8.168999999999999773e+01,6.307000000000000000e+07,6.970000000000000000e+07
6.552876318876118958e+07,-1.526047420000000210e-09,8.169500000000000739e+01,6.307000000000000000e+07,6.970000000000000000e+07
6.554580929427122325e+07,-1.525650549999999968e-09,8.170000000000000284e+01,6.307000000000000000e+07,6.970000000000000000e+07
6.559732832052544504e+07,-1.524452330000000085e-09,8.170499999999999829e+01,6.307000000000000000e+07,6.970000000000000000e+07
6.563252085107449442e+07,-1.523634909999999994e-09,8.171000000000000796e+01,6.307000000000000000e+07,6.970000000000000000e+07
6.565474841271109879e+07,-1.523119080000000254e-09,8.171500000000000341e+01,6.307000000000000000e+07,6.970000000000000000e+07
6.572254910427395254e+07,-1.521547800000000109e-09,8.171999999999999886e+01,6.307000000000000000e+07,6.970000000000000000e+07
6.578985327435079962e+07,-1.519991230000000145e-09,8.172500000000000853e+01,6.307000000000000000e+07,6.970000000000000000e+07
6.581707788628454506e+07,-1.519362499999999984e-09,8.173000000000000398e+01,6.307000000000000000e+07,6.970000000000000000e+07
6.587027874859406799e+07,-1.518135370000000149e-09,8.173499999999999943e+01,6.307000000000000000e+07,6.970000000000000000e+07
6.592766631376245618e+07,-1.516813890000000224e-09,8.173999999999999488e+01,6.307000000000000000e+07,6.970000000000000000e+07
6.591970847668123245e+07,-1.516997000000000112e-09,8.174500000000000455e+01,6.307000000000000000e+07,6.970000000000000000e+07
6.590986281844110787e+07,-1.517223610000000219e-09,8.175000000000000000e+01,6.307000000000000000e+07,6.970000000000000000e+07
6.593104194524317980e+07,-1.516736230000000035e-09,8.175499999999999545e+01,6.307000000000000000e+07,6.970000000000000000e+07
6.593095457262289524e+07,-1.516738240000000097e-09,8.176000000000000512e+01,6.307000000000000000e+07,6.970000000000000000e+07
6.590334642892139405e+07,-1.517373630000000147e-09,8.176500000000000057e+01,6.307000000000000000e+07,6.970000000000000000e+07
6.592062884693837166e+07,-1.516975820000000268e-09,8.176999999999999602e+01,6.307000000000000000e+07,6.970000000000000000e+07
6.593640037246945500e+07,-1.516612969999999993e-09,8.177500000000000568e+01,6.307000000000000000e+07,6.970000000000000000e+07
6.592022601883319020e+07,-1.516985089999999997e-09,8.178000000000000114e+01,6.307000000000000000e+07,6.970000000000000000e+07
6.594767825955846906e+07,-1.516353609999999993e-09,8.178499999999999659e+01,6.307000000000000000e+07,6.970000000000000000e+07
6.599275220080549270e+07,-1.515317920000000138e-09,8.179000000000000625e+01,6.307000000000000000e+07,6.970000000000000000e+07
6.599369551667737961e+07,-1.515296260000000017e-09,8.179500000000000171e+01,6.307000000000000000e+07,6.970000000000000000e+07
6.600029686933531612e+07,-1.515144700000000053e-09,8.179999999999999716e+01,6.307000000000000000e+07,6.970000000000000000e+07
6.604192022774001211e+07,-1.514189770000000133e-09,8.180500000000000682e+01,6.307000000000000000e+07,6.970000000000000000e+07
6.606456697573278844e+07,-1.513670710000000067e-09,8.181000000000000227e+01,6.307000000000000000e+07,6.970000000000000000e+07
6.608677678869296610e+07,-1.513162010000000242e-09,8.181499999999999773e+01,6.307000000000000000e+07,6.970000000000000000e+07
6.616686773233877122e+07,-1.511330420000000001e-09,8.182000000000000739e+01,6.307000000000000000e+07,6.970000000000000000e+07
6.627358214530316740e+07,-1.508896859999999899e-09,8.182500000000000284e+01,6.307000000000000000e+07,6.970000000000000000e+07
6.637178875614508986e+07,-1.506664230000000073e-09,8.182999999999999829e+01,6.307000000000000000e+07,6.970000000000000000e+07
6.654492007359521836e+07,-1.502744310000000095e-09,8.183500000000000796e+01,6.307000000000000000e+07,6.970000000000000000e+07
6.676795721872518957e+07,-1.497724420000000121e-09,8.184000000000000341e+01,6.307000000000000000e+07,6.970000000000000000e+07
6.695343850999889523e+07,-1.493575270000000153e-09,8.184499999999999886e+01,6.307000000000000000e+07,6.970000000000000000e+07
6.715597089076089859e+07,-1.489070870000000058e-09,8.185000000000000853e+01,6.307000000000000000e+07,6.970000000000000000e+07
6.738993634676823020e+07,-1.483901090000000114e-09,8.185500000000000398e+01,6.307000000000000000e+07,6.970000000000000000e+07
6.757553189191074669e+07,-1.479825570000000166e-09,8.185999999999999943e+01,6.307000000000000000e+07,6.970000000000000000e+07
6.773656572224959731e+07,-1.476307500000000281e-09,8.186499999999999488e+01,6.307000000000000000e+07,6.970000000000000000e+07
6.794084420588964224e+07,-1.471868670000000285e-09,8.187000000000000455e+01,6.307000000000000000e+07,6.970000000000000000e+07
6.813040248968657851e+07,-1.467773510000000115e-09,8.187500000000000000e+01,6.307000000000000000e+07,6.970000000000000000e+07
6.829154189175957441e+07,-1.464310180000000060e-09,8.187999999999999545e+01,6.307000000000000000e+07,6.970000000000000000e+07
6.849193706410147250e+07,-1.460025869999999979e-09,8.188500000000000512e+01,6.307000000000000000e+07,6.970000000000000000e+07
6.869781181806258857e+07,-1.455650440000000134e-09,8.189000000000000057e+01,6.307000000000000000e+07,6.970000000000000000e+07
6.885370736797051132e+07,-1.452354619999999957e-09,8.189499999999999602e+01,6.307000000000000000e+07,6.970000000000000000e+07
6.903784176053068042e+07,-1.448480970000000130e-09,8.190000000000000568e+01,6.307000000000000000e+07,6.970000000000000000e+07
6.925997483023254573e+07,-1.443835350000000224e-09,8.190500000000000114e+01,6.307000000000000000e+07,6.970000000000000000e+07
6.942961013322938979e+07,-1.440307669999999922e-09,8.190999999999999659e+01,6.307000000000000000e+07,6.970000000000000000e+07
6.956702202034862339e+07,-1.437462709999999992e-09,8.191500000000000625e+01,6.307000000000000000e+07,6.970000000000000000e+07
6.973047206148920953e+07,-1.434093260000000209e-09,8.192000000000000171e+01,6.307000000000000000e+07,6.970000000000000000e+07
6.986663298163402081e+07,-1.431298400000000120e-09,8.192499999999999716e+01,6.307000000000000000e+07,6.970000000000000000e+07
6.995921797347453237e+07,-1.429404200000000146e-09,8.193000000000000682e+01,6.307000000000000000e+07,6.970000000000000000e+07
7.009676985252326727e+07,-1.426599260000000028e-09,8.193500000000000227e+01,6.307000000000000000e+07,6.970000000000000000e+07
7.023973037720905244e+07,-1.423695670000000104e-09,8.193999999999999773e+01,6.307000000000000000e+07,6.970000000000000000e+07
7.031780328082618117e+07,-1.422114960000000137e-09,8.194500000000000739e+01,6.307000000000000000e+07,6.970000000000000000e+07
7.041023127127629519e+07,-1.420248140000000122e-09,8.195000000000000284e+01,6.307000000000000000e+07,6.970000000000000000e+07
7.055636921552513540e+07,-1.417306490000000225e-09,8.195499999999999829e+01,6.307000000000000000e+07,6.970000000000000000e+07
7.066635303996969759e+07,-1.415100620000000078e-09,8.196000000000000796e+01,6.307000000000000000e+07,6.970000000000000000e+07
7.074867614546582103e+07,-1.413454009999999990e-09,8.196500000000000341e+01,6.307000000000000000e+07,6.970000000000000000e+07
7.086360275077483058e+07,-1.411161670000000114e-09,8.196999999999999886e+01,6.307000000000000000e+07,6.970000000000000000e+07
7.094281885359895229e+07,-1.409585939999999998e-09,8.197500000000000853e+01,6.307000000000000000e+07,6.970000000000000000e+07
7.097005922238531709e+07,-1.409044900000000038e-09,8.198000000000000398e+01,6.307000000000000000e+07,6.970000000000000000e+07
7.102653687788709998e+07,-1.407924479999999933e-09,8.198499999999999943e+01,6.307000000000000000e+07,6.970000000000000000e+07
7.108857508496150374e+07,-1.406695800000000224e-09,8.198999999999999488e+01,6.307000000000000000e+07,6.970000000000000000e+07
7.110712051630140841e+07,-1.406328919999999989e-09,8.199500000000000455e+01,6.307000000000000000e+07,6.970000000000000000e+07
7.115412944306574762e+07,-1.405399810000000111e-09,8.200000000000000000e+01,6.307000000000000000e+07,6.970000000000000000e+07
7.124776749573537707e+07,-1.403552750000000026e-09,8.200499999999999545e+01,6.307000000000000000e+07,6.970000000000000000e+07
7.129293204224400222e+07,-1.402663590000000062e-09,8.201000000000000512e+01,6.307000000000000000e+07,6.970000000000000000e+07
7.131394445057347417e+07,-1.402250300000000087e-09,8.201500000000000057e+01,6.307000000000000000e+07,6.970000000000000000e+07
7.139339947032238543e+07,-1.400689710000000000e-09,8.201999999999999602e+01,6.307000000000000000e+07,6.970000000000000000e+07
7.145486528782166541e+07,-1.399484830000000020e-09,8.202500000000000568e+01,6.307000000000000000e+07,6.970000000000000000e+07
7.148819769174617529e+07,-1.398832300000000131e-09,8.203000000000000114e+01,6.307000000000000000e+07,6.970000000000000000e+07
7.157590275554700196e+07,-1.397118249999999887e-09,8.203499999999999659e+01,6.307000000000000000e+07,6.970000000000000000e+07
7.167619219368857145e+07,-1.395163400000000017e-09,8.204000000000000625e+01,6.307000000000000000e+07,6.970000000000000000e+07
7.171847440719427168e+07,-1.394340870000000117e-09,8.204500000000000171e+01,6.307000000000000000e+07,6.970000000000000000e+07
7.176491667702054977e+07,-1.393438530000000171e-09,8.204999999999999716e+01,6.307000000000000000e+07,6.970000000000000000e+07
7.184378436961741745e+07,-1.391908860000000096e-09,8.205500000000000682e+01,6.307000000000000000e+07,6.970000000000000000e+07
7.186705336794920266e+07,-1.391458190000000075e-09,8.206000000000000227e+01,6.307000000000000000e+07,6.970000000000000000e+07
7.185187907573047280e+07,-1.391752050000000113e-09,8.206499999999999773e+01,6.307000000000000000e+07,6.970000000000000000e+07
7.188903714325389266e+07,-1.391032680000000051e-09,8.207000000000000739e+01,6.307000000000000000e+07,6.970000000000000000e+07
7.190819446296979487e+07,-1.390662090000000039e-09,8.207500000000000284e+01,6.307000000000000000e+07,6.970000000000000000e+07
7.187883895894025266e+07,-1.391230039999999933e-09,8.207999999999999829e+01,6.307000000000000000e+07,6.970000000000000000e+07
7.190308350189933181e+07,-1.390760940000000117e-09,8.208500000000000796e+01,6.307000000000000000e+07,6.970000000000000000e+07
7.195750794024115801e+07,-1.389709050000000061e-09,8.209000000000000341e+01,6.307000000000000000e+07,6.970000000000000000e+07
7.198289628797881305e+07,-1.389218899999999945e-09,8.209499999999999886e+01,6.307000000000000000e+07,6.970000000000000000e+07
7.203176128144156933e+07,-1.388276480000000126e-09,8.210000000000000853e+01,6.307000000000000000e+07,6.970000000000000000e+07
7.212024943826800585e+07,-1.386573129999999985e-09,8.210500000000000398e+01,6.307000000000000000e+07,6.970000000000000000e+07
7.216724597600306571e+07,-1.385670170000000171e-09,8.210999999999999943e+01,6.307000000000000000e+07,6.970000000000000000e+07
7.219249122866645455e+07,-1.385185610000000142e-09,8.211499999999999488e+01,6.307000000000000000e+07,6.970000000000000000e+07
7.228093924165441096e+07,-1.383490600000000136e-09,8.212000000000000455e+01,6.307000000000000000e+07,6.970000000000000000e+07
7.234992655505730212e+07,-1.382171410000000072e-09,8.212500000000000000e+01,6.307000000000000000e+07,6.970000000000000000e+07
7.237694515211404860e+07,-1.381655440000000122e-09,8.212999999999999545e+01,6.307000000000000000e+07,6.970000000000000000e+07
7.244740392733463645e+07,-1.380311710000000135e-09,8.213500000000000512e+01,6.307000000000000000e+07,6.970000000000000000e+07
7.252915525169578195e+07,-1.378755890000000203e-09,8.214000000000000057e+01,6.307000000000000000e+07,6.970000000000000000e+07
7.256425593889091909e+07,-1.378088960000000066e-09,8.214499999999999602e+01,6.307000000000000000e+07,6.970000000000000000e+07
7.261713339683169127e+07,-1.377085480000000180e-09,8.215000000000000568e+01,6.307000000000000000e+07,6.970000000000000000e+07
7.270948772217774391e+07,-1.375336330000000121e-09,8.215500000000000114e+01,6.307000000000000000e+07,6.970000000000000000e+07
7.276276561056193709e+07,-1.374329290000000093e-09,8.215999999999999659e+01,6.307000000000000000e+07,6.970000000000000000e+07
7.280638971009238064e+07,-1.373505820000000142e-09,8.216500000000000625e+01,6.307000000000000000e+07,6.970000000000000000e+07
7.289964459965264797e+07,-1.371748799999999973e-09,8.217000000000000171e+01,6.307000000000000000e+07,6.970000000000000000e+07
7.294925119745647907e+07,-1.370815990000000157e-09,8.217499999999999716e+01,6.307000000000000000e+07,6.970000000000000000e+07
7.294866742334859073e+07,-1.370826960000000221e-09,8.218000000000000682e+01,6.307000000000000000e+07,6.970000000000000000e+07
7.299070920240147412e+07,-1.370037380000000071e-09,8.218500000000000227e+01,6.307000000000000000e+07,6.970000000000000000e+07
7.302782498154386878e+07,-1.369341069999999957e-09,8.218999999999999773e+01,6.307000000000000000e+07,6.970000000000000000e+07
7.300887352769209445e+07,-1.369696520000000147e-09,8.219500000000000739e+01,6.307000000000000000e+07,6.970000000000000000e+07
7.302743780320672691e+07,-1.369348330000000038e-09,8.220000000000000284e+01,6.307000000000000000e+07,6.970000000000000000e+07
7.310049194072559476e+07,-1.367979850000000020e-09,8.220499999999999829e+01,6.307000000000000000e+07,6.970000000000000000e+07
7.314242113043586910e+07,-1.367195650000000055e-09,8.221000000000000796e+01,6.307000000000000000e+07,6.970000000000000000e+07
7.319752825122649968e+07,-1.366166350000000127e-09,8.221500000000000341e+01,6.307000000000000000e+07,6.970000000000000000e+07
7.329618492111450434e+07,-1.364327489999999968e-09,8.221999999999999886e+01,6.307000000000000000e+07,6.970000000000000000e+07
7.335318128602781892e+07,-1.363267390000000148e-09,8.222500000000000853e+01,6.307000000000000000e+07,6.970000000000000000e+07
7.336449323890805244e+07,-1.363057189999999937e-09,8.223000000000000398e+01,6.307000000000000000e+07,6.970000000000000000e+07
7.342869081732881069e+07,-1.361865490000000147e-09,8.223499999999999943e+01,6.307000000000000000e+07,6.970000000000000000e+07
7.349792222843818367e+07,-1.360582680000000224e-09,8.223999999999999488e+01,6.307000000000000000e+07,6.970000000000000000e+07
7.351583079608146846e+07,-1.360251240000000077e-09,8.224500000000000455e+01,6.307000000000000000e+07,6.970000000000000000e+07
7.355690636275698245e+07,-1.359491650000000140e-09,8.225000000000000000e+01,6.307000000000000000e+07,6.970000000000000000e+07
7.362903021842162311e+07,-1.358159949999999976e-09,8.225499999999999545e+01,6.307000000000000000e+07,6.970000000000000000e+07
7.365138332948811352e+07,-1.357747750000000100e-09,8.226000000000000512e+01,6.307000000000000000e+07,6.970000000000000000e+07
7.365658527510873973e+07,-1.357651860000000180e-09,8.226500000000000057e+01,6.307000000000000000e+07,6.970000000000000000e+07
7.371395030317515135e+07,-1.356595320000000089e-09,8.226999999999999602e+01,6.307000000000000000e+07,6.970000000000000000e+07
7.374650629613746703e+07,-1.355996440000000138e-09,8.227500000000000568e+01,6.307000000000000000e+07,6.970000000000000000e+07
7.374482364802987874e+07,-1.356027380000000034e-09,8.228000000000000114e+01,6.307000000000000000e+07,6.970000000000000000e+07
7.380255338679289818e+07,-1.354966670000000185e-09,8.228499999999999659e+01,6.307000000000000000e+07,6.970000000000000000e+07
7.387038224052000046e+07,-1.353722520000000219e-09,8.229000000000000625e+01,6.307000000000000000e+07,6.970000000000000000e+07
7.387085535100345314e+07,-1.353713850000000268e-09,8.229500000000000171e+01,6.307000000000000000e+07,6.970000000000000000e+07
7.390529081325455010e+07,-1.353083100000000208e-09,8.229999999999999716e+01,6.307000000000000000e+07,6.970000000000000000e+07
7.398538696865490079e+07,-1.351618260000000037e-09,8.230500000000000682e+01,6.307000000000000000e+07,6.970000000000000000e+07
7.401959017277429998e+07,-1.350993700000000254e-09,8.231000000000000227e+01,6.307000000000000000e+07,6.970000000000000000e+07
7.405320588065689802e+07,-1.350380430000000100e-09,8.231499999999999773e+01,6.307000000000000000e+07,6.970000000000000000e+07
7.414415677870924771e+07,-1.348723949999999886e-09,8.232000000000000739e+01,6.307000000000000000e+07,6.970000000000000000e+07
7.419147796620681882e+07,-1.347863700000000080e-09,8.232500000000000284e+01,6.307000000000000000e+07,6.970000000000000000e+07
7.418384308241820335e+07,-1.348002420000000128e-09,8.232999999999999829e+01,6.307000000000000000e+07,6.970000000000000000e+07
7.421627079967577755e+07,-1.347413430000000187e-09,8.233500000000000796e+01,6.307000000000000000e+07,6.970000000000000000e+07
7.424089060560224950e+07,-1.346966600000000108e-09,8.234000000000000341e+01,6.307000000000000000e+07,6.970000000000000000e+07
7.419944805701771379e+07,-1.347718919999999919e-09,8.234499999999999886e+01,6.307000000000000000e+07,6.970000000000000000e+07
7.419249959234930575e+07,-1.347845140000000119e-09,8.235000000000000853e+01,6.307000000000000000e+07,6.970000000000000000e+07
7.420673813210895658e+07,-1.347586519999999900e-09,8.235500000000000398e+01,6.307000000000000000e+07,6.970000000000000000e+07
7.415327416515053809e+07,-1.348558120000000253e-09,8.235999999999999943e+01,6.307000000000000000e+07,6.970000000000000000e+07
7.409231834701104462e+07,-1.349667580000000132e-09,8.236499999999999488e+01,6.307000000000000000e+07,6.970000000000000000e+07
7.408490638494172692e+07,-1.349802610000000079e-09,8.237000000000000455e+01,6.307000000000000000e+07,6.970000000000000000e+07
7.405586072083219886e+07,-1.350332020000000136e-09,8.237500000000000000e+01,6.307000000000000000e+07,6.970000000000000000e+07
7.400496659171591699e+07,-1.351260659999999988e-09,8.237999999999999545e+01,6.307000000000000000e+07,6.970000000000000000e+07
7.401846263238608837e+07,-1.351014280000000114e-09,8.238500000000000512e+01,6.307000000000000000e+07,6.970000000000000000e+07
7.402450507215908170e+07,-1.350904000000000198e-09,8.239000000000000057e+01,6.307000000000000000e+07,6.970000000000000000e+07
7.397186960756629705e+07,-1.351865249999999940e-09,8.239499999999999602e+01,6.307000000000000000e+07,6.970000000000000000e+07
7.395118199982675910e+07,-1.352243430000000055e-09,8.240000000000000568e+01,6.307000000000000000e+07,6.970000000000000000e+07
7.395786490270650387e+07,-1.352121240000000023e-09,8.240500000000000114e+01,6.307000000000000000e+07,6.970000000000000000e+07
7.391329131274026632e+07,-1.352936640000000008e-09,8.240999999999999659e+01,6.307000000000000000e+07,6.970000000000000000e+07
7.388402356847155094e+07,-1.353472580000000203e-09,8.241500000000000625e+01,6.307000000000000000e+07,6.970000000000000000e+07
7.392864656911973655e+07,-1.352655630000000138e-09,8.242000000000000171e+01,6.307000000000000000e+07,6.970000000000000000e+07
7.395647779612062871e+07,-1.352146600000000084e-09,8.242499999999999716e+01,6.307000000000000000e+07,6.970000000000000000e+07
7.394807859893946350e+07,-1.352300180000000154e-09,8.243000000000000682e+01,6.307000000000000000e+07,6.970000000000000000e+07
7.399124717581884563e+07,-1.351511210000000033e-09,8.243500000000000227e+01,6.307000000000000000e+07,6.970000000000000000e+07
7.402284368643473089e+07,-1.350934320000000020e-09,8.243999999999999773e+01,6.307000000000000000e+07,6.970000000000000000e+07
7.399055134740050137e+07,-1.351523919999999990e-09,8.244500000000000739e+01,6.307000000000000000e+07,6.970000000000000000e+07
7.398205245715184510e+07,-1.351679180000000100e-09,8.245000000000000284e+01,6.307000000000000000e+07,6.970000000000000000e+07
7.400680462965847552e+07,-1.351227100000000002e-09,8.245499999999999829e+01,6.307000000000000000e+07,6.970000000000000000e+07
7.399737004467177391e+07,-1.351399380000000037e-09,8.246000000000000796e+01,6.307000000000000000e+07,6.970000000000000000e+07
7.399376179312574863e+07,-1.351465280000000157e-09,8.246500000000000341e+01,6.307000000000000000e+07,6.970000000000000000e+07
7.406618465381243825e+07,-1.350143800000000025e-09,8.246999999999999886e+01,6.307000000000000000e+07,6.970000000000000000e+07
7.412082345003186166e+07,-1.349148529999999903e-09,8.247500000000000853e+01,6.307000000000000000e+07,6.970000000000000000e+07
7.413653877584886551e+07,-1.348862540000000182e-09,8.248000000000000398e+01,6.307000000000000000e+07,6.970000000000000000e+07
7.420081070766967535e+07,-1.347694170000000095e-09,8.248499999999999943e+01,6.307000000000000000e+07,6.970000000000000000e+07
7.425895963123297691e+07,-1.346638850000000062e-09,8.248999999999999488e+01,6.307000000000000000e+07,6.970000000000000000e+07
7.426962213814637065e+07,-1.346445520000000142e-09,8.249500000000000455e+01,6.307000000000000000e+07,6.970000000000000000e+07
7.431510548527595401e+07,-1.345621450000000206e-09,8.250000000000000000e+01,6.307000000000000000e+07,6.970000000000000000e+07
7.439090549160656333e+07,-1.344250340000000259e-09,8.250499999999999545e+01,6.307000000000000000e+07,6.970000000000000000e+07
7.441243181114493310e+07,-1.343861470000000086e-09,8.251000000000000512e+01,6.307000000000000000e+07,6.970000000000000000e+07
7.442929865279321373e+07,-1.343556930000000242e-09,8.251500000000000057e+01,6.307000000000000000e+07,6.970000000000000000e+07
7.449903866440506279e+07,-1.342299200000000166e-09,8.251999999999999602e+01,6.307000000000000000e+07,6.970000000000000000e+07
7.452704392653779685e+07,-1.341794800000000057e-09,8.252500000000000568e+01,6.307000000000000000e+07,6.970000000000000000e+07
7.451325742111434042e+07,-1.342043060000000034e-09,8.253000000000000114e+01,6.307000000000000000e+07,6.970000000000000000e+07
7.449394845429974794e+07,-1.342390919999999915e-09,8.253499999999999659e+01,6.307000000000000000e+07,6.970000000000000000e+07
7.445112711970826983e+07,-1.343163010000000114e-09,8.254000000000000625e+01,6.307000000000000000e+07,6.970000000000000000e+07
7.433609780608528852e+07,-1.345241450000000048e-09,8.254500000000000171e+01,6.307000000000000000e+07,6.970000000000000000e+07
7.423679948884697258e+07,-1.347040830000000113e-09,8.254999999999999716e+01,6.307000000000000000e+07,6.970000000000000000e+07
7.413673499165001512e+07,-1.348858969999999995e-09,8.255500000000000682e+01,6.307000000000000000e+07,6.970000000000000000e+07
7.396671494868640602e+07,-1.351959460000000027e-09,8.256000000000000227e+01,6.307000000000000000e+07,6.970000000000000000e+07
7.379245310266382992e+07,-1.355152129999999996e-09,8.256499999999999773e+01,6.307000000000000000e+07,6.970000000000000000e+07
7.367694822830626369e+07,-1.357276630000000178e-09,8.257000000000000739e+01,6.307000000000000000e+07,6.970000000000000000e+07
7.353373403433726728e+07,-1.359920060000000261e-09,8.257500000000000284e+01,6.307000000000000000e+07,6.970000000000000000e+07
7.336913688518020511e+07,-1.362970920000000065e-09,8.257999999999999829e+01,6.307000000000000000e+07,6.970000000000000000e+07
7.325559098391282558e+07,-1.365083520000000176e-09,8.258500000000000796e+01,6.307000000000000000e+07,6.970000000000000000e+07
7.313181398820726573e+07,-1.367393950000000194e-09,8.259000000000000341e+01,6.307000000000000000e+07,6.970000000000000000e+07
7.296200343154893816e+07,-1.370576400000000131e-09,8.259499999999999886e+01,6.307000000000000000e+07,6.970000000000000000e+07
7.283210911904691160e+07,-1.373020790000000087e-09,8.260000000000000853e+01,6.307000000000000000e+07,6.970000000000000000e+07
7.274350325771959126e+07,-1.374693210000000171e-09,8.260500000000000398e+01,6.307000000000000000e+07,6.970000000000000000e+07
7.261131852453568578e+07,-1.377195760000000096e-09,8.260999999999999943e+01,6.307000000000000000e+07,6.970000000000000000e+07
7.248549905845685303e+07,-1.379586280000000168e-09,8.261499999999999488e+01,6.307000000000000000e+07,6.970000000000000000e+07
7.242262891390897334e+07,-1.380783900000000067e-09,8.262000000000000455e+01,6.307000000000000000e+07,6.970000000000000000e+07
7.232961920979790390e+07,-1.382559469999999945e-09,8.262500000000000000e+01,6.307000000000000000e+07,6.970000000000000000e+07
7.221664902269497514e+07,-1.384722240000000209e-09,8.262999999999999545e+01,6.307000000000000000e+07,6.970000000000000000e+07
7.216523882569807768e+07,-1.385708710000000214e-09,8.263500000000000512e+01,6.307000000000000000e+07,6.970000000000000000e+07
7.211853564063413441e+07,-1.386606080000000148e-09,8.264000000000000057e+01,6.307000000000000000e+07,6.970000000000000000e+07
7.202463392291402817e+07,-1.388413859999999996e-09,8.264499999999999602e+01,6.307000000000000000e+07,6.970000000000000000e+07
7.196742547057017684e+07,-1.389517539999999976e-09,8.265000000000000568e+01,6.307000000000000000e+07,6.970000000000000000e+07
7.192256074868969619e+07,-1.390384310000000082e-09,8.265500000000000114e+01,6.307000000000000000e+07,6.970000000000000000e+07
7.183213823451386392e+07,-1.392134530000000151e-09,8.265999999999999659e+01,6.307000000000000000e+07,6.970000000000000000e+07
7.174167258535464108e+07,-1.393890000000000240e-09,8.266500000000000625e+01,6.307000000000000000e+07,6.970000000000000000e+07
7.171389180626976490e+07,-1.394429970000000189e-09,8.267000000000000171e+01,6.307000000000000000e+07,6.970000000000000000e+07
7.166658588647994399e+07,-1.395350410000000115e-09,8.267499999999999716e+01,6.307000000000000000e+07,6.970000000000000000e+07
7.159468644283732772e+07,-1.396751700000000087e-09,8.268000000000000682e+01,6.307000000000000000e+07,6.970000000000000000e+07
7.157147307661543787e+07,-1.397204720000000030e-09,8.268500000000000227e+01,6.307000000000000000e+07,6.970000000000000000e+07
7.152914344794905186e+07,-1.398031560000000104e-09,8.268999999999999773e+01,6.307000000000000000e+07,6.970000000000000000e+07
7.142590979306149483e+07,-1.400052170000000091e-09,8.269500000000000739e+01,6.307000000000000000e+07,6.970000000000000000e+07
7.134475968174073100e+07,-1.401644640000000125e-09,8.270000000000000284e+01,6.307000000000000000e+07,6.970000000000000000e+07
7.127477827574692667e+07,-1.403020850000000251e-09,8.270499999999999829e+01,6.307000000000000000e+07,6.970000000000000000e+07
7.114940758014973998e+07,-1.405493080000000147e-09,8.271000000000000796e+01,6.307000000000000000e+07,6.970000000000000000e+07
7.103146949101427197e+07,-1.407826710000000117e-09,8.271500000000000341e+01,6.307000000000000000e+07,6.970000000000000000e+07
7.099383661327934265e+07,-1.408572980000000068e-09,8.271999999999999886e+01,6.307000000000000000e+07,6.970000000000000000e+07
7.093351980715331435e+07,-1.409770730000000132e-09,8.272500000000000853e+01,6.307000000000000000e+07,6.970000000000000000e+07
7.083993608764293790e+07,-1.411633120000000265e-09,8.273000000000000398e+01,6.307000000000000000e+07,6.970000000000000000e+07
7.078096553461736441e+07,-1.412809210000000208e-09,8.273499999999999943e+01,6.307000000000000000e+07,6.970000000000000000e+07
7.071013474148513377e+07,-1.414224429999999988e-09,8.273999999999999488e+01,6.307000000000000000e+07,6.970000000000000000e+07
7.059017893240909278e+07,-1.416627660000000224e-09,8.274500000000000455e+01,6.307000000000000000e+07,6.970000000000000000e+07
7.051085551991482079e+07,-1.418221340000000272e-09,8.275000000000000000e+01,6.307000000000000000e+07,6.970000000000000000e+07
7.045474096645163000e+07,-1.419350900000000147e-09,8.275499999999999545e+01,6.307000000000000000e+07,6.970000000000000000e+07
7.035436975422868133e+07,-1.421375820000000102e-09,8.276000000000000512e+01,6.307000000000000000e+07,6.970000000000000000e+07
7.025774270711106062e+07,-1.423330669999999971e-09,8.276500000000000057e+01,6.307000000000000000e+07,6.970000000000000000e+07
7.020928834201376140e+07,-1.424312970000000012e-09,8.276999999999999602e+01,6.307000000000000000e+07,6.970000000000000000e+07
7.012889368065594137e+07,-1.425945780000000043e-09,8.277500000000000568e+01,6.307000000000000000e+07,6.970000000000000000e+07
7.002859722810706496e+07,-1.427988049999999945e-09,8.278000000000000114e+01,6.307000000000000000e+07,6.970000000000000000e+07
6.996881944514656067e+07,-1.429208050000000071e-09,8.278499999999999659e+01,6.307000000000000000e+07,6.970000000000000000e+07
6.990260407262217999e+07,-1.430561870000000131e-09,8.279000000000000625e+01,6.307000000000000000e+07,6.970000000000000000e+07
6.978836002874191105e+07,-1.432903710000000071e-09,8.279500000000000171e+01,6.307000000000000000e+07,6.970000000000000000e+07
6.971719991714529693e+07,-1.434366270000000011e-09,8.279999999999999716e+01,6.307000000000000000e+07,6.970000000000000000e+07
6.967085585678888857e+07,-1.435320390000000044e-09,8.280500000000000682e+01,6.307000000000000000e+07,6.970000000000000000e+07
6.958500664108864963e+07,-1.437091190000000180e-09,8.281000000000000227e+01,6.307000000000000000e+07,6.970000000000000000e+07
6.950808102340139449e+07,-1.438681640000000108e-09,8.281499999999999773e+01,6.307000000000000000e+07,6.970000000000000000e+07
6.948864211619041860e+07,-1.439084100000000229e-09,8.282000000000000739e+01,6.307000000000000000e+07,6.970000000000000000e+07
6.944027320581090450e+07,-1.440086500000000060e-09,8.282500000000000284e+01,6.307000000000000000e+07,6.970000000000000000e+07
6.936802833539672196e+07,-1.441586310000000088e-09,8.282999999999999829e+01,6.307000000000000000e+07,6.970000000000000000e+07
6.934534368797080219e+07,-1.442057890000000198e-09,8.283500000000000796e+01,6.307000000000000000e+07,6.970000000000000000e+07
6.931282564595064521e+07,-1.442734430000000131e-09,8.284000000000000341e+01,6.307000000000000000e+07,6.970000000000000000e+07
6.922762688228100538e+07,-1.444510010000000054e-09,8.284499999999999886e+01,6.307000000000000000e+07,6.970000000000000000e+07
6.916931054251585901e+07,-1.445727870000000159e-09,8.285000000000000853e+01,6.307000000000000000e+07,6.970000000000000000e+07
6.913091844655968249e+07,-1.446530760000000044e-09,8.285500000000000398e+01,6.307000000000000000e+07,6.970000000000000000e+07
6.905555425424198806e+07,-1.448109440000000273e-09,8.285999999999999943e+01,6.307000000000000000e+07,6.970000000000000000e+07
6.898708022379243374e+07,-1.449546779999999949e-09,8.286499999999999488e+01,6.307000000000000000e+07,6.970000000000000000e+07
6.896038421084974706e+07,-1.450107929999999950e-09,8.287000000000000455e+01,6.307000000000000000e+07,6.970000000000000000e+07
6.889473479085518420e+07,-1.451489730000000161e-09,8.287500000000000000e+01,6.307000000000000000e+07,6.970000000000000000e+07
6.880451799087807536e+07,-1.453392930000000110e-09,8.287999999999999545e+01,6.307000000000000000e+07,6.970000000000000000e+07
6.876284421167030931e+07,-1.454273759999999983e-09,8.288500000000000512e+01,6.307000000000000000e+07,6.970000000000000000e+07
6.871995052658344805e+07,-1.455181490000000159e-09,8.289000000000000057e+01,6.307000000000000000e+07,6.970000000000000000e+07
6.865355407126113772e+07,-1.456588830000000198e-09,8.289499999999999602e+01,6.307000000000000000e+07,6.970000000000000000e+07
6.863279114984001219e+07,-1.457029480000000251e-09,8.290000000000000568e+01,6.307000000000000000e+07,6.970000000000000000e+07
6.862749558826428652e+07,-1.457141910000000232e-09,8.290500000000000114e+01,6.307000000000000000e+07,6.970000000000000000e+07
6.857824266236977279e+07,-1.458188430000000148e-09,8.290999999999999659e+01,6.307000000000000000e+07,6.970000000000000000e+07
6.853998884772133827e+07,-1.459002280000000052e-09,8.291500000000000625e+01,6.307000000000000000e+07,6.970000000000000000e+07
6.855378979883410037e+07,-1.458708560000000225e-09,8.292000000000000171e+01,6.307000000000000000e+07,6.970000000000000000e+07
6.854422505273467302e+07,-1.458912110000000177e-09,8.292499999999999716e+01,6.307000000000000000e+07,6.970000000000000000e+07
6.851960676213969290e+07,-1.459436280000000053e-09,8.293000000000000682e+01,6.307000000000000000e+07,6.970000000000000000e+07
6.854981414911487699e+07,-1.458793160000000103e-09,8.293500000000000227e+01,6.307000000000000000e+07,6.970000000000000000e+07
6.857167464578101039e+07,-1.458328100000000086e-09,8.293999999999999773e+01,6.307000000000000000e+07,6.970000000000000000e+07
6.855192221989220381e+07,-1.458748300000000237e-09,8.294500000000000739e+01,6.307000000000000000e+07,6.970000000000000000e+07
6.856471628160378337e+07,-1.458476100000000114e-09,8.295000000000000284e+01,6.307000000000000000e+07,6.970000000000000000e+07
6.858255038807985187e+07,-1.458096840000000151e-09,8.295499999999999829e+01,6.307000000000000000e+07,6.970000000000000000e+07
6.854476207386510074e+07,-1.458900680000000132e-09,8.296000000000000796e+01,6.307000000000000000e+07,6.970000000000000000e+07
6.852173504296433926e+07,-1.459390949999999954e-09,8.296500000000000341e+01,6.307000000000000000e+07,6.970000000000000000e+07
6.858262282307609916e+07,-1.458095300000000115e-09,8.296999999999999886e+01,6.307000000000000000e+07,6.970000000000000000e+07
6.865083459883709252e+07,-1.456646530000000186e-09,8.297500000000000853e+01,6.307000000000000000e+07,6.970000000000000000e+07
6.872923419213695824e+07,-1.454984930000000119e-09,8.298000000000000398e+01,6.307000000000000000e+07,6.970000000000000000e+07
6.886530065639926493e+07,-1.452110119999999980e-09,8.298499999999999943e+01,6.307000000000000000e+07,6.970000000000000000e+07
6.898843377173137665e+07,-1.449518340000000024e-09,8.298999999999999488e+01,6.307000000000000000e+07,6.970000000000000000e+07
6.906280530076368153e+07,-1.447957400000000032e-09,8.299500000000000455e+01,6.307000000000000000e+07,6.970000000000000000e+07
6.917136645751780272e+07,-1.445684900000000234e-09,8.300000000000000000e+01,6.307000000000000000e+07,6.970000000000000000e+07
6.930079688639836013e+07,-1.442984850000000010e-09,8.300499999999999545e+01,6.307000000000000000e+07,6.970000000000000000e+07
6.938666799704037607e+07,-1.441199050000000056e-09,8.301000000000000512e+01,6.307000000000000000e+07,6.970000000000000000e+07
6.948861942144234478e+07,-1.439084570000000048e-09,8.301500000000000057e+01,6.307000000000000000e+07,6.970000000000000000e+07
6.962223255106721818e+07,-1.436322799999999920e-09,8.301999999999999602e+01,6.307000000000000000e+07,6.970000000000000000e+07
6.974747202380074561e+07,-1.433743720000000083e-09,8.302500000000000568e+01,6.307000000000000000e+07,6.970000000000000000e+07
6.987295245610240102e+07,-1.431168950000000008e-09,8.303000000000000114e+01,6.307000000000000000e+07,6.970000000000000000e+07
7.004380932080253959e+07,-1.427677920000000222e-09,8.303499999999999659e+01,6.307000000000000000e+07,6.970000000000000000e+07
7.017346536788961291e+07,-1.425040070000000180e-09,8.304000000000000625e+01,6.307000000000000000e+07,6.970000000000000000e+07
7.024830753562586010e+07,-1.423521840000000195e-09,8.304500000000000171e+01,6.307000000000000000e+07,6.970000000000000000e+07
7.036263183600057662e+07,-1.421208920000000045e-09,8.304999999999999716e+01,6.307000000000000000e+07,6.970000000000000000e+07
7.049423380430579185e+07,-1.418555739999999956e-09,8.305500000000000682e+01,6.307000000000000000e+07,6.970000000000000000e+07
7.056158177728521824e+07,-1.417201790000000143e-09,8.306000000000000227e+01,6.307000000000000000e+07,6.970000000000000000e+07
7.063856685197941959e+07,-1.415657260000000047e-09,8.306499999999999773e+01,6.307000000000000000e+07,6.970000000000000000e+07
7.076746230123516917e+07,-1.413078790000000033e-09,8.307000000000000739e+01,6.307000000000000000e+07,6.970000000000000000e+07
7.086096899313904345e+07,-1.411214120000000083e-09,8.307500000000000284e+01,6.307000000000000000e+07,6.970000000000000000e+07
7.093311376224412024e+07,-1.409778800000000099e-09,8.307999999999999829e+01,6.307000000000000000e+07,6.970000000000000000e+07
7.106350147083327174e+07,-1.407192130000000159e-09,8.308500000000000796e+01,6.307000000000000000e+07,6.970000000000000000e+07
7.117498816395534575e+07,-1.404987940000000051e-09,8.309000000000000341e+01,6.307000000000000000e+07,6.970000000000000000e+07
7.124049753280621767e+07,-1.403695980000000106e-09,8.309499999999999886e+01,6.307000000000000000e+07,6.970000000000000000e+07
7.135225662250083685e+07,-1.401497370000000040e-09,8.310000000000000853e+01,6.307000000000000000e+07,6.970000000000000000e+07
7.148090259736296535e+07,-1.398975059999999978e-09,8.310500000000000398e+01,6.307000000000000000e+07,6.970000000000000000e+07
7.156695738691519201e+07,-1.397292880000000050e-09,8.310999999999999943e+01,6.307000000000000000e+07,6.970000000000000000e+07
7.166648265102803707e+07,-1.395352420000000177e-09,8.311499999999999488e+01,6.307000000000000000e+07,6.970000000000000000e+07
7.180337891191630065e+07,-1.392692120000000010e-09,8.312000000000000455e+01,6.307000000000000000e+07,6.970000000000000000e+07
7.188661548425908387e+07,-1.391079540000000141e-09,8.312500000000000000e+01,6.307000000000000000e+07,6.970000000000000000e+07
7.193749322438736260e+07,-1.390095700000000064e-09,8.312999999999999545e+01,6.307000000000000000e+07,6.970000000000000000e+07
7.205249508459679782e+07,-1.387876990000000208e-09,8.313500000000000512e+01,6.307000000000000000e+07,6.970000000000000000e+07
7.216423373010984063e+07,-1.385728010000000163e-09,8.314000000000000057e+01,6.307000000000000000e+07,6.970000000000000000e+07
7.223989719800294936e+07,-1.384276609999999892e-09,8.314499999999999602e+01,6.307000000000000000e+07,6.970000000000000000e+07
7.237201037105382979e+07,-1.381749650000000002e-09,8.315000000000000568e+01,6.307000000000000000e+07,6.970000000000000000e+07
7.250939754421402514e+07,-1.379131579999999979e-09,8.315500000000000114e+01,6.307000000000000000e+07,6.970000000000000000e+07
7.257913738824264705e+07,-1.377806400000000115e-09,8.315999999999999659e+01,6.307000000000000000e+07,6.970000000000000000e+07
7.266025619134409726e+07,-1.376268200000000093e-09,8.316500000000000625e+01,6.307000000000000000e+07,6.970000000000000000e+07
7.279625763757406175e+07,-1.373696990000000159e-09,8.317000000000000171e+01,6.307000000000000000e+07,6.970000000000000000e+07
7.289679302659946680e+07,-1.371802460000000162e-09,8.317499999999999716e+01,6.307000000000000000e+07,6.970000000000000000e+07
7.296570129006424546e+07,-1.370506940000000075e-09,8.318000000000000682e+01,6.307000000000000000e+07,6.970000000000000000e+07
7.307915069808055460e+07,-1.368379339999999938e-09,8.318500000000000227e+01,6.307000000000000000e+07,6.970000000000000000e+07
7.316408037861475348e+07,-1.366790910000000117e-09,8.318999999999999773e+01,6.307000000000000000e+07,6.970000000000000000e+07
7.318153901420545578e+07,-1.366464839999999903e-09,8.319500000000000739e+01,6.307000000000000000e+07,6.970000000000000000e+07
7.322252968199719489e+07,-1.365699880000000033e-09,8.320000000000000284e+01,6.307000000000000000e+07,6.970000000000000000e+07
7.328018424162545800e+07,-1.364625390000000217e-09,8.320499999999999829e+01,6.307000000000000000e+07,6.970000000000000000e+07
7.328417113568809628e+07,-1.364551150000000168e-09,8.321000000000000796e+01,6.307000000000000000e+07,6.970000000000000000e+07
7.329156447074145079e+07,-1.364413500000000129e-09,8.321500000000000341e+01,6.307000000000000000e+07,6.970000000000000000e+07
7.334480935116980970e+07,-1.363423000000000163e-09,8.321999999999999886e+01,6.307000000000000000e+07,6.970000000000000000e+07
7.335141538634398580e+07,-1.363300210000000146e-09,8.322500000000000853e+01,6.307000000000000000e+07,6.970000000000000000e+07
7.333120721719874442e+07,-1.363675900000000130e-09,8.323000000000000398e+01,6.307000000000000000e+07,6.970000000000000000e+07
7.336156159063300490e+07,-1.363111660000000013e-09,8.323499999999999943e+01,6.307000000000000000e+07,6.970000000000000000e+07
7.335934699793487787e+07,-1.363152810000000102e-09,8.323999999999999488e+01,6.307000000000000000e+07,6.970000000000000000e+07
7.332164410354375839e+07,-1.363853760000000206e-09,8.324500000000000455e+01,6.307000000000000000e+07,6.970000000000000000e+07
7.332751523496451974e+07,-1.363744560000000138e-09,8.325000000000000000e+01,6.307000000000000000e+07,6.970000000000000000e+07
7.334370281272439659e+07,-1.363443570000000185e-09,8.325499999999999545e+01,6.307000000000000000e+07,6.970000000000000000e+07
7.328693762059181929e+07,-1.364499640000000043e-09,8.326000000000000512e+01,6.307000000000000000e+07,6.970000000000000000e+07
7.322606310660196841e+07,-1.365633979999999912e-09,8.326500000000000057e+01,6.307000000000000000e+07,6.970000000000000000e+07
7.320730071812409163e+07,-1.365983980000000020e-09,8.326999999999999602e+01,6.307000000000000000e+07,6.970000000000000000e+07
7.315652221267578006e+07,-1.366932120000000090e-09,8.327500000000000568e+01,6.307000000000000000e+07,6.970000000000000000e+07
7.311591064583525062e+07,-1.367691369999999960e-09,8.328000000000000114e+01,6.307000000000000000e+07,6.970000000000000000e+07
7.316170480204677582e+07,-1.366835290000000119e-09,8.328499999999999659e+01,6.307000000000000000e+07,6.970000000000000000e+07
7.320249319785962999e+07,-1.366073689999999913e-09,8.329000000000000625e+01,6.307000000000000000e+07,6.970000000000000000e+07
7.319527318979233503e+07,-1.366208440000000061e-09,8.329500000000000171e+01,6.307000000000000000e+07,6.970000000000000000e+07
7.323292181899328530e+07,-1.365506080000000087e-09,8.329999999999999716e+01,6.307000000000000000e+07,6.970000000000000000e+07
7.327827418760481477e+07,-1.364660960000000058e-09,8.330500000000000682e+01,6.307000000000000000e+07,6.970000000000000000e+07
7.327761694155055285e+07,-1.364673199999999990e-09,8.331000000000000227e+01,6.307000000000000000e+07,6.970000000000000000e+07
7.330865031077370048e+07,-1.364095500000000090e-09,8.331499999999999773e+01,6.307000000000000000e+07,6.970000000000000000e+07
7.338109508237251639e+07,-1.362748810000000152e-09,8.332000000000000739e+01,6.307000000000000000e+07,6.970000000000000000e+07
7.341760161596252024e+07,-1.362071190000000164e-09,8.332500000000000284e+01,6.307000000000000000e+07,6.970000000000000000e+07
7.344272828454774618e+07,-1.361605190000000096e-09,8.332999999999999829e+01,6.307000000000000000e+07,6.970000000000000000e+07
7.353005461202158034e+07,-1.359988110000000033e-09,8.333500000000000796e+01,6.307000000000000000e+07,6.970000000000000000e+07
7.359733236165228486e+07,-1.358744900000000119e-09,8.334000000000000341e+01,6.307000000000000000e+07,6.970000000000000000e+07
7.360422775618225336e+07,-1.358617610000000115e-09,8.334499999999999886e+01,6.307000000000000000e+07,6.970000000000000000e+07
7.365170120809927583e+07,-1.357741890000000052e-09,8.335000000000000853e+01,6.307000000000000000e+07,6.970000000000000000e+07
7.371330369301736355e+07,-1.356607219999999954e-09,8.335500000000000398e+01,6.307000000000000000e+07,6.970000000000000000e+07
7.372863466741192341e+07,-1.356325130000000236e-09,8.335999999999999943e+01,6.307000000000000000e+07,6.970000000000000000e+07
7.376361775964727998e+07,-1.355681879999999913e-09,8.336499999999999488e+01,6.307000000000000000e+07,6.970000000000000000e+07
7.384052524419632554e+07,-1.354269890000000252e-09,8.337000000000000455e+01,6.307000000000000000e+07,6.970000000000000000e+07
7.387232328715291619e+07,-1.353686949999999965e-09,8.337500000000000000e+01,6.307000000000000000e+07,6.970000000000000000e+07
7.388885441973829269e+07,-1.353384090000000160e-09,8.337999999999999545e+01,6.307000000000000000e+07,6.970000000000000000e+07
7.396597964352688193e+07,-1.351972900000000134e-09,8.338500000000000512e+01,6.307000000000000000e+07,6.970000000000000000e+07
7.403693221308051050e+07,-1.350677250000000088e-09,8.339000000000000057e+01,6.307000000000000000e+07,6.970000000000000000e+07
7.407707940862163901e+07,-1.349945230000000130e-09,8.339499999999999602e+01,6.307000000000000000e+07,6.970000000000000000e+07
7.416756421162560582e+07,-1.348298290000000020e-09,8.340000000000000568e+01,6.307000000000000000e+07,6.970000000000000000e+07
7.426388817141722143e+07,-1.346549480000000028e-09,8.340500000000000114e+01,6.307000000000000000e+07,6.970000000000000000e+07
7.430196149228028953e+07,-1.345859490000000151e-09,8.340999999999999659e+01,6.307000000000000000e+07,6.970000000000000000e+07
7.436984847031819820e+07,-1.344630950000000032e-09,8.341500000000000625e+01,6.307000000000000000e+07,6.970000000000000000e+07
7.448759055363275111e+07,-1.342505499999999961e-09,8.342000000000000171e+01,6.307000000000000000e+07,6.970000000000000000e+07
7.454829399509316683e+07,-1.341412320000000226e-09,8.342499999999999716e+01,6.307000000000000000e+07,6.970000000000000000e+07
7.459566909480541945e+07,-1.340560400000000097e-09,8.343000000000000682e+01,6.307000000000000000e+07,6.970000000000000000e+07
7.469666580377078056e+07,-1.338747840000000050e-09,8.343500000000000227e+01,6.307000000000000000e+07,6.970000000000000000e+07
7.476280341792210937e+07,-1.337563540000000137e-09,8.343999999999999773e+01,6.307000000000000000e+07,6.970000000000000000e+07
7.477196010222044587e+07,-1.337399740000000034e-09,8.344500000000000739e+01,6.307000000000000000e+07,6.970000000000000000e+07
7.483278203274480999e+07,-1.336312740000000119e-09,8.345000000000000284e+01,6.307000000000000000e+07,6.970000000000000000e+07
7.492547836995844543e+07,-1.334659480000000186e-09,8.345499999999999829e+01,6.307000000000000000e+07,6.970000000000000000e+07
7.495749591412311792e+07,-1.334089390000000066e-09,8.346000000000000796e+01,6.307000000000000000e+07,6.970000000000000000e+07
7.499095177923569083e+07,-1.333494210000000053e-09,8.346500000000000341e+01,6.307000000000000000e+07,6.970000000000000000e+07
7.505709630844731629e+07,-1.332319060000000162e-09,8.346999999999999886e+01,6.307000000000000000e+07,6.970000000000000000e+07
7.505125925956168771e+07,-1.332422680000000188e-09,8.347500000000000853e+01,6.307000000000000000e+07,6.970000000000000000e+07
7.503213269840842485e+07,-1.332762330000000098e-09,8.348000000000000398e+01,6.307000000000000000e+07,6.970000000000000000e+07
7.508739572162830830e+07,-1.331781440000000135e-09,8.348499999999999943e+01,6.307000000000000000e+07,6.970000000000000000e+07
7.513332878776693344e+07,-1.330967250000000163e-09,8.348999999999999488e+01,6.307000000000000000e+07,6.970000000000000000e+07
7.514691654278884828e+07,-1.330726590000000128e-09,8.349500000000000455e+01,6.307000000000000000e+07,6.970000000000000000e+07
7.518492069577267766e+07,-1.330053940000000153e-09,8.350000000000000000e+01,6.307000000000000000e+07,6.970000000000000000e+07
7.520657422179301083e+07,-1.329670990000000088e-09,8.350499999999999545e+01,6.307000000000000000e+07,6.970000000000000000e+07
7.517204419030714035e+07,-1.330281770000000110e-09,8.351000000000000512e+01,6.307000000000000000e+07,6.970000000000000000e+07
7.516403159360720217e+07,-1.330423580000000069e-09,8.351500000000000057e+01,6.307000000000000000e+07,6.970000000000000000e+07
7.520738813314655423e+07,-1.329656600000000092e-09,8.351999999999999602e+01,6.307000000000000000e+07,6.970000000000000000e+07
7.520724729524466395e+07,-1.329659090000000224e-09,8.352500000000000568e+01,6.307000000000000000e+07,6.970000000000000000e+07
7.521537603261591494e+07,-1.329515390000000118e-09,8.353000000000000114e+01,6.307000000000000000e+07,6.970000000000000000e+07
7.530736437192626297e+07,-1.327891380000000204e-09,8.353499999999999659e+01,6.307000000000000000e+07,6.970000000000000000e+07
7.536679549715955555e+07,-1.326844260000000097e-09,8.354000000000000625e+01,6.307000000000000000e+07,6.970000000000000000e+07
7.537028327302931249e+07,-1.326782860000000170e-09,8.354500000000000171e+01,6.307000000000000000e+07,6.970000000000000000e+07
7.541615767044919729e+07,-1.325975799999999908e-09,8.354999999999999716e+01,6.307000000000000000e+07,6.970000000000000000e+07
7.545628339110316336e+07,-1.325270680000000046e-09,8.355500000000000682e+01,6.307000000000000000e+07,6.970000000000000000e+07
7.543292786550514400e+07,-1.325681010000000070e-09,8.356000000000000227e+01,6.307000000000000000e+07,6.970000000000000000e+07
7.542975233953298628e+07,-1.325736819999999911e-09,8.356499999999999773e+01,6.307000000000000000e+07,6.970000000000000000e+07
7.547458836272719502e+07,-1.324949260000000074e-09,8.357000000000000739e+01,6.307000000000000000e+07,6.970000000000000000e+07
7.547071215243218839e+07,-1.325017310000000053e-09,8.357500000000000284e+01,6.307000000000000000e+07,6.970000000000000000e+07
7.547444709193710983e+07,-1.324951739999999955e-09,8.357999999999999829e+01,6.307000000000000000e+07,6.970000000000000000e+07
7.553458336169971526e+07,-1.323896890000000155e-09,8.358500000000000796e+01,6.307000000000000000e+07,6.970000000000000000e+07
7.555330309332525730e+07,-1.323568869999999940e-09,8.359000000000000341e+01,6.307000000000000000e+07,6.970000000000000000e+07
7.552730216808976233e+07,-1.324024520000000018e-09,8.359499999999999886e+01,6.307000000000000000e+07,6.970000000000000000e+07
7.554973728561004996e+07,-1.323631340000000084e-09,8.360000000000000853e+01,6.307000000000000000e+07,6.970000000000000000e+07
7.556821840436302125e+07,-1.323307630000000044e-09,8.360500000000000398e+01,6.307000000000000000e+07,6.970000000000000000e+07
7.552570668856188655e+07,-1.324052489999999918e-09,8.360999999999999943e+01,6.307000000000000000e+07,6.970000000000000000e+07
7.550851492533397675e+07,-1.324353949999999896e-09,8.361499999999999488e+01,6.307000000000000000e+07,6.970000000000000000e+07
7.553233147853118181e+07,-1.323936360000000205e-09,8.362000000000000455e+01,6.307000000000000000e+07,6.970000000000000000e+07
7.550138069752387702e+07,-1.324479090000000248e-09,8.362500000000000000e+01,6.307000000000000000e+07,6.970000000000000000e+07
7.546769063644288480e+07,-1.325070360000000007e-09,8.362999999999999545e+01,6.307000000000000000e+07,6.970000000000000000e+07
7.549403694118002057e+07,-1.324607930000000125e-09,8.363500000000000512e+01,6.307000000000000000e+07,6.970000000000000000e+07
7.548813173705627024e+07,-1.324711549999999945e-09,8.364000000000000057e+01,6.307000000000000000e+07,6.970000000000000000e+07
7.542145490143558383e+07,-1.325882670000000082e-09,8.364499999999999602e+01,6.307000000000000000e+07,6.970000000000000000e+07
7.540264749854959548e+07,-1.326213380000000078e-09,8.365000000000000568e+01,6.307000000000000000e+07,6.970000000000000000e+07
7.538271862784396112e+07,-1.326563990000000008e-09,8.365500000000000114e+01,6.307000000000000000e+07,6.970000000000000000e+07
7.531770041654077172e+07,-1.327709150000000100e-09,8.365999999999999659e+01,6.307000000000000000e+07,6.970000000000000000e+07
7.528339984170009196e+07,-1.328314080000000119e-09,8.366500000000000625e+01,6.307000000000000000e+07,6.970000000000000000e+07
7.529742747393199801e+07,-1.328066619999999983e-09,8.367000000000000171e+01,6.307000000000000000e+07,6.970000000000000000e+07
7.526908849675768614e+07,-1.328566640000000019e-09,8.367499999999999716e+01,6.307000000000000000e+07,6.970000000000000000e+07
7.523806376708799601e+07,-1.329114480000000078e-09,8.368000000000000682e+01,6.307000000000000000e+07,6.970000000000000000e+07
7.527290946054013073e+07,-1.328499200000000069e-09,8.368500000000000227e+01,6.307000000000000000e+07,6.970000000000000000e+07
7.528030546459436417e+07,-1.328368680000000153e-09,8.368999999999999773e+01,6.307000000000000000e+07,6.970000000000000000e+07
7.525872387650220096e+07,-1.328749610000000111e-09,8.369500000000000739e+01,6.307000000000000000e+07,6.970000000000000000e+07
7.530639971331155300e+07,-1.327908390000000085e-09,8.370000000000000284e+01,6.307000000000000000e+07,6.970000000000000000e+07
7.534587391565702856e+07,-1.327212690000000207e-09,8.370499999999999829e+01,6.307000000000000000e+07,6.970000000000000000e+07
7.531557602934174240e+07,-1.327746600000000044e-09,8.371000000000000796e+01,6.307000000000000000e+07,6.970000000000000000e+07
7.531436668540689349e+07,-1.327767920000000099e-09,8.371500000000000341e+01,6.307000000000000000e+07,6.970000000000000000e+07
7.535430406943157315e+07,-1.327064210000000107e-09,8.371999999999999886e+01,6.307000000000000000e+07,6.970000000000000000e+07
7.534724436855636537e+07,-1.327188550000000204e-09,8.372500000000000853e+01,6.307000000000000000e+07,6.970000000000000000e+07
7.533043166536992788e+07,-1.327484759999999957e-09,8.373000000000000398e+01,6.307000000000000000e+07,6.970000000000000000e+07
7.536922100091591477e+07,-1.326801560000000134e-09,8.373499999999999943e+01,6.307000000000000000e+07,6.970000000000000000e+07
7.535385719214287400e+07,-1.327072080000000011e-09,8.373999999999999488e+01,6.307000000000000000e+07,6.970000000000000000e+07
7.526109654875792563e+07,-1.328707720000000034e-09,8.374500000000000455e+01,6.307000000000000000e+07,6.970000000000000000e+07
7.519942059147231281e+07,-1.329797480000000250e-09,8.375000000000000000e+01,6.307000000000000000e+07,6.970000000000000000e+07
7.512155174142235518e+07,-1.331175910000000132e-09,8.375499999999999545e+01,6.307000000000000000e+07,6.970000000000000000e+07
7.497342810504457355e+07,-1.333805890000000063e-09,8.376000000000000512e+01,6.307000000000000000e+07,6.970000000000000000e+07
7.484300332877729833e+07,-1.336130240000000052e-09,8.376500000000000057e+01,6.307000000000000000e+07,6.970000000000000000e+07
7.473434648943066597e+07,-1.338072850000000197e-09,8.376999999999999602e+01,6.307000000000000000e+07,6.970000000000000000e+07
7.457279093748490512e+07,-1.340971670000000173e-09,8.377500000000000568e+01,6.307000000000000000e+07,6.970000000000000000e+07
7.441988287322546542e+07,-1.343726920000000002e-09,8.378000000000000114e+01,6.307000000000000000e+07,6.970000000000000000e+07
7.432826186399656534e+07,-1.345383270000000051e-09,8.378499999999999659e+01,6.307000000000000000e+07,6.970000000000000000e+07
7.420549420298886299e+07,-1.347609110000000236e-09,8.379000000000000625e+01,6.307000000000000000e+07,6.970000000000000000e+07
7.405594572712263465e+07,-1.350330470000000056e-09,8.379500000000000171e+01,6.307000000000000000e+07,6.970000000000000000e+07
7.396098717682154477e+07,-1.352064160000000109e-09,8.379999999999999716e+01,6.307000000000000000e+07,6.970000000000000000e+07
7.387409580230619013e+07,-1.353654470000000033e-09,8.380500000000000682e+01,6.307000000000000000e+07,6.970000000000000000e+07
7.374364627509079874e+07,-1.356049030000000111e-09,8.381000000000000227e+01,6.307000000000000000e+07,6.970000000000000000e+07
7.365686305113507807e+07,-1.357646740000000120e-09,8.381499999999999773e+01,6.307000000000000000e+07,6.970000000000000000e+07
7.361101498739404976e+07,-1.358492340000000012e-09,8.382000000000000739e+01,6.307000000000000000e+07,6.970000000000000000e+07
7.350479900704424083e+07,-1.360455390000000220e-09,8.382500000000000284e+01,6.307000000000000000e+07,6.970000000000000000e+07
7.337951306661283970e+07,-1.362778190000000129e-09,8.382999999999999829e+01,6.307000000000000000e+07,6.970000000000000000e+07
7.329405700269377232e+07,-1.364367100000000021e-09,8.383500000000000796e+01,6.307000000000000000e+07,6.970000000000000000e+07
7.316446900721998513e+07,-1.366783650000000036e-09,8.384000000000000341e+01,6.307000000000000000e+07,6.970000000000000000e+07
7.302669545622424781e+07,-1.369362250000000009e-09,8.384499999999999886e+01,6.307000000000000000e+07,6.970000000000000000e+07
7.299230699770167470e+07,-1.370007390000000065e-09,8.385000000000000853e+01,6.307000000000000000e+07,6.970000000000000000e+07
7.298237026186774671e+07,-1.370193920000000092e-09,8.385500000000000398e+01,6.307000000000000000e+07,6.970000000000000000e+07
7.293685718422901630e+07,-1.371048930000000130e-09,8.385999999999999943e+01,6.307000000000000000e+07,6.970000000000000000e+07
7.295280832382789254e+07,-1.370749149999999984e-09,8.386499999999999488e+01,6.307000000000000000e+07,6.970000000000000000e+07
7.302117685689602792e+07,-1.369465740000000283e-09,8.387000000000000455e+01,6.307000000000000000e+07,6.970000000000000000e+07
7.304539791933397949e+07,-1.369011640000000079e-09,8.387500000000000000e+01,6.307000000000000000e+07,6.970000000000000000e+07
7.307655794709065557e+07,-1.368427890000000112e-09,8.387999999999999545e+01,6.307000000000000000e+07,6.970000000000000000e+07
7.316206824777212739e+07,-1.366828500000000064e-09,8.388500000000000512e+01,6.307000000000000000e+07,6.970000000000000000e+07
7.321860739028790593e+07,-1.365773040000000235e-09,8.389000000000000057e+01,6.307000000000000000e+07,6.970000000000000000e+07
7.325487672548474371e+07,-1.365096829999999911e-09,8.389499999999999602e+01,6.307000000000000000e+07,6.970000000000000000e+07
7.334461784285616875e+07,-1.363426560000000098e-09,8.390000000000000568e+01,6.307000000000000000e+07,6.970000000000000000e+07
7.342529739246283472e+07,-1.361928430000000110e-09,8.390500000000000114e+01,6.307000000000000000e+07,6.970000000000000000e+07
7.344914481104119122e+07,-1.361486240000000228e-09,8.390999999999999659e+01,6.307000000000000000e+07,6.970000000000000000e+07
7.350184154821397364e+07,-1.360510130000000051e-09,8.391500000000000625e+01,6.307000000000000000e+07,6.970000000000000000e+07
7.359180354509085417e+07,-1.358846980000000109e-09,8.392000000000000171e+01,6.307000000000000000e+07,6.970000000000000000e+07
7.363618314738455415e+07,-1.358028019999999982e-09,8.392499999999999716e+01,6.307000000000000000e+07,6.970000000000000000e+07
7.368400079838088155e+07,-1.357146720000000084e-09,8.393000000000000682e+01,6.307000000000000000e+07,6.970000000000000000e+07
7.378456312425798178e+07,-1.355297040000000115e-09,8.393500000000000227e+01,6.307000000000000000e+07,6.970000000000000000e+07
7.382872863060674071e+07,-1.354486279999999914e-09,8.393999999999999773e+01,6.307000000000000000e+07,6.970000000000000000e+07
7.379434975850430131e+07,-1.355117300000000142e-09,8.394500000000000739e+01,6.307000000000000000e+07,6.970000000000000000e+07
7.378136372913028300e+07,-1.355355810000000113e-09,8.395000000000000284e+01,6.307000000000000000e+07,6.970000000000000000e+07
7.372335677512452006e+07,-1.356422229999999962e-09,8.395499999999999829e+01,6.307000000000000000e+07,6.970000000000000000e+07
7.358800892225171626e+07,-1.358917050000000194e-09,8.396000000000000796e+01,6.307000000000000000e+07,6.970000000000000000e+07
7.347273943153053522e+07,-1.361049020000000152e-09,8.396500000000000341e+01,6.307000000000000000e+07,6.970000000000000000e+07
7.337627224733720720e+07,-1.362838380000000042e-09,8.396999999999999886e+01,6.307000000000000000e+07,6.970000000000000000e+07
7.320623047978740931e+07,-1.366003950000000264e-09,8.397500000000000853e+01,6.307000000000000000e+07,6.970000000000000000e+07
7.303621432033032179e+07,-1.369183780000000110e-09,8.398000000000000398e+01,6.307000000000000000e+07,6.970000000000000000e+07
7.292362023770473897e+07,-1.371297800000000136e-09,8.398499999999999943e+01,6.307000000000000000e+07,6.970000000000000000e+07
7.277070228239485621e+07,-1.374179400000000124e-09,8.398999999999999488e+01,6.307000000000000000e+07,6.970000000000000000e+07
7.258371744273684919e+07,-1.377719460000000153e-09,8.399500000000000455e+01,6.307000000000000000e+07,6.970000000000000000e+07
7.245537746820783615e+07,-1.380159810000000103e-09,8.400000000000000000e+01,6.307000000000000000e+07,6.970000000000000000e+07
7.232709349415984750e+07,-1.382607750000000157e-09,8.400499999999999545e+01,6.307000000000000000e+07,6.970000000000000000e+07
7.214886758672730625e+07,-1.386023140000000067e-09,8.401000000000000512e+01,6.307000000000000000e+07,6.970000000000000000e+07
7.202320737549909949e+07,-1.388441360000000077e-09,8.401500000000000057e+01,6.307000000000000000e+07,6.970000000000000000e+07
7.194024591377425194e+07,-1.390042510000000107e-09,8.401999999999999602e+01,6.307000000000000000e+07,6.970000000000000000e+07
7.182044016621893644e+07,-1.392361280000000054e-09,8.402500000000000568e+01,6.307000000000000000e+07,6.970000000000000000e+07
7.170965226476544142e+07,-1.394512409999999957e-09,8.403000000000000114e+01,6.307000000000000000e+07,6.970000000000000000e+07
7.164405781999297440e+07,-1.395789170000000020e-09,8.403499999999999659e+01,6.307000000000000000e+07,6.970000000000000000e+07
7.153511685354332626e+07,-1.397914820000000155e-09,8.404000000000000625e+01,6.307000000000000000e+07,6.970000000000000000e+07
7.139939100746233761e+07,-1.400572170000000003e-09,8.404500000000000171e+01,6.307000000000000000e+07,6.970000000000000000e+07
7.132555643687790632e+07,-1.402022010000000148e-09,8.404999999999999716e+01,6.307000000000000000e+07,6.970000000000000000e+07
7.123935055415453017e+07,-1.403718580000000073e-09,8.405500000000000682e+01,6.307000000000000000e+07,6.970000000000000000e+07
7.110584586543646455e+07,-1.406354130000000001e-09,8.406000000000000227e+01,6.307000000000000000e+07,6.970000000000000000e+07
7.101350963847902417e+07,-1.408182760000000085e-09,8.406499999999999773e+01,6.307000000000000000e+07,6.970000000000000000e+07
7.095796351609736681e+07,-1.409285090000000048e-09,8.407000000000000739e+01,6.307000000000000000e+07,6.970000000000000000e+07
7.086766499647170305e+07,-1.411080780000000219e-09,8.407500000000000284e+01,6.307000000000000000e+07,6.970000000000000000e+07
7.080591734114377201e+07,-1.412311340000000030e-09,8.407999999999999829e+01,6.307000000000000000e+07,6.970000000000000000e+07
7.079559960322463512e+07,-1.412517170000000213e-09,8.408500000000000796e+01,6.307000000000000000e+07,6.970000000000000000e+07
7.073794724942530692e+07,-1.413668390000000003e-09,8.409000000000000341e+01,6.307000000000000000e+07,6.970000000000000000e+07
7.064374465535919368e+07,-1.415553500000000017e-09,8.409499999999999886e+01,6.307000000000000000e+07,6.970000000000000000e+07
7.059238396699845791e+07,-1.416583410000000180e-09,8.410000000000000853e+01,6.307000000000000000e+07,6.970000000000000000e+07
7.050956188629886508e+07,-1.418247360000000170e-09,8.410500000000000398e+01,6.307000000000000000e+07,6.970000000000000000e+07
7.036023518696646392e+07,-1.421257330000000008e-09,8.410999999999999943e+01,6.307000000000000000e+07,6.970000000000000000e+07
7.024354575257860124e+07,-1.423618340000000144e-09,8.411499999999999488e+01,6.307000000000000000e+07,6.970000000000000000e+07
7.014289180246406794e+07,-1.425661210000000031e-09,8.412000000000000455e+01,6.307000000000000000e+07,6.970000000000000000e+07
6.998068554073281586e+07,-1.428965709999999996e-09,8.412500000000000000e+01,6.307000000000000000e+07,6.970000000000000000e+07
6.982379128384026885e+07,-1.432176600000000065e-09,8.412999999999999545e+01,6.307000000000000000e+07,6.970000000000000000e+07
6.972666651666136086e+07,-1.434171530000000013e-09,8.413500000000000512e+01,6.307000000000000000e+07,6.970000000000000000e+07
6.960208543438827991e+07,-1.436738560000000144e-09,8.414000000000000057e+01,6.307000000000000000e+07,6.970000000000000000e+07
6.946816927150417864e+07,-1.439508210000000221e-09,8.414499999999999602e+01,6.307000000000000000e+07,6.970000000000000000e+07
6.939430898382332921e+07,-1.441040359999999969e-09,8.415000000000000568e+01,6.307000000000000000e+07,6.970000000000000000e+07
6.932586976565505564e+07,-1.442462970000000203e-09,8.415500000000000114e+01,6.307000000000000000e+07,6.970000000000000000e+07
6.923254813446564972e+07,-1.444407330000000078e-09,8.415999999999999659e+01,6.307000000000000000e+07,6.970000000000000000e+07
6.919039940033510327e+07,-1.445287220000000107e-09,8.416500000000000625e+01,6.307000000000000000e+07,6.970000000000000000e+07
6.917547530451788008e+07,-1.445599030000000075e-09,8.417000000000000171e+01,6.307000000000000000e+07,6.970000000000000000e+07
6.912557488802796602e+07,-1.446642580000000203e-09,8.417499999999999716e+01,6.307000000000000000e+07,6.970000000000000000e+07
6.909110819892090559e+07,-1.447364249999999963e-09,8.418000000000000682e+01,6.307000000000000000e+07,6.970000000000000000e+07
6.908228536082126200e+07,-1.447549100000000158e-09,8.418500000000000227e+01,6.307000000000000000e+07,6.970000000000000000e+07
6.901993398533198237e+07,-1.448856790000000072e-09,8.418999999999999773e+01,6.307000000000000000e+07,6.970000000000000000e+07
6.893813453890503943e+07,-1.450575950000000125e-09,8.419500000000000739e+01,6.307000000000000000e+07,6.970000000000000000e+07
6.889394973126778007e+07,-1.451506270000000223e-09,8.420000000000000284e+01,6.307000000000000000e+07,6.970000000000000000e+07
6.882000848702108860e+07,-1.453065790000000093e-09,8.420499999999999829e+01,6.307000000000000000e+07,6.970000000000000000e+07
6.869966517225888371e+07,-1.455611170000000147e-09,8.421000000000000796e+01,6.307000000000000000e+07,6.970000000000000000e+07
6.864291259456317127e+07,-1.456814640000000050e-09,8.421500000000000341e+01,6.307000000000000000e+07,6.970000000000000000e+07
6.863147978282693028e+07,-1.457057320000000192e-09,8.421999999999999886e+01,6.307000000000000000e+07,6.970000000000000000e+07
6.858801307460370660e+07,-1.457980710000000024e-09,8.422500000000000853e+01,6.307000000000000000e+07,6.970000000000000000e+07
6.854538790438213944e+07,-1.458887360000000146e-09,8.423000000000000398e+01,6.307000000000000000e+07,6.970000000000000000e+07
6.854313506196515262e+07,-1.458935310000000128e-09,8.423499999999999943e+01,6.307000000000000000e+07,6.970000000000000000e+07
6.851399395585989952e+07,-1.459555839999999949e-09,8.423999999999999488e+01,6.307000000000000000e+07,6.970000000000000000e+07
6.846706660836376250e+07,-1.460556220000000088e-09,8.424500000000000455e+01,6.307000000000000000e+07,6.970000000000000000e+07
6.846747960067930818e+07,-1.460547410000000133e-09,8.425000000000000000e+01,6.307000000000000000e+07,6.970000000000000000e+07
6.843830816231670976e+07,-1.461169960000000267e-09,8.425499999999999545e+01,6.307000000000000000e+07,6.970000000000000000e+07
6.834894237495884299e+07,-1.463080430000000135e-09,8.426000000000000512e+01,6.307000000000000000e+07,6.970000000000000000e+07
6.828510701064960659e+07,-1.464448170000000165e-09,8.426500000000000057e+01,6.307000000000000000e+07,6.970000000000000000e+07
6.822157228743131459e+07,-1.465812010000000194e-09,8.426999999999999602e+01,6.307000000000000000e+07,6.970000000000000000e+07
6.810646735336238146e+07,-1.468289340000000269e-09,8.427500000000000568e+01,6.307000000000000000e+07,6.970000000000000000e+07
6.800399376574747264e+07,-1.470501870000000099e-09,8.428000000000000114e+01,6.307000000000000000e+07,6.970000000000000000e+07
6.794722682940281928e+07,-1.471730410000000011e-09,8.428499999999999659e+01,6.307000000000000000e+07,6.970000000000000000e+07
6.785841975872151554e+07,-1.473656480000000094e-09,8.429000000000000625e+01,6.307000000000000000e+07,6.970000000000000000e+07
6.775544058571489155e+07,-1.475896240000000043e-09,8.429500000000000171e+01,6.307000000000000000e+07,6.970000000000000000e+07
6.769913030650748312e+07,-1.477123849999999948e-09,8.429999999999999716e+01,6.307000000000000000e+07,6.970000000000000000e+07
6.763345397631041706e+07,-1.478558230000000087e-09,8.430500000000000682e+01,6.307000000000000000e+07,6.970000000000000000e+07
6.754690369181384146e+07,-1.480452760000000084e-09,8.431000000000000227e+01,6.307000000000000000e+07,6.970000000000000000e+07
6.751904828822569549e+07,-1.481063530000000062e-09,8.431499999999999773e+01,6.307000000000000000e+07,6.970000000000000000e+07
6.750408863826870918e+07,-1.481391750000000133e-09,8.432000000000000739e+01,6.307000000000000000e+07,6.970000000000000000e+07
6.742846401310172677e+07,-1.483053210000000198e-09,8.432500000000000284e+01,6.307000000000000000e+07,6.970000000000000000e+07
6.737095590257661045e+07,-1.484319150000000038e-09,8.432999999999999829e+01,6.307000000000000000e+07,6.970000000000000000e+07
6.735592160864585638e+07,-1.484650460000000019e-09,8.433500000000000796e+01,6.307000000000000000e+07,6.970000000000000000e+07
6.731673359229004383e+07,-1.485514739999999993e-09,8.434000000000000341e+01,6.307000000000000000e+07,6.970000000000000000e+07
6.727260582732668519e+07,-1.486489170000000131e-09,8.434499999999999886e+01,6.307000000000000000e+07,6.970000000000000000e+07
6.728864703255720437e+07,-1.486134800000000202e-09,8.435000000000000853e+01,6.307000000000000000e+07,6.970000000000000000e+07
6.728846456424263120e+07,-1.486138830000000163e-09,8.435500000000000398e+01,6.307000000000000000e+07,6.970000000000000000e+07
6.723801000207085907e+07,-1.487254010000000087e-09,8.435999999999999943e+01,6.307000000000000000e+07,6.970000000000000000e+07
6.721862026764276624e+07,-1.487683019999999986e-09,8.436499999999999488e+01,6.307000000000000000e+07,6.970000000000000000e+07
6.720584030580486357e+07,-1.487965920000000004e-09,8.437000000000000455e+01,6.307000000000000000e+07,6.970000000000000000e+07
6.714105357110136747e+07,-1.489401710000000220e-09,8.437500000000000000e+01,6.307000000000000000e+07,6.970000000000000000e+07
6.709606268092704564e+07,-1.490400420000000157e-09,8.437999999999999545e+01,6.307000000000000000e+07,6.970000000000000000e+07
6.709446139984851331e+07,-1.490435989999999998e-09,8.438500000000000512e+01,6.307000000000000000e+07,6.970000000000000000e+07
6.706276169147039205e+07,-1.491140500000000037e-09,8.439000000000000057e+01,6.307000000000000000e+07,6.970000000000000000e+07
6.701962732114353031e+07,-1.492100210000000157e-09,8.439499999999999602e+01,6.307000000000000000e+07,6.970000000000000000e+07
6.703613768021392822e+07,-1.491732719999999892e-09,8.440000000000000568e+01,6.307000000000000000e+07,6.970000000000000000e+07
6.703198877106936276e+07,-1.491825050000000290e-09,8.440500000000000114e+01,6.307000000000000000e+07,6.970000000000000000e+07
6.698971204827321321e+07,-1.492766530000000058e-09,8.440999999999999659e+01,6.307000000000000000e+07,6.970000000000000000e+07
6.699037891546957195e+07,-1.492751670000000242e-09,8.441500000000000625e+01,6.307000000000000000e+07,6.970000000000000000e+07
6.701125596777953207e+07,-1.492286610000000225e-09,8.442000000000000171e+01,6.307000000000000000e+07,6.970000000000000000e+07
6.700696556168964505e+07,-1.492382160000000078e-09,8.442499999999999716e+01,6.307000000000000000e+07,6.970000000000000000e+07
6.702627604289199412e+07,-1.491952200000000083e-09,8.443000000000000682e+01,6.307000000000000000e+07,6.970000000000000000e+07
6.706436145979344100e+07,-1.491104930000000196e-09,8.443500000000000227e+01,6.307000000000000000e+07,6.970000000000000000e+07
6.705696142859438807e+07,-1.491269479999999917e-09,8.443999999999999773e+01,6.307000000000000000e+07,6.970000000000000000e+07
6.703335790374033153e+07,-1.491794580000000214e-09,8.444500000000000739e+01,6.307000000000000000e+07,6.970000000000000000e+07
6.705476354492142051e+07,-1.491318360000000113e-09,8.445000000000000284e+01,6.307000000000000000e+07,6.970000000000000000e+07
6.705480581055641174e+07,-1.491317420000000062e-09,8.445499999999999829e+01,6.307000000000000000e+07,6.970000000000000000e+07
6.701353587647379190e+07,-1.492235840000000089e-09,8.446000000000000796e+01,6.307000000000000000e+07,6.970000000000000000e+07
6.700807638963593543e+07,-1.492357420000000091e-09,8.446500000000000341e+01,6.307000000000000000e+07,6.970000000000000000e+07
6.702041875577409565e+07,-1.492082590000000247e-09,8.446999999999999886e+01,6.307000000000000000e+07,6.970000000000000000e+07
6.697981561247123778e+07,-1.492987090000000097e-09,8.447500000000000853e+01,6.307000000000000000e+07,6.970000000000000000e+07
6.695000533792392164e+07,-1.493651860000000124e-09,8.448000000000000398e+01,6.307000000000000000e+07,6.970000000000000000e+07
6.694241676235973090e+07,-1.493821180000000208e-09,8.448499999999999943e+01,6.307000000000000000e+07,6.970000000000000000e+07
6.689209167777895182e+07,-1.494945030000000083e-09,8.448999999999999488e+01,6.307000000000000000e+07,6.970000000000000000e+07
6.683342809979270399e+07,-1.496257230000000235e-09,8.449500000000000455e+01,6.307000000000000000e+07,6.970000000000000000e+07
6.682085757741608471e+07,-1.496538710000000130e-09,8.450000000000000000e+01,6.307000000000000000e+07,6.970000000000000000e+07
6.678790407742225379e+07,-1.497277109999999972e-09,8.450499999999999545e+01,6.307000000000000000e+07,6.970000000000000000e+07
6.672109684786053002e+07,-1.498776320000000014e-09,8.451000000000000512e+01,6.307000000000000000e+07,6.970000000000000000e+07
6.670381980491375178e+07,-1.499164519999999891e-09,8.451500000000000057e+01,6.307000000000000000e+07,6.970000000000000000e+07
6.671847489679352939e+07,-1.498835219999999972e-09,8.451999999999999602e+01,6.307000000000000000e+07,6.970000000000000000e+07
6.669925770262704045e+07,-1.499267060000000070e-09,8.452500000000000568e+01,6.307000000000000000e+07,6.970000000000000000e+07
6.670029562171322107e+07,-1.499243730000000160e-09,8.453000000000000114e+01,6.307000000000000000e+07,6.970000000000000000e+07
6.674037473652568460e+07,-1.498343400000000068e-09,8.453499999999999659e+01,6.307000000000000000e+07,6.970000000000000000e+07
6.674443951240117103e+07,-1.498252149999999932e-09,8.454000000000000625e+01,6.307000000000000000e+07,6.970000000000000000e+07
6.673309991251690686e+07,-1.498506740000000190e-09,8.454500000000000171e+01,6.307000000000000000e+07,6.970000000000000000e+07
6.677290057086423039e+07,-1.497613540000000013e-09,8.454999999999999716e+01,6.307000000000000000e+07,6.970000000000000000e+07
6.678833899110711366e+07,-1.497267359999999965e-09,8.455500000000000682e+01,6.307000000000000000e+07,6.970000000000000000e+07
6.675853352971379459e+07,-1.497935840000000183e-09,8.456000000000000227e+01,6.307000000000000000e+07,6.970000000000000000e+07
6.676117422998112440e+07,-1.497876590000000114e-09,8.456499999999999773e+01,6.307000000000000000e+07,6.970000000000000000e+07
6.677672940761087835e+07,-1.497527670000000061e-09,8.457000000000000739e+01,6.307000000000000000e+07,6.970000000000000000e+07
6.674982894355086237e+07,-1.498131179999999958e-09,8.457500000000000284e+01,6.307000000000000000e+07,6.970000000000000000e+07
6.674503245423807204e+07,-1.498238839999999990e-09,8.457999999999999829e+01,6.307000000000000000e+07,6.970000000000000000e+07
6.678059168485736102e+07,-1.497441060000000122e-09,8.458500000000000796e+01,6.307000000000000000e+07,6.970000000000000000e+07
6.678291613400055468e+07,-1.497388940000000175e-09,8.459000000000000341e+01,6.307000000000000000e+07,6.970000000000000000e+07
6.676795721872518957e+07,-1.497724420000000121e-09,8.459499999999999886e+01,6.307000000000000000e+07,6.970000000000000000e+07
6.678909776177377254e+07,-1.497250350000000085e-09,8.460000000000000853e+01,6.307000000000000000e+07,6.970000000000000000e+07
6.679339644948614389e+07,-1.497153989999999933e-09,8.460500000000000398e+01,6.307000000000000000e+07,6.970000000000000000e+07
6.677158441210952401e+07,-1.497643059999999993e-09,8.460999999999999943e+01,6.307000000000000000e+07,6.970000000000000000e+07
6.679623131655138731e+07,-1.497090449999999985e-09,8.461499999999999488e+01,6.307000000000000000e+07,6.970000000000000000e+07
6.683462966560769826e+07,-1.496230330000000138e-09,8.462000000000000455e+01,6.307000000000000000e+07,6.970000000000000000e+07
6.682116075412544608e+07,-1.496531920000000075e-09,8.462500000000000000e+01,6.307000000000000000e+07,6.970000000000000000e+07
6.684157502653309703e+07,-1.496074860000000127e-09,8.462999999999999545e+01,6.307000000000000000e+07,6.970000000000000000e+07
6.690936387983099371e+07,-1.494559120000000067e-09,8.463500000000000512e+01,6.307000000000000000e+07,6.970000000000000000e+07
6.694102176673676819e+07,-1.493852310000000122e-09,8.464000000000000057e+01,6.307000000000000000e+07,6.970000000000000000e+07
6.697509187626360357e+07,-1.493092389999999956e-09,8.464499999999999602e+01,6.307000000000000000e+07,6.970000000000000000e+07
6.705963163741983473e+07,-1.491210100000000097e-09,8.465000000000000568e+01,6.307000000000000000e+07,6.970000000000000000e+07
6.709618108062276989e+07,-1.490397790000000229e-09,8.465500000000000114e+01,6.307000000000000000e+07,6.970000000000000000e+07
6.709137114796234667e+07,-1.490504639999999961e-09,8.465999999999999659e+01,6.307000000000000000e+07,6.970000000000000000e+07
6.712096507436428964e+07,-1.489847470000000082e-09,8.466500000000000625e+01,6.307000000000000000e+07,6.970000000000000000e+07
6.714595539153081179e+07,-1.489292980000000178e-09,8.467000000000000171e+01,6.307000000000000000e+07,6.970000000000000000e+07
6.711474303587056696e+07,-1.489985590000000146e-09,8.467499999999999716e+01,6.307000000000000000e+07,6.970000000000000000e+07
6.709840914368809015e+07,-1.490348300000000004e-09,8.468000000000000682e+01,6.307000000000000000e+07,6.970000000000000000e+07
6.710399503366016597e+07,-1.490224240000000120e-09,8.468500000000000227e+01,6.307000000000000000e+07,6.970000000000000000e+07
6.706915537498750538e+07,-1.490998350000000012e-09,8.468999999999999773e+01,6.307000000000000000e+07,6.970000000000000000e+07
6.703483853516194224e+07,-1.491761630000000257e-09,8.469500000000000739e+01,6.307000000000000000e+07,6.970000000000000000e+07
6.705703112652600557e+07,-1.491267930000000044e-09,8.470000000000000284e+01,6.307000000000000000e+07,6.970000000000000000e+07
6.706771550915972143e+07,-1.491030360000000124e-09,8.470499999999999829e+01,6.307000000000000000e+07,6.970000000000000000e+07
6.703970373492334038e+07,-1.491653370000000240e-09,8.471000000000000796e+01,6.307000000000000000e+07,6.970000000000000000e+07
6.706375068739505857e+07,-1.491118510000000100e-09,8.471500000000000341e+01,6.307000000000000000e+07,6.970000000000000000e+07
6.709914165905700624e+07,-1.490332030000000111e-09,8.471999999999999886e+01,6.307000000000000000e+07,6.970000000000000000e+07
6.708617755525530875e+07,-1.490620030000000100e-09,8.472500000000000853e+01,6.307000000000000000e+07,6.970000000000000000e+07
6.708807774348928779e+07,-1.490577810000000001e-09,8.473000000000000398e+01,6.307000000000000000e+07,6.970000000000000000e+07
6.713038817193709314e+07,-1.489638340000000088e-09,8.473499999999999943e+01,6.307000000000000000e+07,6.970000000000000000e+07
6.713477958208465576e+07,-1.489540900000000088e-09,8.473999999999999488e+01,6.307000000000000000e+07,6.970000000000000000e+07
6.711991402207492292e+07,-1.489870800000000198e-09,8.474500000000000455e+01,6.307000000000000000e+07,6.970000000000000000e+07
6.714502798957277834e+07,-1.489313550000000200e-09,8.475000000000000000e+01,6.307000000000000000e+07,6.970000000000000000e+07
6.713977154282796383e+07,-1.489430150000000146e-09,8.475499999999999545e+01,6.307000000000000000e+07,6.970000000000000000e+07
6.709721923425257206e+07,-1.490374730000000281e-09,8.476000000000000512e+01,6.307000000000000000e+07,6.970000000000000000e+07
6.710012272344046086e+07,-1.490310240000000031e-09,8.476500000000000057e+01,6.307000000000000000e+07,6.970000000000000000e+07
6.711028488805839419e+07,-1.490084570000000182e-09,8.476999999999999602e+01,6.307000000000000000e+07,6.970000000000000000e+07
6.707198670665417612e+07,-1.490935410000000256e-09,8.477500000000000568e+01,6.307000000000000000e+07,6.970000000000000000e+07
6.706320019220313430e+07,-1.491130750000000031e-09,8.478000000000000114e+01,6.307000000000000000e+07,6.970000000000000000e+07
6.709972606201335788e+07,-1.490319050000000192e-09,8.478499999999999659e+01,6.307000000000000000e+07,6.970000000000000000e+07
6.710014388485153019e+07,-1.490309770000000212e-09,8.479000000000000625e+01,6.307000000000000000e+07,6.970000000000000000e+07
6.709134999208423495e+07,-1.490505109999999987e-09,8.479500000000000171e+01,6.307000000000000000e+07,6.970000000000000000e+07
6.711978652847221494e+07,-1.489873629999999984e-09,8.479999999999999716e+01,6.307000000000000000e+07,6.970000000000000000e+07
6.709531222565355152e+07,-1.490417090000000177e-09,8.480500000000000682e+01,6.307000000000000000e+07,6.970000000000000000e+07
6.702000192521657050e+07,-1.492091870000000228e-09,8.481000000000000227e+01,6.307000000000000000e+07,6.970000000000000000e+07
6.698021085745466501e+07,-1.492978280000000142e-09,8.481499999999999773e+01,6.307000000000000000e+07,6.970000000000000000e+07
6.695526842383849621e+07,-1.493534450000000086e-09,8.482000000000000739e+01,6.307000000000000000e+07,6.970000000000000000e+07
6.689665334707470983e+07,-1.494843090000000095e-09,8.482500000000000284e+01,6.307000000000000000e+07,6.970000000000000000e+07
6.687428993714872748e+07,-1.495342980000000172e-09,8.482999999999999829e+01,6.307000000000000000e+07,6.970000000000000000e+07
6.688969071939454228e+07,-1.494998690000000065e-09,8.483500000000000796e+01,6.307000000000000000e+07,6.970000000000000000e+07
6.687000184768502414e+07,-1.495438870000000092e-09,8.484000000000000341e+01,6.307000000000000000e+07,6.970000000000000000e+07
6.685580664642857015e+07,-1.495756390000000062e-09,8.484499999999999886e+01,6.307000000000000000e+07,6.970000000000000000e+07
6.689603667540425062e+07,-1.494856870000000063e-09,8.485000000000000853e+01,6.307000000000000000e+07,6.970000000000000000e+07
6.691515968095039576e+07,-1.494429669999999955e-09,8.485500000000000398e+01,6.307000000000000000e+07,6.970000000000000000e+07
6.690457174126046151e+07,-1.494666170000000071e-09,8.485999999999999943e+01,6.307000000000000000e+07,6.970000000000000000e+07
6.693712881312122941e+07,-1.493939190000000230e-09,8.486499999999999488e+01,6.307000000000000000e+07,6.970000000000000000e+07
6.696904171212302148e+07,-1.493227280000000107e-09,8.487000000000000455e+01,6.307000000000000000e+07,6.970000000000000000e+07
6.696035747295735776e+07,-1.493420940000000050e-09,8.487500000000000000e+01,6.307000000000000000e+07,6.970000000000000000e+07
6.696303479098623246e+07,-1.493361230000000207e-09,8.487999999999999545e+01,6.307000000000000000e+07,6.970000000000000000e+07
6.699690378498941660e+07,-1.492606289999999891e-09,8.488500000000000512e+01,6.307000000000000000e+07,6.970000000000000000e+07
6.699255193555718660e+07,-1.492703250000000028e-09,8.489000000000000057e+01,6.307000000000000000e+07,6.970000000000000000e+07
6.697220547656637430e+07,-1.493156740000000203e-09,8.489499999999999602e+01,6.307000000000000000e+07,6.970000000000000000e+07
6.698747010759507120e+07,-1.492816490000000102e-09,8.490000000000000568e+01,6.307000000000000000e+07,6.970000000000000000e+07
6.698256402998936176e+07,-1.492925829999999966e-09,8.490500000000000114e+01,6.307000000000000000e+07,6.970000000000000000e+07
6.695653758745176345e+07,-1.493506140000000119e-09,8.490999999999999659e+01,6.307000000000000000e+07,6.970000000000000000e+07
6.697255802113986760e+07,-1.493148879999999931e-09,8.491500000000000625e+01,6.307000000000000000e+07,6.970000000000000000e+07
6.697731190443355590e+07,-1.493042900000000144e-09,8.492000000000000171e+01,6.307000000000000000e+07,6.970000000000000000e+07
6.691833940320591629e+07,-1.494358660000000232e-09,8.492499999999999716e+01,6.307000000000000000e+07,6.970000000000000000e+07
6.686217299775556475e+07,-1.495613970000000074e-09,8.493000000000000682e+01,6.307000000000000000e+07,6.970000000000000000e+07
6.682802516101878136e+07,-1.496378200000000208e-09,8.493500000000000227e+01,6.307000000000000000e+07,6.970000000000000000e+07
6.674177340900959820e+07,-1.498312000000000192e-09,8.493999999999999773e+01,6.307000000000000000e+07,6.970000000000000000e+07
6.663432369862982631e+07,-1.500728070000000136e-09,8.494500000000000739e+01,6.307000000000000000e+07,6.970000000000000000e+07
6.656085443263606727e+07,-1.502384560000000188e-09,8.495000000000000284e+01,6.307000000000000000e+07,6.970000000000000000e+07
6.646363841802743077e+07,-1.504582089999999993e-09,8.495499999999999829e+01,6.307000000000000000e+07,6.970000000000000000e+07
6.633822874965626746e+07,-1.507426440000000100e-09,8.496000000000000796e+01,6.307000000000000000e+07,6.970000000000000000e+07
6.626642936128181219e+07,-1.509059729999999995e-09,8.496500000000000341e+01,6.307000000000000000e+07,6.970000000000000000e+07
6.620990133056212962e+07,-1.510348119999999960e-09,8.496999999999999886e+01,6.307000000000000000e+07,6.970000000000000000e+07
6.611735792683946341e+07,-1.512462130000000148e-09,8.497500000000000853e+01,6.307000000000000000e+07,6.970000000000000000e+07
6.605120418809020519e+07,-1.513976940000000201e-09,8.498000000000000398e+01,6.307000000000000000e+07,6.970000000000000000e+07
6.600450071489474922e+07,-1.515048200000000104e-09,8.498499999999999943e+01,6.307000000000000000e+07,6.970000000000000000e+07
6.591534641029209644e+07,-1.517097390000000019e-09,8.498999999999999488e+01,6.307000000000000000e+07,6.970000000000000000e+07
6.583013895326985419e+07,-1.519061050000000050e-09,8.499500000000000455e+01,6.307000000000000000e+07,6.970000000000000000e+07
6.580013157394310087e+07,-1.519753800000000022e-09,8.500000000000000000e+01,6.307000000000000000e+07,6.970000000000000000e+07
6.574146079235158116e+07,-1.521110100000000169e-09,8.500499999999999545e+01,6.307000000000000000e+07,6.970000000000000000e+07
6.565490186850699037e+07,-1.523115520000000112e-09,8.501000000000000512e+01,6.307000000000000000e+07,6.970000000000000000e+07
6.561771370654235035e+07,-1.523978730000000075e-09,8.501500000000000057e+01,6.307000000000000000e+07,6.970000000000000000e+07
6.557591751184351742e+07,-1.524950070000000097e-09,8.501999999999999602e+01,6.307000000000000000e+07,6.970000000000000000e+07
6.548824799309790134e+07,-1.526991530000000113e-09,8.502500000000000568e+01,6.307000000000000000e+07,6.970000000000000000e+07
6.543394052082289010e+07,-1.528258869999999985e-09,8.503000000000000114e+01,6.307000000000000000e+07,6.970000000000000000e+07
6.541115450138241053e+07,-1.528791240000000200e-09,8.503499999999999659e+01,6.307000000000000000e+07,6.970000000000000000e+07
6.534825516303167492e+07,-1.530262740000000054e-09,8.504000000000000625e+01,6.307000000000000000e+07,6.970000000000000000e+07
6.528838319554057717e+07,-1.531666049999999925e-09,8.504500000000000171e+01,6.307000000000000000e+07,6.970000000000000000e+07
6.527718350155220181e+07,-1.531928840000000109e-09,8.504999999999999716e+01,6.307000000000000000e+07,6.970000000000000000e+07
6.524316093458740413e+07,-1.532727700000000032e-09,8.505500000000000682e+01,6.307000000000000000e+07,6.970000000000000000e+07
6.518273265348482132e+07,-1.534148630000000020e-09,8.506000000000000227e+01,6.307000000000000000e+07,6.970000000000000000e+07
6.517323714458711445e+07,-1.534372150000000217e-09,8.506499999999999773e+01,6.307000000000000000e+07,6.970000000000000000e+07
6.516725374433607608e+07,-1.534513030000000168e-09,8.507000000000000739e+01,6.307000000000000000e+07,6.970000000000000000e+07
6.512278983426738530e+07,-1.535560750000000053e-09,8.507500000000000284e+01,6.307000000000000000e+07,6.970000000000000000e+07
6.510069844391036779e+07,-1.536081830000000225e-09,8.507999999999999829e+01,6.307000000000000000e+07,6.970000000000000000e+07
6.510532720303308964e+07,-1.535972619999999906e-09,8.508500000000000796e+01,6.307000000000000000e+07,6.970000000000000000e+07
6.507294986776688695e+07,-1.536736850000000040e-09,8.509000000000000341e+01,6.307000000000000000e+07,6.970000000000000000e+07
6.504766582370529324e+07,-1.537334180000000117e-09,8.509499999999999886e+01,6.307000000000000000e+07,6.970000000000000000e+07
6.506616523036034405e+07,-1.536897090000000207e-09,8.510000000000000853e+01,6.307000000000000000e+07,6.970000000000000000e+07
6.506132573212322593e+07,-1.537011410000000129e-09,8.510500000000000398e+01,6.307000000000000000e+07,6.970000000000000000e+07
6.501497382617431879e+07,-1.538107209999999954e-09,8.510999999999999943e+01,6.307000000000000000e+07,6.970000000000000000e+07
6.499711734534717351e+07,-1.538529770000000072e-09,8.511499999999999488e+01,6.307000000000000000e+07,6.970000000000000000e+07
6.496803452510499954e+07,-1.539218490000000289e-09,8.512000000000000455e+01,6.307000000000000000e+07,6.970000000000000000e+07
6.489920054114510864e+07,-1.540851030000000151e-09,8.512500000000000000e+01,6.307000000000000000e+07,6.970000000000000000e+07
6.485880361684340239e+07,-1.541810740000000064e-09,8.512999999999999545e+01,6.307000000000000000e+07,6.970000000000000000e+07
6.484512390606276691e+07,-1.542135999999999978e-09,8.513500000000000512e+01,6.307000000000000000e+07,6.970000000000000000e+07
6.479133797346002609e+07,-1.543416190000000224e-09,8.514000000000000057e+01,6.307000000000000000e+07,6.970000000000000000e+07
6.473954646011539549e+07,-1.544650920000000207e-09,8.514499999999999602e+01,6.307000000000000000e+07,6.970000000000000000e+07
6.473165872791130841e+07,-1.544839140000000111e-09,8.515000000000000568e+01,6.307000000000000000e+07,6.970000000000000000e+07
6.469238782527558506e+07,-1.545776920000000147e-09,8.515500000000000114e+01,6.307000000000000000e+07,6.970000000000000000e+07
6.462317544622803479e+07,-1.547432470000000147e-09,8.515999999999999659e+01,6.307000000000000000e+07,6.970000000000000000e+07
6.460284772712129354e+07,-1.547919380000000098e-09,8.516500000000000625e+01,6.307000000000000000e+07,6.970000000000000000e+07
6.458396594673477113e+07,-1.548371930000000222e-09,8.517000000000000171e+01,6.307000000000000000e+07,6.970000000000000000e+07
6.452870546879682690e+07,-1.549697909999999928e-09,8.517499999999999716e+01,6.307000000000000000e+07,6.970000000000000000e+07
6.449957594431296736e+07,-1.550397790000000228e-09,8.518000000000000682e+01,6.307000000000000000e+07,6.970000000000000000e+07
6.449854090433288366e+07,-1.550422670000000011e-09,8.518500000000000227e+01,6.307000000000000000e+07,6.970000000000000000e+07
6.446594832217473537e+07,-1.551206530000000116e-09,8.518999999999999773e+01,6.307000000000000000e+07,6.970000000000000000e+07
6.443377393942635506e+07,-1.551981110000000241e-09,8.519500000000000739e+01,6.307000000000000000e+07,6.970000000000000000e+07
6.444025416679704934e+07,-1.551825040000000038e-09,8.520000000000000284e+01,6.307000000000000000e+07,6.970000000000000000e+07
6.441418713969079405e+07,-1.552453030000000004e-09,8.520499999999999829e+01,6.307000000000000000e+07,6.970000000000000000e+07
6.436664310976262391e+07,-1.553599739999999970e-09,8.521000000000000796e+01,6.307000000000000000e+07,6.970000000000000000e+07
6.436732299386863410e+07,-1.553583330000000074e-09,8.521500000000000341e+01,6.307000000000000000e+07,6.970000000000000000e+07
6.437507162129062414e+07,-1.553396330000000021e-09,8.521999999999999886e+01,6.307000000000000000e+07,6.970000000000000000e+07
6.435767338180851936e+07,-1.553816270000000048e-09,8.522500000000000853e+01,6.307000000000000000e+07,6.970000000000000000e+07
6.436080688937643170e+07,-1.553740619999999921e-09,8.523000000000000398e+01,6.307000000000000000e+07,6.970000000000000000e+07
6.438934267778947204e+07,-1.553052040000000121e-09,8.523499999999999943e+01,6.307000000000000000e+07,6.970000000000000000e+07
6.438230936382102221e+07,-1.553221700000000065e-09,8.523999999999999488e+01,6.307000000000000000e+07,6.970000000000000000e+07
6.438167392905897647e+07,-1.553237030000000113e-09,8.524500000000000455e+01,6.307000000000000000e+07,6.970000000000000000e+07
6.442201138300865144e+07,-1.552264480000000078e-09,8.525000000000000000e+01,6.307000000000000000e+07,6.970000000000000000e+07
6.443487125539001077e+07,-1.551954679999999963e-09,8.525499999999999545e+01,6.307000000000000000e+07,6.970000000000000000e+07
6.442962000498982519e+07,-1.552081169999999918e-09,8.526000000000000512e+01,6.307000000000000000e+07,6.970000000000000000e+07
6.446466834317351133e+07,-1.551237330000000008e-09,8.526500000000000057e+01,6.307000000000000000e+07,6.970000000000000000e+07
6.448000234294536710e+07,-1.550868430000000080e-09,8.526999999999999602e+01,6.307000000000000000e+07,6.970000000000000000e+07
6.444525006735496223e+07,-1.551704739999999947e-09,8.527500000000000568e+01,6.307000000000000000e+07,6.970000000000000000e+07
6.443082013230663538e+07,-1.552052259999999967e-09,8.528000000000000114e+01,6.307000000000000000e+07,6.970000000000000000e+07
6.444471098776908964e+07,-1.551717720000000073e-09,8.528499999999999659e+01,6.307000000000000000e+07,6.970000000000000000e+07
6.442294934085916728e+07,-1.552241880000000111e-09,8.529000000000000625e+01,6.307000000000000000e+07,6.970000000000000000e+07
6.440374823116715252e+07,-1.552704660000000104e-09,8.529500000000000171e+01,6.307000000000000000e+07,6.970000000000000000e+07
6.442984333902920783e+07,-1.552075790000000147e-09,8.529999999999999716e+01,6.307000000000000000e+07,6.970000000000000000e+07
6.442314191611586511e+07,-1.552237240000000121e-09,8.530500000000000682e+01,6.307000000000000000e+07,6.970000000000000000e+07
6.438743848206819594e+07,-1.553097970000000204e-09,8.531000000000000227e+01,6.307000000000000000e+07,6.970000000000000000e+07
6.439633274218787253e+07,-1.552883460000000232e-09,8.531499999999999773e+01,6.307000000000000000e+07,6.970000000000000000e+07
6.439923859749817848e+07,-1.552813390000000147e-09,8.532000000000000739e+01,6.307000000000000000e+07,6.970000000000000000e+07
6.436800247801361233e+07,-1.553566930000000017e-09,8.532500000000000284e+01,6.307000000000000000e+07,6.970000000000000000e+07
6.437673802707907557e+07,-1.553356119999999983e-09,8.532999999999999829e+01,6.307000000000000000e+07,6.970000000000000000e+07
6.441426514451034367e+07,-1.552451150000000108e-09,8.533500000000000796e+01,6.307000000000000000e+07,6.970000000000000000e+07
6.441377720257419348e+07,-1.552462910000000176e-09,8.534000000000000341e+01,6.307000000000000000e+07,6.970000000000000000e+07
6.441241009170871228e+07,-1.552495860000000133e-09,8.534499999999999886e+01,6.307000000000000000e+07,6.970000000000000000e+07
6.444066485624915361e+07,-1.551815150000000029e-09,8.535000000000000853e+01,6.307000000000000000e+07,6.970000000000000000e+07
6.444584771697522700e+07,-1.551690350000000158e-09,8.535500000000000398e+01,6.307000000000000000e+07,6.970000000000000000e+07
6.445423300854931772e+07,-1.551488480000000038e-09,8.535999999999999943e+01,6.307000000000000000e+07,6.970000000000000000e+07
6.452354799143420905e+07,-1.549821780000000205e-09,8.536499999999999488e+01,6.307000000000000000e+07,6.970000000000000000e+07
6.459831016892839223e+07,-1.548028110000000141e-09,8.537000000000000455e+01,6.307000000000000000e+07,6.970000000000000000e+07
6.463934663996338099e+07,-1.547045340000000074e-09,8.537500000000000000e+01,6.307000000000000000e+07,6.970000000000000000e+07
6.472367447225335985e+07,-1.545029709999999938e-09,8.537999999999999545e+01,6.307000000000000000e+07,6.970000000000000000e+07
6.483630618927443027e+07,-1.542345730000000163e-09,8.538500000000000512e+01,6.307000000000000000e+07,6.970000000000000000e+07
6.490374087248956412e+07,-1.540743240000000160e-09,8.539000000000000057e+01,6.307000000000000000e+07,6.970000000000000000e+07
6.496984278564957529e+07,-1.539175650000000116e-09,8.539499999999999602e+01,6.307000000000000000e+07,6.970000000000000000e+07
6.506993759187833965e+07,-1.536807990000000135e-09,8.540000000000000568e+01,6.307000000000000000e+07,6.970000000000000000e+07
6.514839462238048762e+07,-1.534957240000000156e-09,8.540500000000000114e+01,6.307000000000000000e+07,6.970000000000000000e+07
6.520807590543467551e+07,-1.533552379999999997e-09,8.540999999999999659e+01,6.307000000000000000e+07,6.970000000000000000e+07
6.531027202374869585e+07,-1.531152710000000110e-09,8.541500000000000625e+01,6.307000000000000000e+07,6.970000000000000000e+07
6.538796747361869365e+07,-1.529333360000000214e-09,8.542000000000000171e+01,6.307000000000000000e+07,6.970000000000000000e+07
6.540969295774390548e+07,-1.528825399999999964e-09,8.542499999999999716e+01,6.307000000000000000e+07,6.970000000000000000e+07
6.545552947727259994e+07,-1.527754810000000151e-09,8.543000000000000682e+01,6.307000000000000000e+07,6.970000000000000000e+07
6.551793975536335260e+07,-1.526299520000000129e-09,8.543500000000000227e+01,6.307000000000000000e+07,6.970000000000000000e+07
6.552004405567762256e+07,-1.526250500000000136e-09,8.543999999999999773e+01,6.307000000000000000e+07,6.970000000000000000e+07
6.551765386942218989e+07,-1.526306180000000018e-09,8.544500000000000739e+01,6.307000000000000000e+07,6.970000000000000000e+07
6.554717853874206543e+07,-1.525618680000000066e-09,8.545000000000000284e+01,6.307000000000000000e+07,6.970000000000000000e+07
6.553262116237857193e+07,-1.525957580000000151e-09,8.545499999999999829e+01,6.307000000000000000e+07,6.970000000000000000e+07
6.549401338544377685e+07,-1.526857109999999987e-09,8.546000000000000796e+01,6.307000000000000000e+07,6.970000000000000000e+07
6.549958673363248259e+07,-1.526727190000000056e-09,8.546500000000000341e+01,6.307000000000000000e+07,6.970000000000000000e+07
6.549874415000423044e+07,-1.526746830000000071e-09,8.546999999999999886e+01,6.307000000000000000e+07,6.970000000000000000e+07
6.545798111784674972e+07,-1.527697590000000232e-09,8.547500000000000853e+01,6.307000000000000000e+07,6.970000000000000000e+07
6.545325067024128884e+07,-1.527808000000000107e-09,8.548000000000000398e+01,6.307000000000000000e+07,6.970000000000000000e+07
6.546915636091580242e+07,-1.527436819999999949e-09,8.548499999999999943e+01,6.307000000000000000e+07,6.970000000000000000e+07
6.543660935130765289e+07,-1.528196540000000051e-09,8.548999999999999488e+01,6.307000000000000000e+07,6.970000000000000000e+07
6.542154549477732927e+07,-1.528548420000000055e-09,8.549500000000000455e+01,6.307000000000000000e+07,6.970000000000000000e+07
6.545810794661234319e+07,-1.527694630000000075e-09,8.550000000000000000e+01,6.307000000000000000e+07,6.970000000000000000e+07
6.546263468421568722e+07,-1.527588989999999942e-09,8.550499999999999545e+01,6.307000000000000000e+07,6.970000000000000000e+07
6.545501363640663028e+07,-1.527766850000000018e-09,8.551000000000000512e+01,6.307000000000000000e+07,6.970000000000000000e+07
6.548660417157787830e+07,-1.527029860000000254e-09,8.551500000000000057e+01,6.307000000000000000e+07,6.970000000000000000e+07
6.549660689915712923e+07,-1.526796650000000112e-09,8.551999999999999602e+01,6.307000000000000000e+07,6.970000000000000000e+07
6.546628601163733006e+07,-1.527503790000000080e-09,8.552500000000000568e+01,6.307000000000000000e+07,6.970000000000000000e+07
6.547072172239326686e+07,-1.527400300000000219e-09,8.553000000000000114e+01,6.307000000000000000e+07,6.970000000000000000e+07
6.549664722335380316e+07,-1.526795710000000060e-09,8.553499999999999659e+01,6.307000000000000000e+07,6.970000000000000000e+07
6.547910187973346561e+07,-1.527204820000000026e-09,8.554000000000000625e+01,6.307000000000000000e+07,6.970000000000000000e+07
6.546842728464008868e+07,-1.527453830000000036e-09,8.554500000000000171e+01,6.307000000000000000e+07,6.970000000000000000e+07
6.549381435483599454e+07,-1.526861749999999977e-09,8.554999999999999716e+01,6.307000000000000000e+07,6.970000000000000000e+07
6.547370520346379280e+07,-1.527330700000000159e-09,8.555500000000000682e+01,6.307000000000000000e+07,6.970000000000000000e+07
6.543080225812428445e+07,-1.528332170000000190e-09,8.556000000000000227e+01,6.307000000000000000e+07,6.970000000000000000e+07
6.543852986217617244e+07,-1.528151690000000230e-09,8.556499999999999773e+01,6.307000000000000000e+07,6.970000000000000000e+07
6.544477048083785176e+07,-1.528005970000000018e-09,8.557000000000000739e+01,6.307000000000000000e+07,6.970000000000000000e+07
6.542202870793201029e+07,-1.528537130000000013e-09,8.557500000000000284e+01,6.307000000000000000e+07,6.970000000000000000e+07
6.543980855243721604e+07,-1.528121829999999976e-09,8.557999999999999829e+01,6.307000000000000000e+07,6.970000000000000000e+07
6.547881033016236126e+07,-1.527211620000000126e-09,8.558500000000000796e+01,6.307000000000000000e+07,6.970000000000000000e+07
6.547299574474632740e+07,-1.527347250000000058e-09,8.559000000000000341e+01,6.307000000000000000e+07,6.970000000000000000e+07
6.548137648427700251e+07,-1.527151770000000073e-09,8.559499999999999886e+01,6.307000000000000000e+07,6.970000000000000000e+07
6.552942146845680475e+07,-1.526032089999999955e-09,8.560000000000000853e+01,6.307000000000000000e+07,6.970000000000000000e+07
6.553602303177022189e+07,-1.525878370000000088e-09,8.560500000000000398e+01,6.307000000000000000e+07,6.970000000000000000e+07
6.552710273376517743e+07,-1.526086090000000005e-09,8.560999999999999943e+01,6.307000000000000000e+07,6.970000000000000000e+07
6.557611145148027688e+07,-1.524945560000000065e-09,8.561499999999999488e+01,6.307000000000000000e+07,6.970000000000000000e+07
6.561469125535228103e+07,-1.524048930000000119e-09,8.562000000000000455e+01,6.307000000000000000e+07,6.970000000000000000e+07
6.561283271529325098e+07,-1.524092100000000108e-09,8.562500000000000000e+01,6.307000000000000000e+07,6.970000000000000000e+07
6.564131045025613159e+07,-1.523430890000000016e-09,8.562999999999999545e+01,6.307000000000000000e+07,6.970000000000000000e+07
6.570081000886139274e+07,-1.522051250000000121e-09,8.563500000000000512e+01,6.307000000000000000e+07,6.970000000000000000e+07
6.572665068128795922e+07,-1.521452850000000033e-09,8.564000000000000057e+01,6.307000000000000000e+07,6.970000000000000000e+07
6.575473917583785206e+07,-1.520802930000000190e-09,8.564499999999999602e+01,6.307000000000000000e+07,6.970000000000000000e+07
6.580504653505863994e+07,-1.519640289999999986e-09,8.565000000000000568e+01,6.307000000000000000e+07,6.970000000000000000e+07
6.580270262491323799e+07,-1.519694419999999994e-09,8.565500000000000114e+01,6.307000000000000000e+07,6.970000000000000000e+07
6.577288031157033890e+07,-1.520383470000000234e-09,8.565999999999999659e+01,6.307000000000000000e+07,6.970000000000000000e+07
6.579248412320445478e+07,-1.519930450000000084e-09,8.566500000000000625e+01,6.307000000000000000e+07,6.970000000000000000e+07
6.580321789843316376e+07,-1.519682519999999923e-09,8.567000000000000171e+01,6.307000000000000000e+07,6.970000000000000000e+07
6.579623381436499953e+07,-1.519843829999999893e-09,8.567499999999999716e+01,6.307000000000000000e+07,6.970000000000000000e+07
6.583666124488593638e+07,-1.518910560000000096e-09,8.568000000000000682e+01,6.307000000000000000e+07,6.970000000000000000e+07
6.588553001894637197e+07,-1.517783950000000127e-09,8.568500000000000227e+01,6.307000000000000000e+07,6.970000000000000000e+07
6.588991462281367928e+07,-1.517682949999999984e-09,8.568999999999999773e+01,6.307000000000000000e+07,6.970000000000000000e+07
6.590098943086522073e+07,-1.517427899999999952e-09,8.569500000000000739e+01,6.307000000000000000e+07,6.970000000000000000e+07
6.593248036659303308e+07,-1.516703140000000075e-09,8.570000000000000284e+01,6.307000000000000000e+07,6.970000000000000000e+07
6.593023560472971946e+07,-1.516754780000000158e-09,8.570499999999999829e+01,6.307000000000000000e+07,6.970000000000000000e+07
6.591386789682333916e+07,-1.517131420000000031e-09,8.571000000000000796e+01,6.307000000000000000e+07,6.970000000000000000e+07
6.594580950584839284e+07,-1.516396580000000125e-09,8.571500000000000341e+01,6.307000000000000000e+07,6.970000000000000000e+07
6.598844186045438051e+07,-1.515416899999999968e-09,8.571999999999999886e+01,6.307000000000000000e+07,6.970000000000000000e+07
6.601678075268609822e+07,-1.514766380000000141e-09,8.572500000000000853e+01,6.307000000000000000e+07,6.970000000000000000e+07
6.608672394244422764e+07,-1.513163220000000049e-09,8.573000000000000398e+01,6.307000000000000000e+07,6.970000000000000000e+07
6.617987091973547637e+07,-1.511033470000000261e-09,8.573499999999999943e+01,6.307000000000000000e+07,6.970000000000000000e+07
6.623788192025817931e+07,-1.509710110000000232e-09,8.573999999999999488e+01,6.307000000000000000e+07,6.970000000000000000e+07
6.631667159012689441e+07,-1.507916450000000006e-09,8.574500000000000455e+01,6.307000000000000000e+07,6.970000000000000000e+07
6.641995990997492522e+07,-1.505571519999999950e-09,8.575000000000000000e+01,6.307000000000000000e+07,6.970000000000000000e+07
6.647575406223195046e+07,-1.504307870000000178e-09,8.575499999999999545e+01,6.307000000000000000e+07,6.970000000000000000e+07
6.649206603702092916e+07,-1.503938830000000247e-09,8.576000000000000512e+01,6.307000000000000000e+07,6.970000000000000000e+07
6.653192178320985287e+07,-1.503037900000000170e-09,8.576500000000000057e+01,6.307000000000000000e+07,6.970000000000000000e+07
6.654209719902619720e+07,-1.502808060000000151e-09,8.576999999999999602e+01,6.307000000000000000e+07,6.970000000000000000e+07
6.650320754612960666e+07,-1.503686869999999917e-09,8.577500000000000568e+01,6.307000000000000000e+07,6.970000000000000000e+07
6.650051291845614463e+07,-1.503747800000000025e-09,8.578000000000000114e+01,6.307000000000000000e+07,6.970000000000000000e+07
6.651686403716854751e+07,-1.503378150000000272e-09,8.578499999999999659e+01,6.307000000000000000e+07,6.970000000000000000e+07
6.649345432118784636e+07,-1.503907429999999957e-09,8.579000000000000625e+01,6.307000000000000000e+07,6.970000000000000000e+07
6.649413787348036468e+07,-1.503891970000000157e-09,8.579500000000000171e+01,6.307000000000000000e+07,6.970000000000000000e+07
6.653545520045375824e+07,-1.502958080000000079e-09,8.579999999999999716e+01,6.307000000000000000e+07,6.970000000000000000e+07
6.652922527076430619e+07,-1.503098820000000027e-09,8.580500000000000682e+01,6.307000000000000000e+07,6.970000000000000000e+07
6.650973296116083860e+07,-1.503539339999999914e-09,8.581000000000000227e+01,6.307000000000000000e+07,6.970000000000000000e+07
6.655414003255948424e+07,-1.502536129999999990e-09,8.581499999999999773e+01,6.307000000000000000e+07,6.970000000000000000e+07
6.663983880036241561e+07,-1.500603870000000043e-09,8.582000000000000739e+01,6.307000000000000000e+07,6.970000000000000000e+07
6.673376168044366688e+07,-1.498491880000000167e-09,8.582500000000000284e+01,6.307000000000000000e+07,6.970000000000000000e+07
6.689984339482559264e+07,-1.494771810000000204e-09,8.582999999999999829e+01,6.307000000000000000e+07,6.970000000000000000e+07
6.710610563090217113e+07,-1.490177370000000193e-09,8.583500000000000796e+01,6.307000000000000000e+07,6.970000000000000000e+07
6.727903958794225752e+07,-1.486347020000000106e-09,8.584000000000000341e+01,6.307000000000000000e+07,6.970000000000000000e+07
6.746857202591888607e+07,-1.482171580000000070e-09,8.584499999999999886e+01,6.307000000000000000e+07,6.970000000000000000e+07
6.769584249841959774e+07,-1.477195590000000028e-09,8.585000000000000853e+01,6.307000000000000000e+07,6.970000000000000000e+07
6.789441909979726374e+07,-1.472875110000000121e-09,8.585500000000000398e+01,6.307000000000000000e+07,6.970000000000000000e+07
6.808617721919575334e+07,-1.468726900000000205e-09,8.585999999999999943e+01,6.307000000000000000e+07,6.970000000000000000e+07
6.833050769601383805e+07,-1.463475150000000105e-09,8.586499999999999488e+01,6.307000000000000000e+07,6.970000000000000000e+07
6.855015577371673286e+07,-1.458785889999999977e-09,8.587000000000000455e+01,6.307000000000000000e+07,6.970000000000000000e+07
6.872025559701915085e+07,-1.455175029999999919e-09,8.587500000000000000e+01,6.307000000000000000e+07,6.970000000000000000e+07
6.892032927100831270e+07,-1.450950700000000057e-09,8.587999999999999545e+01,6.307000000000000000e+07,6.970000000000000000e+07
6.911497957635074854e+07,-1.446864350000000049e-09,8.588500000000000512e+01,6.307000000000000000e+07,6.970000000000000000e+07
6.924091941693329811e+07,-1.444232699999999915e-09,8.589000000000000057e+01,6.307000000000000000e+07,6.970000000000000000e+07
6.937805398291116953e+07,-1.441377990000000187e-09,8.589499999999999602e+01,6.307000000000000000e+07,6.970000000000000000e+07
6.956063727699598670e+07,-1.437594650000000237e-09,8.590000000000000568e+01,6.307000000000000000e+07,6.970000000000000000e+07
6.969410664194941521e+07,-1.434841550000000060e-09,8.590500000000000114e+01,6.307000000000000000e+07,6.970000000000000000e+07
6.979744599698315561e+07,-1.432717180000000043e-09,8.590999999999999659e+01,6.307000000000000000e+07,6.970000000000000000e+07
6.995433723641458154e+07,-1.429503930000000214e-09,8.591500000000000625e+01,6.307000000000000000e+07,6.970000000000000000e+07
7.012299102802275121e+07,-1.426065810000000172e-09,8.592000000000000171e+01,6.307000000000000000e+07,6.970000000000000000e+07
7.027216811261373758e+07,-1.423038489999999973e-09,8.592499999999999716e+01,6.307000000000000000e+07,6.970000000000000000e+07
7.046870958509398997e+07,-1.419069550000000003e-09,8.593000000000000682e+01,6.307000000000000000e+07,6.970000000000000000e+07
7.065201394766841829e+07,-1.415387820000000225e-09,8.593500000000000227e+01,6.307000000000000000e+07,6.970000000000000000e+07
7.077637071128547192e+07,-1.412900929999999957e-09,8.593999999999999773e+01,6.307000000000000000e+07,6.970000000000000000e+07
7.090592537206660211e+07,-1.410319370000000240e-09,8.594500000000000739e+01,6.307000000000000000e+07,6.970000000000000000e+07
7.105377040260167420e+07,-1.407384850000000051e-09,8.595000000000000284e+01,6.307000000000000000e+07,6.970000000000000000e+07
7.113371203024719656e+07,-1.405803200000000033e-09,8.595499999999999829e+01,6.307000000000000000e+07,6.970000000000000000e+07
7.118050381375530362e+07,-1.404879070000000005e-09,8.596000000000000796e+01,6.307000000000000000e+07,6.970000000000000000e+07
7.126531023838424683e+07,-1.403207249999999906e-09,8.596500000000000341e+01,6.307000000000000000e+07,6.970000000000000000e+07
7.130677029689101875e+07,-1.402391380000000102e-09,8.596999999999999886e+01,6.307000000000000000e+07,6.970000000000000000e+07
7.130063669614751637e+07,-1.402512020000000260e-09,8.597500000000000853e+01,6.307000000000000000e+07,6.970000000000000000e+07
7.134076877739864588e+07,-1.401723050000000139e-09,8.598000000000000398e+01,6.307000000000000000e+07,6.970000000000000000e+07
7.139940834023486078e+07,-1.400571830000000142e-09,8.598499999999999943e+01,6.307000000000000000e+07,6.970000000000000000e+07
7.140869583820909262e+07,-1.400389670000000143e-09,8.598999999999999488e+01,6.307000000000000000e+07,6.970000000000000000e+07
7.145194335924424231e+07,-1.399542059999999982e-09,8.599500000000000455e+01,6.307000000000000000e+07,6.970000000000000000e+07
7.152835910961470008e+07,-1.398046890000000152e-09,8.600000000000000000e+01,6.307000000000000000e+07,6.970000000000000000e+07
7.155323146843573451e+07,-1.397560920000000252e-09,8.600499999999999545e+01,6.307000000000000000e+07,6.970000000000000000e+07
7.155706389259393513e+07,-1.397486070000000174e-09,8.601000000000000512e+01,6.307000000000000000e+07,6.970000000000000000e+07
7.159965009823794663e+07,-1.396654870000000116e-09,8.601500000000000057e+01,6.307000000000000000e+07,6.970000000000000000e+07
7.161965317481076717e+07,-1.396264790000000136e-09,8.601999999999999602e+01,6.307000000000000000e+07,6.970000000000000000e+07
7.159877808952522278e+07,-1.396671879999999996e-09,8.602500000000000568e+01,6.307000000000000000e+07,6.970000000000000000e+07
7.162174704678647220e+07,-1.396223970000000276e-09,8.603000000000000114e+01,6.307000000000000000e+07,6.970000000000000000e+07
7.164877267228685319e+07,-1.395697320000000106e-09,8.603499999999999659e+01,6.307000000000000000e+07,6.970000000000000000e+07
7.161500421135611832e+07,-1.396355430000000244e-09,8.604000000000000625e+01,6.307000000000000000e+07,6.970000000000000000e+07
7.160728633640675247e+07,-1.396505930000000035e-09,8.604500000000000171e+01,6.307000000000000000e+07,6.970000000000000000e+07
7.163718299901787937e+07,-1.395923120000000120e-09,8.604999999999999716e+01,6.307000000000000000e+07,6.970000000000000000e+07
7.162545188945256174e+07,-1.396151750000000126e-09,8.605500000000000682e+01,6.307000000000000000e+07,6.970000000000000000e+07
7.161543143535013497e+07,-1.396347100000000152e-09,8.606000000000000227e+01,6.307000000000000000e+07,6.970000000000000000e+07
7.166343297369278967e+07,-1.395411799999999998e-09,8.606499999999999773e+01,6.307000000000000000e+07,6.970000000000000000e+07
7.170146155757328868e+07,-1.394671710000000073e-09,8.607000000000000739e+01,6.307000000000000000e+07,6.970000000000000000e+07
7.170447591098169982e+07,-1.394613080000000077e-09,8.607500000000000284e+01,6.307000000000000000e+07,6.970000000000000000e+07
7.174935304863968492e+07,-1.393740790000000197e-09,8.607999999999999829e+01,6.307000000000000000e+07,6.970000000000000000e+07
7.179227262007054687e+07,-1.392907570000000033e-09,8.608500000000000796e+01,6.307000000000000000e+07,6.970000000000000000e+07
7.176513144113942981e+07,-1.393434360000000206e-09,8.609000000000000341e+01,6.307000000000000000e+07,6.970000000000000000e+07
7.175664073984426260e+07,-1.393599239999999950e-09,8.609499999999999886e+01,6.307000000000000000e+07,6.970000000000000000e+07
7.177901812878157198e+07,-1.393164780000000175e-09,8.610000000000000853e+01,6.307000000000000000e+07,6.970000000000000000e+07
7.175136081298999488e+07,-1.393701789999999966e-09,8.610500000000000398e+01,6.307000000000000000e+07,6.970000000000000000e+07
7.172401905712923408e+07,-1.394233080000000126e-09,8.610999999999999943e+01,6.307000000000000000e+07,6.970000000000000000e+07
7.174759454530301690e+07,-1.393774950000000168e-09,8.611499999999999488e+01,6.307000000000000000e+07,6.970000000000000000e+07
7.173921864283058047e+07,-1.393937680000000053e-09,8.612000000000000455e+01,6.307000000000000000e+07,6.970000000000000000e+07
7.169479005933667719e+07,-1.394801490000000208e-09,8.612500000000000000e+01,6.307000000000000000e+07,6.970000000000000000e+07
7.168715210673128068e+07,-1.394950100000000059e-09,8.612999999999999545e+01,6.307000000000000000e+07,6.970000000000000000e+07
7.165869154396554828e+07,-1.395504129999999982e-09,8.613500000000000512e+01,6.307000000000000000e+07,6.970000000000000000e+07
7.157770101228405535e+07,-1.397083150000000072e-09,8.614000000000000057e+01,6.307000000000000000e+07,6.970000000000000000e+07
7.155362774817627668e+07,-1.397553180000000101e-09,8.614499999999999602e+01,6.307000000000000000e+07,6.970000000000000000e+07
7.158887528350268304e+07,-1.396865080000000164e-09,8.615000000000000568e+01,6.307000000000000000e+07,6.970000000000000000e+07
7.160125985853581131e+07,-1.396623470000000032e-09,8.615500000000000114e+01,6.307000000000000000e+07,6.970000000000000000e+07
7.161604227706958354e+07,-1.396335190000000244e-09,8.615999999999999659e+01,6.307000000000000000e+07,6.970000000000000000e+07
7.170239108042904735e+07,-1.394653630000000182e-09,8.616500000000000625e+01,6.307000000000000000e+07,6.970000000000000000e+07
7.177827673091034591e+07,-1.393179170000000171e-09,8.617000000000000171e+01,6.307000000000000000e+07,6.970000000000000000e+07
7.184301737454405427e+07,-1.391923720000000118e-09,8.617499999999999716e+01,6.307000000000000000e+07,6.970000000000000000e+07
7.196353239360329509e+07,-1.389592710000000239e-09,8.618000000000000682e+01,6.307000000000000000e+07,6.970000000000000000e+07
7.208965207544234395e+07,-1.387161640000000063e-09,8.618500000000000227e+01,6.307000000000000000e+07,6.970000000000000000e+07
7.216281570762813091e+07,-1.385755240000000075e-09,8.618999999999999773e+01,6.307000000000000000e+07,6.970000000000000000e+07
7.226984664591486752e+07,-1.383702949999999998e-09,8.619500000000000739e+01,6.307000000000000000e+07,6.970000000000000000e+07
7.242516864997197688e+07,-1.380735480000000059e-09,8.620000000000000284e+01,6.307000000000000000e+07,6.970000000000000000e+07
7.253630862957501411e+07,-1.378619919999999997e-09,8.620499999999999829e+01,6.307000000000000000e+07,6.970000000000000000e+07
7.263469017404158413e+07,-1.376752620000000119e-09,8.621000000000000796e+01,6.307000000000000000e+07,6.970000000000000000e+07
7.277553481557933986e+07,-1.374088149999999987e-09,8.621500000000000341e+01,6.307000000000000000e+07,6.970000000000000000e+07
7.287068116787391901e+07,-1.372294020000000148e-09,8.621999999999999886e+01,6.307000000000000000e+07,6.970000000000000000e+07
7.292654198396337032e+07,-1.371242860000000035e-09,8.622500000000000853e+01,6.307000000000000000e+07,6.970000000000000000e+07
7.302497083766046166e+07,-1.369394590000000143e-09,8.623000000000000398e+01,6.307000000000000000e+07,6.970000000000000000e+07
7.311486820310200751e+07,-1.367710870000000179e-09,8.623499999999999943e+01,6.307000000000000000e+07,6.970000000000000000e+07
7.313101924507857859e+07,-1.367408810000000010e-09,8.623999999999999488e+01,6.307000000000000000e+07,6.970000000000000000e+07
7.316734209635175765e+07,-1.366729980000000009e-09,8.624500000000000455e+01,6.307000000000000000e+07,6.970000000000000000e+07
7.322723151731678843e+07,-1.365612190000000039e-09,8.625000000000000000e+01,6.307000000000000000e+07,6.970000000000000000e+07
7.323642352884447575e+07,-1.365440790000000202e-09,8.625499999999999545e+01,6.307000000000000000e+07,6.970000000000000000e+07
7.324054620367772877e+07,-1.365363930000000062e-09,8.626000000000000512e+01,6.307000000000000000e+07,6.970000000000000000e+07
7.330048035124182701e+07,-1.364247540000000124e-09,8.626500000000000057e+01,6.307000000000000000e+07,6.970000000000000000e+07
7.333167344646099210e+07,-1.363667229999999972e-09,8.626999999999999602e+01,6.307000000000000000e+07,6.970000000000000000e+07
7.333223056325012445e+07,-1.363656870000000143e-09,8.627500000000000568e+01,6.307000000000000000e+07,6.970000000000000000e+07
7.339386462961114943e+07,-1.362511710000000051e-09,8.628000000000000114e+01,6.307000000000000000e+07,6.970000000000000000e+07
7.345885021796269715e+07,-1.361306360000000046e-09,8.628499999999999659e+01,6.307000000000000000e+07,6.970000000000000000e+07
7.347501216231876612e+07,-1.361006919999999967e-09,8.629000000000000625e+01,6.307000000000000000e+07,6.970000000000000000e+07
7.351415217267768085e+07,-1.360282300000000093e-09,8.629500000000000171e+01,6.307000000000000000e+07,6.970000000000000000e+07
7.357666042380964756e+07,-1.359126650000000214e-09,8.629999999999999716e+01,6.307000000000000000e+07,6.970000000000000000e+07
7.359182899914133549e+07,-1.358846510000000084e-09,8.630500000000000682e+01,6.307000000000000000e+07,6.970000000000000000e+07
7.361162729219982028e+07,-1.358481040000000132e-09,8.631000000000000227e+01,6.307000000000000000e+07,6.970000000000000000e+07
7.369631386587963998e+07,-1.356919970000000181e-09,8.631499999999999773e+01,6.307000000000000000e+07,6.970000000000000000e+07
7.376442631170594692e+07,-1.355667020000000098e-09,8.632000000000000739e+01,6.307000000000000000e+07,6.970000000000000000e+07
7.380232625522774458e+07,-1.354970840000000150e-09,8.632500000000000284e+01,6.307000000000000000e+07,6.970000000000000000e+07
7.388337397115923464e+07,-1.353484480000000274e-09,8.632999999999999829e+01,6.307000000000000000e+07,6.970000000000000000e+07
7.395650350306442380e+07,-1.352146130000000058e-09,8.633500000000000796e+01,6.307000000000000000e+07,6.970000000000000000e+07
7.396606389650148153e+07,-1.351971360000000098e-09,8.634000000000000341e+01,6.307000000000000000e+07,6.970000000000000000e+07
7.400853211803033948e+07,-1.351195560000000122e-09,8.634499999999999886e+01,6.307000000000000000e+07,6.970000000000000000e+07
7.408130825101239979e+07,-1.349868169999999926e-09,8.635000000000000853e+01,6.307000000000000000e+07,6.970000000000000000e+07
7.410414004490873218e+07,-1.349452270000000112e-09,8.635500000000000398e+01,6.307000000000000000e+07,6.970000000000000000e+07
7.410994932813735306e+07,-1.349346490000000182e-09,8.635999999999999943e+01,6.307000000000000000e+07,6.970000000000000000e+07
7.416393164301520586e+07,-1.348364330000000144e-09,8.636499999999999488e+01,6.307000000000000000e+07,6.970000000000000000e+07
7.418532348421281576e+07,-1.347975520000000239e-09,8.637000000000000455e+01,6.307000000000000000e+07,6.970000000000000000e+07
7.417428573185442388e+07,-1.348176110000000033e-09,8.637500000000000000e+01,6.307000000000000000e+07,6.970000000000000000e+07
7.420707899468968809e+07,-1.347580330000000036e-09,8.637999999999999545e+01,6.307000000000000000e+07,6.970000000000000000e+07
7.423975686420235038e+07,-1.346987170000000130e-09,8.638500000000000512e+01,6.307000000000000000e+07,6.970000000000000000e+07
7.422694694553998113e+07,-1.347219630000000034e-09,8.639000000000000057e+01,6.307000000000000000e+07,6.970000000000000000e+07
7.426192649324303865e+07,-1.346585050000000076e-09,8.639499999999999602e+01,6.307000000000000000e+07,6.970000000000000000e+07
7.433589334999647737e+07,-1.345245149999999986e-09,8.640000000000000568e+01,6.307000000000000000e+07,6.970000000000000000e+07
7.436341496076497436e+07,-1.344747280000000016e-09,8.640500000000000114e+01,6.307000000000000000e+07,6.970000000000000000e+07
7.440715577783916891e+07,-1.343956760000000021e-09,8.640999999999999659e+01,6.307000000000000000e+07,6.970000000000000000e+07
7.449994944805930555e+07,-1.342282790000000063e-09,8.641500000000000625e+01,6.307000000000000000e+07,6.970000000000000000e+07
7.455353003472083807e+07,-1.341318110000000138e-09,8.642000000000000171e+01,6.307000000000000000e+07,6.970000000000000000e+07
7.456554107869717479e+07,-1.341102050000000086e-09,8.642499999999999716e+01,6.307000000000000000e+07,6.970000000000000000e+07
7.461262690973630548e+07,-1.340255720000000044e-09,8.643000000000000682e+01,6.307000000000000000e+07,6.970000000000000000e+07
7.465422142970627546e+07,-1.339508980000000067e-09,8.643500000000000227e+01,6.307000000000000000e+07,6.970000000000000000e+07
7.465747077749814093e+07,-1.339450679999999887e-09,8.643999999999999773e+01,6.307000000000000000e+07,6.970000000000000000e+07
7.471107955447930098e+07,-1.338489560000000105e-09,8.644500000000000739e+01,6.307000000000000000e+07,6.970000000000000000e+07
7.478216478872199357e+07,-1.337217239999999968e-09,8.645000000000000284e+01,6.307000000000000000e+07,6.970000000000000000e+07
7.478969064201773703e+07,-1.337082680000000046e-09,8.645499999999999829e+01,6.307000000000000000e+07,6.970000000000000000e+07
7.479729689450374246e+07,-1.336946710000000254e-09,8.646000000000000796e+01,6.307000000000000000e+07,6.970000000000000000e+07
7.486000598715355992e+07,-1.335826770000000012e-09,8.646500000000000341e+01,6.307000000000000000e+07,6.970000000000000000e+07
7.489263560268428922e+07,-1.335244770000000189e-09,8.646999999999999886e+01,6.307000000000000000e+07,6.970000000000000000e+07
7.490642371197599173e+07,-1.334998990000000093e-09,8.647500000000000853e+01,6.307000000000000000e+07,6.970000000000000000e+07
7.496705610203124583e+07,-1.333919260000000096e-09,8.648000000000000398e+01,6.307000000000000000e+07,6.970000000000000000e+07
7.501768935869500041e+07,-1.333018930000000004e-09,8.648499999999999943e+01,6.307000000000000000e+07,6.970000000000000000e+07
7.502577716895526648e+07,-1.332875230000000105e-09,8.648999999999999488e+01,6.307000000000000000e+07,6.970000000000000000e+07
7.507347271859656274e+07,-1.332028430000000038e-09,8.649500000000000455e+01,6.307000000000000000e+07,6.970000000000000000e+07
7.516033522140856087e+07,-1.330489009999999957e-09,8.650000000000000000e+01,6.307000000000000000e+07,6.970000000000000000e+07
7.520045150351081789e+07,-1.329779250000000105e-09,8.650499999999999545e+01,6.307000000000000000e+07,6.970000000000000000e+07
7.523724183280931413e+07,-1.329129000000000033e-09,8.651000000000000512e+01,6.307000000000000000e+07,6.970000000000000000e+07
7.530621653871813416e+07,-1.327911620000000204e-09,8.651500000000000057e+01,6.307000000000000000e+07,6.970000000000000000e+07
7.530698667195864022e+07,-1.327898040000000094e-09,8.651999999999999602e+01,6.307000000000000000e+07,6.970000000000000000e+07
7.526220109033553302e+07,-1.328688220000000228e-09,8.652500000000000568e+01,6.307000000000000000e+07,6.970000000000000000e+07
7.525782106557473540e+07,-1.328765549999999981e-09,8.653000000000000114e+01,6.307000000000000000e+07,6.970000000000000000e+07
7.524127638910011947e+07,-1.329057729999999979e-09,8.653499999999999659e+01,6.307000000000000000e+07,6.970000000000000000e+07
7.515742549501611292e+07,-1.330540520000000081e-09,8.654000000000000625e+01,6.307000000000000000e+07,6.970000000000000000e+07
7.511041587908700109e+07,-1.331373270000000220e-09,8.654500000000000171e+01,6.307000000000000000e+07,6.970000000000000000e+07
7.509622266750945151e+07,-1.331624900000000113e-09,8.654999999999999716e+01,6.307000000000000000e+07,6.970000000000000000e+07
7.501988420785899460e+07,-1.332979930000000187e-09,8.655500000000000682e+01,6.307000000000000000e+07,6.970000000000000000e+07
7.495301195680427551e+07,-1.334169200000000112e-09,8.656000000000000227e+01,6.307000000000000000e+07,6.970000000000000000e+07
7.495039745221412182e+07,-1.334215740000000224e-09,8.656499999999999773e+01,6.307000000000000000e+07,6.970000000000000000e+07
7.491209122279073298e+07,-1.334897990000000157e-09,8.657000000000000739e+01,6.307000000000000000e+07,6.970000000000000000e+07
7.485307277477720380e+07,-1.335950500000000080e-09,8.657500000000000284e+01,6.307000000000000000e+07,6.970000000000000000e+07
7.485316746530130506e+07,-1.335948810000000203e-09,8.657999999999999829e+01,6.307000000000000000e+07,6.970000000000000000e+07
7.484475495104977489e+07,-1.336098970000000135e-09,8.658500000000000796e+01,6.307000000000000000e+07,6.970000000000000000e+07
7.478882533791553974e+07,-1.337098150000000097e-09,8.659000000000000341e+01,6.307000000000000000e+07,6.970000000000000000e+07
7.476072866172179580e+07,-1.337600660000000265e-09,8.659499999999999886e+01,6.307000000000000000e+07,6.970000000000000000e+07
7.475459170174543560e+07,-1.337710470000000155e-09,8.660000000000000853e+01,6.307000000000000000e+07,6.970000000000000000e+07
7.471455156146837771e+07,-1.338427360000000129e-09,8.660500000000000398e+01,6.307000000000000000e+07,6.970000000000000000e+07
7.470592684251785278e+07,-1.338581880000000045e-09,8.660999999999999943e+01,6.307000000000000000e+07,6.970000000000000000e+07
7.474342525439223647e+07,-1.337910320000000169e-09,8.661499999999999488e+01,6.307000000000000000e+07,6.970000000000000000e+07
7.473092513873666525e+07,-1.338134109999999914e-09,8.662000000000000455e+01,6.307000000000000000e+07,6.970000000000000000e+07
7.468258333747324347e+07,-1.339000280000000036e-09,8.662500000000000000e+01,6.307000000000000000e+07,6.970000000000000000e+07
7.467072636471766233e+07,-1.339212900000000067e-09,8.662999999999999545e+01,6.307000000000000000e+07,6.970000000000000000e+07
7.465461880474446714e+07,-1.339501850000000152e-09,8.663500000000000512e+01,6.307000000000000000e+07,6.970000000000000000e+07
7.460811620661747456e+07,-1.340336750000000148e-09,8.664000000000000057e+01,6.307000000000000000e+07,6.970000000000000000e+07
7.461451362868787348e+07,-1.340221830000000035e-09,8.664499999999999602e+01,6.307000000000000000e+07,6.970000000000000000e+07
7.464307770248845220e+07,-1.339708960000000246e-09,8.665000000000000568e+01,6.307000000000000000e+07,6.970000000000000000e+07
7.462205811770349741e+07,-1.340086330000000269e-09,8.665500000000000114e+01,6.307000000000000000e+07,6.970000000000000000e+07
7.462669024322815239e+07,-1.340003150000000099e-09,8.665999999999999659e+01,6.307000000000000000e+07,6.970000000000000000e+07
7.469608776252500713e+07,-1.338758200000000085e-09,8.666500000000000625e+01,6.307000000000000000e+07,6.970000000000000000e+07
7.471487086834609509e+07,-1.338421640000000084e-09,8.667000000000000171e+01,6.307000000000000000e+07,6.970000000000000000e+07
7.470423417100012302e+07,-1.338612210000000118e-09,8.667499999999999716e+01,6.307000000000000000e+07,6.970000000000000000e+07
7.474829036457760632e+07,-1.337823240000000204e-09,8.668000000000000682e+01,6.307000000000000000e+07,6.970000000000000000e+07
7.477851370719693601e+07,-1.337282530000000060e-09,8.668500000000000227e+01,6.307000000000000000e+07,6.970000000000000000e+07
7.475157416910617054e+07,-1.337764469999999998e-09,8.668999999999999773e+01,6.307000000000000000e+07,6.970000000000000000e+07
7.475421952621628344e+07,-1.337717130000000045e-09,8.669500000000000739e+01,6.307000000000000000e+07,6.970000000000000000e+07
7.478161953641094267e+07,-1.337226990000000181e-09,8.670000000000000284e+01,6.307000000000000000e+07,6.970000000000000000e+07
7.472264169645205140e+07,-1.338282450000000010e-09,8.670499999999999829e+01,6.307000000000000000e+07,6.970000000000000000e+07
7.459764065416850150e+07,-1.340524970000000053e-09,8.671000000000000796e+01,6.307000000000000000e+07,6.970000000000000000e+07
7.448176352378228307e+07,-1.342610530000000065e-09,8.671500000000000341e+01,6.307000000000000000e+07,6.970000000000000000e+07
7.429504570100001991e+07,-1.345984770000000092e-09,8.671999999999999886e+01,6.307000000000000000e+07,6.970000000000000000e+07
7.407426392366901040e+07,-1.349996540000000191e-09,8.672500000000000853e+01,6.307000000000000000e+07,6.970000000000000000e+07
7.389913948368725181e+07,-1.353195730000000046e-09,8.673000000000000398e+01,6.307000000000000000e+07,6.970000000000000000e+07
7.370555449112451077e+07,-1.356749850000000049e-09,8.673499999999999943e+01,6.307000000000000000e+07,6.970000000000000000e+07
7.347337481027795374e+07,-1.361037250000000247e-09,8.673999999999999488e+01,6.307000000000000000e+07,6.970000000000000000e+07
7.329350798648573458e+07,-1.364377320000000053e-09,8.674500000000000455e+01,6.307000000000000000e+07,6.970000000000000000e+07
7.313010204954716563e+07,-1.367425960000000100e-09,8.675000000000000000e+01,6.307000000000000000e+07,6.970000000000000000e+07
7.290851534275861084e+07,-1.371581900000000123e-09,8.675499999999999545e+01,6.307000000000000000e+07,6.970000000000000000e+07
7.269035976959598064e+07,-1.375698240000000137e-09,8.676000000000000512e+01,6.307000000000000000e+07,6.970000000000000000e+07
7.252194700860494375e+07,-1.378892930000000005e-09,8.676500000000000057e+01,6.307000000000000000e+07,6.970000000000000000e+07
7.231860633135947585e+07,-1.382770010000000016e-09,8.676999999999999602e+01,6.307000000000000000e+07,6.970000000000000000e+07
7.213465219714793563e+07,-1.386296280000000034e-09,8.677500000000000568e+01,6.307000000000000000e+07,6.970000000000000000e+07
7.204326255551068485e+07,-1.388054850000000077e-09,8.678000000000000114e+01,6.307000000000000000e+07,6.970000000000000000e+07
7.192668995839896798e+07,-1.390304489999999991e-09,8.678499999999999659e+01,6.307000000000000000e+07,6.970000000000000000e+07
7.176288394936984777e+07,-1.393478000000000014e-09,8.679000000000000625e+01,6.307000000000000000e+07,6.970000000000000000e+07
7.164465118479727209e+07,-1.395777610000000016e-09,8.679500000000000171e+01,6.307000000000000000e+07,6.970000000000000000e+07
7.153853740232896805e+07,-1.397847980000000190e-09,8.679999999999999716e+01,6.307000000000000000e+07,6.970000000000000000e+07
7.137125470330323279e+07,-1.401124309999999985e-09,8.680500000000000682e+01,6.307000000000000000e+07,6.970000000000000000e+07
7.120708839221422374e+07,-1.404354570000000107e-09,8.681000000000000227e+01,6.307000000000000000e+07,6.970000000000000000e+07
7.109214663326825202e+07,-1.406625129999999948e-09,8.681499999999999773e+01,6.307000000000000000e+07,6.970000000000000000e+07
7.096195853586320579e+07,-1.409205750000000027e-09,8.682000000000000739e+01,6.307000000000000000e+07,6.970000000000000000e+07
7.081343935974679887e+07,-1.412161320000000102e-09,8.682500000000000284e+01,6.307000000000000000e+07,6.970000000000000000e+07
7.071175225362595916e+07,-1.414192080000000223e-09,8.682999999999999829e+01,6.307000000000000000e+07,6.970000000000000000e+07
7.059174362072649598e+07,-1.416596259999999934e-09,8.683500000000000796e+01,6.307000000000000000e+07,6.970000000000000000e+07
7.042630004256071150e+07,-1.419924090000000222e-09,8.684000000000000341e+01,6.307000000000000000e+07,6.970000000000000000e+07
7.031074508774682879e+07,-1.422257719999999985e-09,8.684499999999999886e+01,6.307000000000000000e+07,6.970000000000000000e+07
7.022005617379790545e+07,-1.424094560000000038e-09,8.685000000000000853e+01,6.307000000000000000e+07,6.970000000000000000e+07
7.008809112848001719e+07,-1.426775910000000091e-09,8.685500000000000398e+01,6.307000000000000000e+07,6.970000000000000000e+07
6.997488370506709814e+07,-1.429084190000000044e-09,8.685999999999999943e+01,6.307000000000000000e+07,6.970000000000000000e+07
6.991162108438292146e+07,-1.430377360000000210e-09,8.686499999999999488e+01,6.307000000000000000e+07,6.970000000000000000e+07
6.980948064266523719e+07,-1.432470190000000140e-09,8.687000000000000455e+01,6.307000000000000000e+07,6.970000000000000000e+07
6.968969749256397784e+07,-1.434932330000000171e-09,8.687500000000000000e+01,6.307000000000000000e+07,6.970000000000000000e+07
6.961808694050110877e+07,-1.436408330000000011e-09,8.687999999999999545e+01,6.307000000000000000e+07,6.970000000000000000e+07
6.953802185703805089e+07,-1.438062189999999928e-09,8.688500000000000512e+01,6.307000000000000000e+07,6.970000000000000000e+07
6.942325106863209605e+07,-1.440439600000000122e-09,8.689000000000000057e+01,6.307000000000000000e+07,6.970000000000000000e+07
6.936170315775465965e+07,-1.441717770000000055e-09,8.689499999999999602e+01,6.307000000000000000e+07,6.970000000000000000e+07
6.932852330189904571e+07,-1.442407760000000140e-09,8.690000000000000568e+01,6.307000000000000000e+07,6.970000000000000000e+07
6.924675553675244749e+07,-1.444110980000000116e-09,8.690500000000000114e+01,6.307000000000000000e+07,6.970000000000000000e+07
6.917167889839839935e+07,-1.445678370000000096e-09,8.690999999999999659e+01,6.307000000000000000e+07,6.970000000000000000e+07
6.911129202143652737e+07,-1.446941550000000049e-09,8.691500000000000625e+01,6.307000000000000000e+07,6.970000000000000000e+07
6.899450873394931853e+07,-1.449390710000000161e-09,8.692000000000000171e+01,6.307000000000000000e+07,6.970000000000000000e+07
6.885742485584062338e+07,-1.452276209999999943e-09,8.692499999999999716e+01,6.307000000000000000e+07,6.970000000000000000e+07
6.877176725292970240e+07,-1.454085070000000259e-09,8.693000000000000682e+01,6.307000000000000000e+07,6.970000000000000000e+07
6.867622598068740964e+07,-1.456107970000000108e-09,8.693500000000000227e+01,6.307000000000000000e+07,6.970000000000000000e+07
6.855194430691972375e+07,-1.458747830000000211e-09,8.693999999999999773e+01,6.307000000000000000e+07,6.970000000000000000e+07
6.847578972717437148e+07,-1.460370160000000086e-09,8.694500000000000739e+01,6.307000000000000000e+07,6.970000000000000000e+07
6.842115054584649205e+07,-1.461536370000000064e-09,8.695000000000000284e+01,6.307000000000000000e+07,6.970000000000000000e+07
6.832135990114171803e+07,-1.463671100000000116e-09,8.695499999999999829e+01,6.307000000000000000e+07,6.970000000000000000e+07
6.822826100401939452e+07,-1.465668310000000088e-09,8.696000000000000796e+01,6.307000000000000000e+07,6.970000000000000000e+07
6.817409405696153641e+07,-1.466832840000000027e-09,8.696500000000000341e+01,6.307000000000000000e+07,6.970000000000000000e+07
6.808992772935071588e+07,-1.468646000000000059e-09,8.696999999999999886e+01,6.307000000000000000e+07,6.970000000000000000e+07
6.798659652407918870e+07,-1.470878160000000067e-09,8.697500000000000853e+01,6.307000000000000000e+07,6.970000000000000000e+07
6.793578226157866418e+07,-1.471978339999999965e-09,8.698000000000000398e+01,6.307000000000000000e+07,6.970000000000000000e+07
6.787997137637366354e+07,-1.473188600000000130e-09,8.698499999999999943e+01,6.307000000000000000e+07,6.970000000000000000e+07
6.778841075907556713e+07,-1.475178410000000224e-09,8.698999999999999488e+01,6.307000000000000000e+07,6.970000000000000000e+07
6.774237860643658042e+07,-1.476180820000000100e-09,8.699500000000000455e+01,6.307000000000000000e+07,6.970000000000000000e+07
6.770805675297442079e+07,-1.476929109999999950e-09,8.700000000000000000e+01,6.307000000000000000e+07,6.970000000000000000e+07
6.763621329704822600e+07,-1.478497910000000008e-09,8.700499999999999545e+01,6.307000000000000000e+07,6.970000000000000000e+07
6.759302364832507074e+07,-1.479442620000000102e-09,8.701000000000000512e+01,6.307000000000000000e+07,6.970000000000000000e+07
6.760127091200529039e+07,-1.479262130000000097e-09,8.701500000000000057e+01,6.307000000000000000e+07,6.970000000000000000e+07
6.757258711501853168e+07,-1.479890060000000003e-09,8.701999999999999602e+01,6.307000000000000000e+07,6.970000000000000000e+07
6.753413999351780117e+07,-1.480732560000000148e-09,8.702500000000000568e+01,6.307000000000000000e+07,6.970000000000000000e+07
6.753313114634221792e+07,-1.480754680000000044e-09,8.703000000000000114e+01,6.307000000000000000e+07,6.970000000000000000e+07
6.750463090206067264e+07,-1.481379850000000062e-09,8.703499999999999659e+01,6.307000000000000000e+07,6.970000000000000000e+07
6.743893690878392756e+07,-1.482822899999999946e-09,8.704000000000000625e+01,6.307000000000000000e+07,6.970000000000000000e+07
6.741377079297706485e+07,-1.483376450000000006e-09,8.704500000000000171e+01,6.307000000000000000e+07,6.970000000000000000e+07
6.739845755125173926e+07,-1.483713480000000032e-09,8.704999999999999716e+01,6.307000000000000000e+07,6.970000000000000000e+07
6.734577064250236750e+07,-1.484874239999999927e-09,8.705500000000000682e+01,6.307000000000000000e+07,6.970000000000000000e+07
6.730760241321177781e+07,-1.485716270000000046e-09,8.706000000000000227e+01,6.307000000000000000e+07,6.970000000000000000e+07
6.730529610971753299e+07,-1.485767180000000186e-09,8.706499999999999773e+01,6.307000000000000000e+07,6.970000000000000000e+07
6.726231210727134347e+07,-1.486716660000000022e-09,8.707000000000000739e+01,6.307000000000000000e+07,6.970000000000000000e+07
6.720700651860918105e+07,-1.487940100000000169e-09,8.707500000000000284e+01,6.307000000000000000e+07,6.970000000000000000e+07
6.720645412074458599e+07,-1.487952330000000056e-09,8.707999999999999829e+01,6.307000000000000000e+07,6.970000000000000000e+07
6.719078841167190671e+07,-1.488299250000000091e-09,8.708500000000000796e+01,6.307000000000000000e+07,6.970000000000000000e+07
6.714662537310357392e+07,-1.489278120000000156e-09,8.709000000000000341e+01,6.307000000000000000e+07,6.970000000000000000e+07
6.714372416976734996e+07,-1.489342469999999989e-09,8.709499999999999886e+01,6.307000000000000000e+07,6.970000000000000000e+07
6.715697481494575739e+07,-1.489048610000000159e-09,8.710000000000000853e+01,6.307000000000000000e+07,6.970000000000000000e+07
6.712670026393815875e+07,-1.489720180000000079e-09,8.710500000000000398e+01,6.307000000000000000e+07,6.970000000000000000e+07
6.710611193542394787e+07,-1.490177230000000189e-09,8.710999999999999943e+01,6.307000000000000000e+07,6.970000000000000000e+07
6.713011553045891225e+07,-1.489644390000000155e-09,8.711499999999999488e+01,6.307000000000000000e+07,6.970000000000000000e+07
6.712526423440732062e+07,-1.489752050000000188e-09,8.712000000000000455e+01,6.307000000000000000e+07,6.970000000000000000e+07
6.711741784849868715e+07,-1.489926209999999912e-09,8.712500000000000000e+01,6.307000000000000000e+07,6.970000000000000000e+07
6.716426611728803813e+07,-1.488886960000000121e-09,8.712999999999999545e+01,6.307000000000000000e+07,6.970000000000000000e+07
6.718625018877656758e+07,-1.488399780000000001e-09,8.713500000000000512e+01,6.307000000000000000e+07,6.970000000000000000e+07
6.715786015125104785e+07,-1.489028980000000188e-09,8.714000000000000057e+01,6.307000000000000000e+07,6.970000000000000000e+07
6.715855156868441403e+07,-1.489013650000000140e-09,8.714499999999999602e+01,6.307000000000000000e+07,6.970000000000000000e+07
6.716576471776200831e+07,-1.488853739999999995e-09,8.715000000000000568e+01,6.307000000000000000e+07,6.970000000000000000e+07
6.712829722616344690e+07,-1.489684739999999990e-09,8.715500000000000114e+01,6.307000000000000000e+07,6.970000000000000000e+07
6.711253505715548992e+07,-1.490034609999999932e-09,8.715999999999999659e+01,6.307000000000000000e+07,6.970000000000000000e+07
6.712596128907568753e+07,-1.489736580000000137e-09,8.716500000000000625e+01,6.307000000000000000e+07,6.970000000000000000e+07
6.709448255768891424e+07,-1.490435519999999972e-09,8.717000000000000171e+01,6.307000000000000000e+07,6.970000000000000000e+07
6.706423732547446340e+07,-1.491107690000000084e-09,8.717499999999999716e+01,6.307000000000000000e+07,6.970000000000000000e+07
6.708717309284299612e+07,-1.490597909999999997e-09,8.718000000000000682e+01,6.307000000000000000e+07,6.970000000000000000e+07
6.709125276524145901e+07,-1.490507270000000097e-09,8.718500000000000227e+01,6.307000000000000000e+07,6.970000000000000000e+07
6.706046628993079811e+07,-1.491191540000000136e-09,8.718999999999999773e+01,6.307000000000000000e+07,6.970000000000000000e+07
6.706359012536384910e+07,-1.491122080000000080e-09,8.719500000000000739e+01,6.307000000000000000e+07,6.970000000000000000e+07
6.706667197119330615e+07,-1.491053560000000075e-09,8.720000000000000284e+01,6.307000000000000000e+07,6.970000000000000000e+07
6.701800228865137696e+07,-1.492136390000000027e-09,8.720499999999999829e+01,6.307000000000000000e+07,6.970000000000000000e+07
6.699014959422927350e+07,-1.492756780000000052e-09,8.721000000000000796e+01,6.307000000000000000e+07,6.970000000000000000e+07
6.699684947315352410e+07,-1.492607500000000111e-09,8.721500000000000341e+01,6.307000000000000000e+07,6.970000000000000000e+07
6.696259132157316804e+07,-1.493371120000000009e-09,8.721999999999999886e+01,6.307000000000000000e+07,6.970000000000000000e+07
6.692455195049799234e+07,-1.494219940000000183e-09,8.722500000000000853e+01,6.307000000000000000e+07,6.970000000000000000e+07
6.694006640976721048e+07,-1.493873629999999970e-09,8.723000000000000398e+01,6.307000000000000000e+07,6.970000000000000000e+07
6.693839684105923772e+07,-1.493910890000000101e-09,8.723499999999999943e+01,6.307000000000000000e+07,6.970000000000000000e+07
6.691670405414450914e+07,-1.494395179999999962e-09,8.723999999999999488e+01,6.307000000000000000e+07,6.970000000000000000e+07
6.694970099091918021e+07,-1.493658649999999972e-09,8.724500000000000455e+01,6.307000000000000000e+07,6.970000000000000000e+07
6.699181546252295375e+07,-1.492719659999999923e-09,8.725000000000000000e+01,6.307000000000000000e+07,6.970000000000000000e+07
6.698226521950767934e+07,-1.492932490000000063e-09,8.725499999999999545e+01,6.307000000000000000e+07,6.970000000000000000e+07
6.698420843267147243e+07,-1.492889180000000071e-09,8.726000000000000512e+01,6.307000000000000000e+07,6.970000000000000000e+07
6.702164187795283645e+07,-1.492055360000000129e-09,8.726500000000000057e+01,6.307000000000000000e+07,6.970000000000000000e+07
6.706753423708758503e+07,-1.491034390000000086e-09,8.726999999999999602e+01,6.307000000000000000e+07,6.970000000000000000e+07
6.714541887487806380e+07,-1.489304880000000042e-09,8.727500000000000568e+01,6.307000000000000000e+07,6.970000000000000000e+07
6.731202293024449050e+07,-1.485618700000000086e-09,8.728000000000000114e+01,6.307000000000000000e+07,6.970000000000000000e+07
6.751449296487505734e+07,-1.481163460000000194e-09,8.728499999999999659e+01,6.307000000000000000e+07,6.970000000000000000e+07
6.771524674261052907e+07,-1.476772290000000129e-09,8.729000000000000625e+01,6.307000000000000000e+07,6.970000000000000000e+07
6.796366901486580074e+07,-1.471374360000000043e-09,8.729500000000000171e+01,6.307000000000000000e+07,6.970000000000000000e+07
6.823563360999357700e+07,-1.465509950000000024e-09,8.729999999999999716e+01,6.307000000000000000e+07,6.970000000000000000e+07
6.847320762871235609e+07,-1.460425230000000146e-09,8.730500000000000682e+01,6.307000000000000000e+07,6.970000000000000000e+07
6.875567823065897822e+07,-1.454425330000000198e-09,8.731000000000000227e+01,6.307000000000000000e+07,6.970000000000000000e+07
6.907836747370463610e+07,-1.447631200000000066e-09,8.731499999999999773e+01,6.307000000000000000e+07,6.970000000000000000e+07
6.934681472396536171e+07,-1.442027300000000001e-09,8.732000000000000739e+01,6.307000000000000000e+07,6.970000000000000000e+07
6.960265514640639722e+07,-1.436726800000000077e-09,8.732500000000000284e+01,6.307000000000000000e+07,6.970000000000000000e+07
6.990567969177021086e+07,-1.430498929999999961e-09,8.732999999999999829e+01,6.307000000000000000e+07,6.970000000000000000e+07
7.018925036329430342e+07,-1.424719590000000053e-09,8.733500000000000796e+01,6.307000000000000000e+07,6.970000000000000000e+07
7.044064788293062150e+07,-1.419634870000000175e-09,8.734000000000000341e+01,6.307000000000000000e+07,6.970000000000000000e+07
7.073294774870148301e+07,-1.413768310000000091e-09,8.734499999999999886e+01,6.307000000000000000e+07,6.970000000000000000e+07
7.103097756112951040e+07,-1.407836460000000123e-09,8.735000000000000853e+01,6.307000000000000000e+07,6.970000000000000000e+07
7.127213062910050154e+07,-1.403072969999999990e-09,8.735500000000000398e+01,6.307000000000000000e+07,6.970000000000000000e+07
7.152953946092277765e+07,-1.398023819999999953e-09,8.735999999999999943e+01,6.307000000000000000e+07,6.970000000000000000e+07
7.184767843841542304e+07,-1.391833420000000078e-09,8.736499999999999488e+01,6.307000000000000000e+07,6.970000000000000000e+07
7.212531797077524662e+07,-1.386475689999999984e-09,8.737000000000000455e+01,6.307000000000000000e+07,6.970000000000000000e+07
7.238678110244633257e+07,-1.381467700000000081e-09,8.737500000000000000e+01,6.307000000000000000e+07,6.970000000000000000e+07
7.267892089477986097e+07,-1.375914759999999964e-09,8.737999999999999545e+01,6.307000000000000000e+07,6.970000000000000000e+07
7.292677120257449150e+07,-1.371238550000000068e-09,8.738500000000000512e+01,6.307000000000000000e+07,6.970000000000000000e+07
7.311128082351493835e+07,-1.367777980000000107e-09,8.739000000000000057e+01,6.307000000000000000e+07,6.970000000000000000e+07
7.328143761765563488e+07,-1.364602050000000056e-09,8.739499999999999602e+01,6.307000000000000000e+07,6.970000000000000000e+07
7.342885041414567828e+07,-1.361862530000000196e-09,8.740000000000000568e+01,6.307000000000000000e+07,6.970000000000000000e+07
7.347738275414259732e+07,-1.360963010000000197e-09,8.740500000000000114e+01,6.307000000000000000e+07,6.970000000000000000e+07
7.350459909823527932e+07,-1.360459090000000159e-09,8.740999999999999659e+01,6.307000000000000000e+07,6.970000000000000000e+07
7.354491676362827420e+07,-1.359713280000000189e-09,8.741500000000000625e+01,6.307000000000000000e+07,6.970000000000000000e+07
7.351956014364662766e+07,-1.360182240000000209e-09,8.742000000000000171e+01,6.307000000000000000e+07,6.970000000000000000e+07
7.348692119459515810e+07,-1.360786360000000135e-09,8.742499999999999716e+01,6.307000000000000000e+07,6.970000000000000000e+07
7.350488275294956565e+07,-1.360453839999999933e-09,8.743000000000000682e+01,6.307000000000000000e+07,6.970000000000000000e+07
7.348500736834168434e+07,-1.360821800000000223e-09,8.743500000000000227e+01,6.307000000000000000e+07,6.970000000000000000e+07
7.341946827036714554e+07,-1.362036559999999961e-09,8.743999999999999773e+01,6.307000000000000000e+07,6.970000000000000000e+07
7.340252308988302946e+07,-1.362350990000000021e-09,8.744500000000000739e+01,6.307000000000000000e+07,6.970000000000000000e+07
7.339216625521549582e+07,-1.362543240000000093e-09,8.745000000000000284e+01,6.307000000000000000e+07,6.970000000000000000e+07
7.333505123135344684e+07,-1.363604419999999967e-09,8.745499999999999829e+01,6.307000000000000000e+07,6.970000000000000000e+07
7.330962250888679922e+07,-1.364077409999999948e-09,8.746000000000000796e+01,6.307000000000000000e+07,6.970000000000000000e+07
7.331797834912768006e+07,-1.363921949999999981e-09,8.746500000000000341e+01,6.307000000000000000e+07,6.970000000000000000e+07
7.327683728259824216e+07,-1.364687720000000151e-09,8.746999999999999886e+01,6.307000000000000000e+07,6.970000000000000000e+07
7.323175322668442130e+07,-1.365527869999999960e-09,8.747500000000000853e+01,6.307000000000000000e+07,6.970000000000000000e+07
7.324259537685559690e+07,-1.365325730000000086e-09,8.748000000000000398e+01,6.307000000000000000e+07,6.970000000000000000e+07
7.321794424498941004e+07,-1.365785410000000125e-09,8.748499999999999943e+01,6.307000000000000000e+07,6.970000000000000000e+07
7.316479340285348892e+07,-1.366777590000000131e-09,8.748999999999999488e+01,6.307000000000000000e+07,6.970000000000000000e+07
7.318553981954231858e+07,-1.366390140000000079e-09,8.749500000000000455e+01,6.307000000000000000e+07,6.970000000000000000e+07
7.321700717736802995e+07,-1.365802890000000237e-09,8.750000000000000000e+01,6.307000000000000000e+07,6.970000000000000000e+07
7.320885012711289525e+07,-1.365955070000000068e-09,8.750499999999999545e+01,6.307000000000000000e+07,6.970000000000000000e+07
7.323753487818586826e+07,-1.365420070000000132e-09,8.751000000000000512e+01,6.307000000000000000e+07,6.970000000000000000e+07
7.331377116640053689e+07,-1.364000220000000199e-09,8.751500000000000057e+01,6.307000000000000000e+07,6.970000000000000000e+07
7.335847465195475519e+07,-1.363169020000000141e-09,8.751999999999999602e+01,6.307000000000000000e+07,6.970000000000000000e+07
7.340283828516465425e+07,-1.362345140000000017e-09,8.752500000000000568e+01,6.307000000000000000e+07,6.970000000000000000e+07
7.343125038101638854e+07,-1.361818020000000235e-09,8.753000000000000114e+01,6.307000000000000000e+07,6.970000000000000000e+07
7.336654881553375721e+07,-1.363019000000000006e-09,8.753499999999999659e+01,6.307000000000000000e+07,6.970000000000000000e+07
7.324174028908090293e+07,-1.365341670000000162e-09,8.754000000000000625e+01,6.307000000000000000e+07,6.970000000000000000e+07
7.319824889293138683e+07,-1.366152899999999976e-09,8.754500000000000171e+01,6.307000000000000000e+07,6.970000000000000000e+07
7.318063501061689854e+07,-1.366481720000000032e-09,8.754999999999999716e+01,6.307000000000000000e+07,6.970000000000000000e+07
7.310762538339740038e+07,-1.367846370000000153e-09,8.755500000000000682e+01,6.307000000000000000e+07,6.970000000000000000e+07
7.307149473610123992e+07,-1.368522710000000022e-09,8.756000000000000227e+01,6.307000000000000000e+07,6.970000000000000000e+07
7.305884404777324200e+07,-1.368759679999999957e-09,8.756499999999999773e+01,6.307000000000000000e+07,6.970000000000000000e+07
7.294840294535596669e+07,-1.370831930000000027e-09,8.757000000000000739e+01,6.307000000000000000e+07,6.970000000000000000e+07
7.279178212808157504e+07,-1.373781450000000241e-09,8.757500000000000284e+01,6.307000000000000000e+07,6.970000000000000000e+07
7.265865547831875086e+07,-1.376298520000000121e-09,8.757999999999999829e+01,6.307000000000000000e+07,6.970000000000000000e+07
7.248461216919799149e+07,-1.379603160000000090e-09,8.758500000000000796e+01,6.307000000000000000e+07,6.970000000000000000e+07
7.226701906184993684e+07,-1.383757090000000051e-09,8.759000000000000341e+01,6.307000000000000000e+07,6.970000000000000000e+07
7.210875477006623149e+07,-1.386794160000000050e-09,8.759499999999999886e+01,6.307000000000000000e+07,6.970000000000000000e+07
7.195240083899664879e+07,-1.389807690000000030e-09,8.760000000000000853e+01,6.307000000000000000e+07,6.970000000000000000e+07
7.176059849142859876e+07,-1.393522380000000223e-09,8.760500000000000398e+01,6.307000000000000000e+07,6.970000000000000000e+07
7.160565220647805929e+07,-1.396537799999999938e-09,8.760999999999999943e+01,6.307000000000000000e+07,6.970000000000000000e+07
7.151747224412266910e+07,-1.398259710000000040e-09,8.761499999999999488e+01,6.307000000000000000e+07,6.970000000000000000e+07
7.138276561775141954e+07,-1.400898369999999968e-09,8.762000000000000455e+01,6.307000000000000000e+07,6.970000000000000000e+07
7.124300934204594791e+07,-1.403646490000000088e-09,8.762500000000000000e+01,6.307000000000000000e+07,6.970000000000000000e+07
7.113827492941428721e+07,-1.405713030000000158e-09,8.762999999999999545e+01,6.307000000000000000e+07,6.970000000000000000e+07
7.101176987420250475e+07,-1.408217260000000122e-09,8.763500000000000512e+01,6.307000000000000000e+07,6.970000000000000000e+07
7.084857613880743086e+07,-1.411460970000000189e-09,8.764000000000000057e+01,6.307000000000000000e+07,6.970000000000000000e+07
7.072508617250587046e+07,-1.413925460000000142e-09,8.764499999999999602e+01,6.307000000000000000e+07,6.970000000000000000e+07
7.059980685163642466e+07,-1.416434470000000100e-09,8.765000000000000568e+01,6.307000000000000000e+07,6.970000000000000000e+07
7.043855254127858579e+07,-1.419677099999999905e-09,8.765500000000000114e+01,6.307000000000000000e+07,6.970000000000000000e+07
7.032647568382282555e+07,-1.421939590000000193e-09,8.765999999999999659e+01,6.307000000000000000e+07,6.970000000000000000e+07
7.025077306058199704e+07,-1.423471879999999945e-09,8.766500000000000625e+01,6.307000000000000000e+07,6.970000000000000000e+07
7.013127459516949952e+07,-1.425897370000000080e-09,8.767000000000000171e+01,6.307000000000000000e+07,6.970000000000000000e+07
7.001424222713960707e+07,-1.428280830000000134e-09,8.767499999999999716e+01,6.307000000000000000e+07,6.970000000000000000e+07
6.996886546415236592e+07,-1.429207110000000019e-09,8.768000000000000682e+01,6.307000000000000000e+07,6.970000000000000000e+07
6.989587862586268783e+07,-1.430699519999999963e-09,8.768500000000000227e+01,6.307000000000000000e+07,6.970000000000000000e+07
6.979825860324610770e+07,-1.432700499999999979e-09,8.768999999999999773e+01,6.307000000000000000e+07,6.970000000000000000e+07
6.974722343801319599e+07,-1.433748830000000099e-09,8.769500000000000739e+01,6.307000000000000000e+07,6.970000000000000000e+07
6.967388150392968953e+07,-1.435258060000000110e-09,8.770000000000000284e+01,6.307000000000000000e+07,6.970000000000000000e+07
6.953505973357155919e+07,-1.438123450000000059e-09,8.770499999999999829e+01,6.307000000000000000e+07,6.970000000000000000e+07
6.943483591683809459e+07,-1.440199270000000109e-09,8.771000000000000796e+01,6.307000000000000000e+07,6.970000000000000000e+07
6.937695993380661309e+07,-1.441400720000000112e-09,8.771500000000000341e+01,6.307000000000000000e+07,6.970000000000000000e+07
6.928857210276903212e+07,-1.443239440000000061e-09,8.771999999999999886e+01,6.307000000000000000e+07,6.970000000000000000e+07
6.920804849463324249e+07,-1.444918649999999994e-09,8.772500000000000853e+01,6.307000000000000000e+07,6.970000000000000000e+07
6.918553583388033509e+07,-1.445388820000000027e-09,8.773000000000000398e+01,6.307000000000000000e+07,6.970000000000000000e+07
6.912708153307691216e+07,-1.446611050000000161e-09,8.773499999999999943e+01,6.307000000000000000e+07,6.970000000000000000e+07
6.902949711176097393e+07,-1.448656070000000112e-09,8.773999999999999488e+01,6.307000000000000000e+07,6.970000000000000000e+07
6.897965331309102476e+07,-1.449702850000000152e-09,8.774500000000000455e+01,6.307000000000000000e+07,6.970000000000000000e+07
6.892542736073964834e+07,-1.450843380000000092e-09,8.775000000000000000e+01,6.307000000000000000e+07,6.970000000000000000e+07
6.883058034758493304e+07,-1.452842610000000170e-09,8.775499999999999545e+01,6.307000000000000000e+07,6.970000000000000000e+07
6.876161675943937898e+07,-1.454299720000000234e-09,8.776000000000000512e+01,6.307000000000000000e+07,6.970000000000000000e+07
6.872986953668671846e+07,-1.454971480000000174e-09,8.776500000000000057e+01,6.307000000000000000e+07,6.970000000000000000e+07
6.865506283510451019e+07,-1.456556820000000086e-09,8.776999999999999602e+01,6.307000000000000000e+07,6.970000000000000000e+07
6.858645645192109048e+07,-1.458013800000000191e-09,8.777500000000000568e+01,6.307000000000000000e+07,6.970000000000000000e+07
6.858027299694406986e+07,-1.458145260000000159e-09,8.778000000000000114e+01,6.307000000000000000e+07,6.970000000000000000e+07
6.854071512448617816e+07,-1.458986820000000045e-09,8.778499999999999659e+01,6.307000000000000000e+07,6.970000000000000000e+07
6.845880874553066492e+07,-1.460732400000000125e-09,8.779000000000000625e+01,6.307000000000000000e+07,6.970000000000000000e+07
6.842688674395689368e+07,-1.461413850000000009e-09,8.779500000000000171e+01,6.307000000000000000e+07,6.970000000000000000e+07
6.838939273406198621e+07,-1.462215060000000062e-09,8.779999999999999716e+01,6.307000000000000000e+07,6.970000000000000000e+07
6.830299048114497960e+07,-1.464064740000000031e-09,8.780500000000000682e+01,6.307000000000000000e+07,6.970000000000000000e+07
6.824417583218364418e+07,-1.465326509999999906e-09,8.781000000000000227e+01,6.307000000000000000e+07,6.970000000000000000e+07
6.821305759177975357e+07,-1.465994980000000079e-09,8.781499999999999773e+01,6.307000000000000000e+07,6.970000000000000000e+07
6.814224983576354384e+07,-1.467518320000000080e-09,8.782000000000000739e+01,6.307000000000000000e+07,6.970000000000000000e+07
6.808414822172340751e+07,-1.468770670000000178e-09,8.782500000000000284e+01,6.307000000000000000e+07,6.970000000000000000e+07
6.807480119060647488e+07,-1.468972340000000234e-09,8.782999999999999829e+01,6.307000000000000000e+07,6.970000000000000000e+07
6.805412837541586161e+07,-1.469418570000000122e-09,8.783500000000000796e+01,6.307000000000000000e+07,6.970000000000000000e+07
6.800742118742372096e+07,-1.470427760000000008e-09,8.784000000000000341e+01,6.307000000000000000e+07,6.970000000000000000e+07
6.799398217900845408e+07,-1.470718390000000132e-09,8.784499999999999886e+01,6.307000000000000000e+07,6.970000000000000000e+07
6.796547696316275001e+07,-1.471335220000000222e-09,8.785000000000000853e+01,6.307000000000000000e+07,6.970000000000000000e+07
6.787947881783190370e+07,-1.473199289999999980e-09,8.785500000000000398e+01,6.307000000000000000e+07,6.970000000000000000e+07
6.781895088138559461e+07,-1.474514110000000223e-09,8.785999999999999943e+01,6.307000000000000000e+07,6.970000000000000000e+07
6.777548443611909449e+07,-1.475459759999999955e-09,8.786499999999999488e+01,6.307000000000000000e+07,6.970000000000000000e+07
6.765697168423128128e+07,-1.478044280000000036e-09,8.787000000000000455e+01,6.307000000000000000e+07,6.970000000000000000e+07
6.752328506723901629e+07,-1.480970600000000093e-09,8.787500000000000000e+01,6.307000000000000000e+07,6.970000000000000000e+07
6.741443067775104940e+07,-1.483361930000000051e-09,8.787999999999999545e+01,6.307000000000000000e+07,6.970000000000000000e+07
6.724780968504031003e+07,-1.487037280000000152e-09,8.788500000000000512e+01,6.307000000000000000e+07,6.970000000000000000e+07
6.705954079826014489e+07,-1.491212119999999996e-09,8.789000000000000057e+01,6.307000000000000000e+07,6.970000000000000000e+07
6.691446699743022770e+07,-1.494445140000000213e-09,8.789499999999999602e+01,6.307000000000000000e+07,6.970000000000000000e+07
6.676204916122297198e+07,-1.497856960000000143e-09,8.790000000000000568e+01,6.307000000000000000e+07,6.970000000000000000e+07
6.657700829728615284e+07,-1.502020030000000082e-09,8.790500000000000114e+01,6.307000000000000000e+07,6.970000000000000000e+07
6.643833405771049112e+07,-1.505155140000000065e-09,8.790999999999999659e+01,6.307000000000000000e+07,6.970000000000000000e+07
6.631512796283143759e+07,-1.507951550000000028e-09,8.791500000000000625e+01,6.307000000000000000e+07,6.970000000000000000e+07
6.614553684974472225e+07,-1.511817800000000185e-09,8.792000000000000171e+01,6.307000000000000000e+07,6.970000000000000000e+07
6.598687820572914928e+07,-1.515452810000000083e-09,8.792499999999999716e+01,6.307000000000000000e+07,6.970000000000000000e+07
6.586859530089357495e+07,-1.518174170000000110e-09,8.793000000000000682e+01,6.307000000000000000e+07,6.970000000000000000e+07
6.576169412751162797e+07,-1.520642090000000039e-09,8.793500000000000227e+01,6.307000000000000000e+07,6.970000000000000000e+07
6.565750210497952253e+07,-1.523055200000000033e-09,8.793999999999999773e+01,6.307000000000000000e+07,6.970000000000000000e+07
6.557819927786466479e+07,-1.524897010000000305e-09,8.794500000000000739e+01,6.307000000000000000e+07,6.970000000000000000e+07
6.548178897426149994e+07,-1.527142150000000025e-09,8.795000000000000284e+01,6.307000000000000000e+07,6.970000000000000000e+07
6.537236530736687034e+07,-1.529698360000000140e-09,8.795499999999999829e+01,6.307000000000000000e+07,6.970000000000000000e+07
6.528219239536879957e+07,-1.531811300000000112e-09,8.796000000000000796e+01,6.307000000000000000e+07,6.970000000000000000e+07
6.519265083507905900e+07,-1.533915230000000271e-09,8.796500000000000341e+01,6.307000000000000000e+07,6.970000000000000000e+07
6.509069721477231383e+07,-1.536317850000000271e-09,8.796999999999999886e+01,6.307000000000000000e+07,6.970000000000000000e+07
6.502717550691609085e+07,-1.537818600000000143e-09,8.797500000000000853e+01,6.307000000000000000e+07,6.970000000000000000e+07
6.501479756296972930e+07,-1.538111379999999919e-09,8.798000000000000398e+01,6.307000000000000000e+07,6.970000000000000000e+07
6.496181950261007994e+07,-1.539365750000000124e-09,8.798499999999999943e+01,6.307000000000000000e+07,6.970000000000000000e+07
6.487036096236608177e+07,-1.541536050000000016e-09,8.798999999999999488e+01,6.307000000000000000e+07,6.970000000000000000e+07
6.482242670831257850e+07,-1.542675969999999927e-09,8.799500000000000455e+01,6.307000000000000000e+07,6.970000000000000000e+07
6.476748537517796457e+07,-1.543984600000000099e-09,8.800000000000000000e+01,6.307000000000000000e+07,6.970000000000000000e+07
6.467466290401550382e+07,-1.546200560000000112e-09,8.800499999999999545e+01,6.307000000000000000e+07,6.970000000000000000e+07
6.461149267751169950e+07,-1.547712270000000004e-09,8.801000000000000512e+01,6.307000000000000000e+07,6.970000000000000000e+07
6.456318643135941029e+07,-1.548870270000000219e-09,8.801500000000000057e+01,6.307000000000000000e+07,6.970000000000000000e+07
6.447098187538892031e+07,-1.551085419999999933e-09,8.801999999999999602e+01,6.307000000000000000e+07,6.970000000000000000e+07
6.437700036641456932e+07,-1.553349790000000116e-09,8.802500000000000568e+01,6.307000000000000000e+07,6.970000000000000000e+07
6.431291888008955866e+07,-1.554897550000000126e-09,8.803000000000000114e+01,6.307000000000000000e+07,6.970000000000000000e+07
6.421409245555306226e+07,-1.557290560000000123e-09,8.803499999999999659e+01,6.307000000000000000e+07,6.970000000000000000e+07
6.410218770766705275e+07,-1.560009160000000056e-09,8.804000000000000625e+01,6.307000000000000000e+07,6.970000000000000000e+07
6.404772323954024166e+07,-1.561335750000000204e-09,8.804500000000000171e+01,6.307000000000000000e+07,6.970000000000000000e+07
6.400194688802277297e+07,-1.562452470000000164e-09,8.804999999999999716e+01,6.307000000000000000e+07,6.970000000000000000e+07
6.392523304742772877e+07,-1.564327500000000149e-09,8.805500000000000682e+01,6.307000000000000000e+07,6.970000000000000000e+07
6.387981559507009387e+07,-1.565439710000000077e-09,8.806000000000000227e+01,6.307000000000000000e+07,6.970000000000000000e+07
6.384648281761219352e+07,-1.566256990000000164e-09,8.806499999999999773e+01,6.307000000000000000e+07,6.970000000000000000e+07
6.377712293553852290e+07,-1.567960349999999937e-09,8.807000000000000739e+01,6.307000000000000000e+07,6.970000000000000000e+07
6.371423523258693516e+07,-1.569507970000000150e-09,8.807500000000000284e+01,6.307000000000000000e+07,6.970000000000000000e+07
6.369185371637189388e+07,-1.570059500000000104e-09,8.807999999999999829e+01,6.307000000000000000e+07,6.970000000000000000e+07
6.363683142492627352e+07,-1.571417020000000102e-09,8.808500000000000796e+01,6.307000000000000000e+07,6.970000000000000000e+07
6.355993824211312830e+07,-1.573318080000000031e-09,8.809000000000000341e+01,6.307000000000000000e+07,6.970000000000000000e+07
6.352909308782692999e+07,-1.574081970000000097e-09,8.809499999999999886e+01,6.307000000000000000e+07,6.970000000000000000e+07
6.351138183980825543e+07,-1.574520930000000066e-09,8.810000000000000853e+01,6.307000000000000000e+07,6.970000000000000000e+07
6.345988469694326073e+07,-1.575798640000000019e-09,8.810500000000000398e+01,6.307000000000000000e+07,6.970000000000000000e+07
6.342988891085888445e+07,-1.576543830000000121e-09,8.810999999999999943e+01,6.307000000000000000e+07,6.970000000000000000e+07
6.341151878482224047e+07,-1.577000550000000003e-09,8.811499999999999488e+01,6.307000000000000000e+07,6.970000000000000000e+07
6.335725213211092353e+07,-1.578351279999999947e-09,8.812000000000000455e+01,6.307000000000000000e+07,6.970000000000000000e+07
6.330183885385082662e+07,-1.579732940000000155e-09,8.812500000000000000e+01,6.307000000000000000e+07,6.970000000000000000e+07
6.328356684104622155e+07,-1.580189060000000051e-09,8.812999999999999545e+01,6.307000000000000000e+07,6.970000000000000000e+07
6.324957266216850281e+07,-1.581038350000000044e-09,8.813500000000000512e+01,6.307000000000000000e+07,6.970000000000000000e+07
6.319977796148408204e+07,-1.582284040000000047e-09,8.814000000000000057e+01,6.307000000000000000e+07,6.970000000000000000e+07
6.318212049103324860e+07,-1.582726239999999973e-09,8.814499999999999602e+01,6.307000000000000000e+07,6.970000000000000000e+07
6.313894242018890381e+07,-1.583808600000000105e-09,8.815000000000000568e+01,6.307000000000000000e+07,6.970000000000000000e+07
6.306658229198843241e+07,-1.585625800000000143e-09,8.815500000000000114e+01,6.307000000000000000e+07,6.970000000000000000e+07
6.304604335767187923e+07,-1.586142360000000033e-09,8.815999999999999659e+01,6.307000000000000000e+07,6.970000000000000000e+07
6.303189901326650381e+07,-1.586498290000000087e-09,8.816500000000000625e+01,6.307000000000000000e+07,6.970000000000000000e+07
6.296719256257211417e+07,-1.588128610000000193e-09,8.817000000000000171e+01,6.307000000000000000e+07,6.970000000000000000e+07
6.290518606394733489e+07,-1.589694050000000172e-09,8.817499999999999716e+01,6.307000000000000000e+07,6.970000000000000000e+07
6.287651992747746408e+07,-1.590418810000000256e-09,8.818000000000000682e+01,6.307000000000000000e+07,6.970000000000000000e+07
6.281045243813531101e+07,-1.592091700000000159e-09,8.818500000000000227e+01,6.307000000000000000e+07,6.970000000000000000e+07
6.273429573472722620e+07,-1.594024430000000132e-09,8.818999999999999773e+01,6.307000000000000000e+07,6.970000000000000000e+07
6.271078309218706191e+07,-1.594622090000000232e-09,8.819500000000000739e+01,6.307000000000000000e+07,6.970000000000000000e+07
6.269003111588349938e+07,-1.595149950000000002e-09,8.820000000000000284e+01,6.307000000000000000e+07,6.970000000000000000e+07
6.264664130024807900e+07,-1.596254770000000098e-09,8.820499999999999829e+01,6.307000000000000000e+07,6.970000000000000000e+07
6.264643525933826715e+07,-1.596260019999999910e-09,8.821000000000000796e+01,6.307000000000000000e+07,6.970000000000000000e+07
6.266666748551111668e+07,-1.595744660000000196e-09,8.821500000000000341e+01,6.307000000000000000e+07,6.970000000000000000e+07
6.265218372056183964e+07,-1.596113560000000124e-09,8.821999999999999886e+01,6.307000000000000000e+07,6.970000000000000000e+07
6.262363196562423557e+07,-1.596841270000000114e-09,8.822500000000000853e+01,6.307000000000000000e+07,6.970000000000000000e+07
6.260889643618265539e+07,-1.597217100000000101e-09,8.823000000000000398e+01,6.307000000000000000e+07,6.970000000000000000e+07
6.256618211640408635e+07,-1.598307530000000200e-09,8.823499999999999943e+01,6.307000000000000000e+07,6.970000000000000000e+07
6.250521215337844193e+07,-1.599866580000000045e-09,8.823999999999999488e+01,6.307000000000000000e+07,6.970000000000000000e+07
6.248402869174121320e+07,-1.600408970000000021e-09,8.824500000000000455e+01,6.307000000000000000e+07,6.970000000000000000e+07
6.245199744314028323e+07,-1.601229810000000044e-09,8.825000000000000000e+01,6.307000000000000000e+07,6.970000000000000000e+07
6.238220212816632539e+07,-1.603021320000000206e-09,8.825499999999999545e+01,6.307000000000000000e+07,6.970000000000000000e+07
6.233901494855915010e+07,-1.604131860000000140e-09,8.826000000000000512e+01,6.307000000000000000e+07,6.970000000000000000e+07
6.229876370159293711e+07,-1.605168289999999982e-09,8.826500000000000057e+01,6.307000000000000000e+07,6.970000000000000000e+07
6.221875799238833040e+07,-1.607232340000000127e-09,8.826999999999999602e+01,6.307000000000000000e+07,6.970000000000000000e+07
6.214329399689751118e+07,-1.609184090000000249e-09,8.827500000000000568e+01,6.307000000000000000e+07,6.970000000000000000e+07
6.210016228324908018e+07,-1.610301750000000260e-09,8.828000000000000114e+01,6.307000000000000000e+07,6.970000000000000000e+07
6.203566844977442175e+07,-1.611975860000000221e-09,8.828499999999999659e+01,6.307000000000000000e+07,6.970000000000000000e+07
6.196468015709632635e+07,-1.613822580000000033e-09,8.829000000000000625e+01,6.307000000000000000e+07,6.970000000000000000e+07
6.194984280537137389e+07,-1.614209100000000077e-09,8.829500000000000171e+01,6.307000000000000000e+07,6.970000000000000000e+07
6.192665400906500220e+07,-1.614813550000000232e-09,8.829999999999999716e+01,6.307000000000000000e+07,6.970000000000000000e+07
6.187117310553158820e+07,-1.616261580000000173e-09,8.830500000000000682e+01,6.307000000000000000e+07,6.970000000000000000e+07
6.186050006890022010e+07,-1.616540440000000185e-09,8.831000000000000227e+01,6.307000000000000000e+07,6.970000000000000000e+07
6.186921397564169765e+07,-1.616312760000000068e-09,8.831499999999999773e+01,6.307000000000000000e+07,6.970000000000000000e+07
6.185718056616380066e+07,-1.616627190000000128e-09,8.832000000000000739e+01,6.307000000000000000e+07,6.970000000000000000e+07
6.186272577018288523e+07,-1.616482280000000215e-09,8.832500000000000284e+01,6.307000000000000000e+07,6.970000000000000000e+07
6.190470386173241585e+07,-1.615386130000000278e-09,8.832999999999999829e+01,6.307000000000000000e+07,6.970000000000000000e+07
6.192177792087487876e+07,-1.614940710000000070e-09,8.833500000000000796e+01,6.307000000000000000e+07,6.970000000000000000e+07
6.191999386942524463e+07,-1.614987240000000137e-09,8.834000000000000341e+01,6.307000000000000000e+07,6.970000000000000000e+07
6.195042346738539636e+07,-1.614193970000000093e-09,8.834499999999999886e+01,6.307000000000000000e+07,6.970000000000000000e+07
6.196548072854029387e+07,-1.613801730000000211e-09,8.835000000000000853e+01,6.307000000000000000e+07,6.970000000000000000e+07
6.195092930080031604e+07,-1.614180790000000110e-09,8.835500000000000398e+01,6.307000000000000000e+07,6.970000000000000000e+07
6.198097902923159301e+07,-1.613398200000000079e-09,8.835999999999999943e+01,6.307000000000000000e+07,6.970000000000000000e+07
6.202492050901693851e+07,-1.612255190000000052e-09,8.836499999999999488e+01,6.307000000000000000e+07,6.970000000000000000e+07
6.203225777896763384e+07,-1.612064490000000267e-09,8.837000000000000455e+01,6.307000000000000000e+07,6.970000000000000000e+07
6.203852026317037642e+07,-1.611901760000000175e-09,8.837500000000000000e+01,6.307000000000000000e+07,6.970000000000000000e+07
6.205566322247599810e+07,-1.611456470000000132e-09,8.837999999999999545e+01,6.307000000000000000e+07,6.970000000000000000e+07
6.203300814824032784e+07,-1.612044990000000048e-09,8.838500000000000512e+01,6.307000000000000000e+07,6.970000000000000000e+07
6.198505028441127390e+07,-1.613292230000000131e-09,8.839000000000000057e+01,6.307000000000000000e+07,6.970000000000000000e+07
6.197613048831328005e+07,-1.613524420000000072e-09,8.839499999999999602e+01,6.307000000000000000e+07,6.970000000000000000e+07
6.197226933061490208e+07,-1.613624949999999982e-09,8.840000000000000568e+01,6.307000000000000000e+07,6.970000000000000000e+07
6.193816241277534515e+07,-1.614513510000000169e-09,8.840500000000000114e+01,6.307000000000000000e+07,6.970000000000000000e+07
6.194041212189473957e+07,-1.614454870000000129e-09,8.840999999999999659e+01,6.307000000000000000e+07,6.970000000000000000e+07
6.195501234667365998e+07,-1.614074409999999990e-09,8.841500000000000625e+01,6.307000000000000000e+07,6.970000000000000000e+07
6.194090973481299728e+07,-1.614441900000000254e-09,8.842000000000000171e+01,6.307000000000000000e+07,6.970000000000000000e+07
6.195951936761635542e+07,-1.613957000000000158e-09,8.842499999999999716e+01,6.307000000000000000e+07,6.970000000000000000e+07
6.202163026683342457e+07,-1.612340720000000144e-09,8.843000000000000682e+01,6.307000000000000000e+07,6.970000000000000000e+07
6.204046164754203707e+07,-1.611851320000000061e-09,8.843500000000000227e+01,6.307000000000000000e+07,6.970000000000000000e+07
6.203662094937855005e+07,-1.611951109999999983e-09,8.843999999999999773e+01,6.307000000000000000e+07,6.970000000000000000e+07
6.207232594173386693e+07,-1.611023890000000046e-09,8.844500000000000739e+01,6.307000000000000000e+07,6.970000000000000000e+07
6.210303815639231354e+07,-1.610227180000000188e-09,8.845000000000000284e+01,6.307000000000000000e+07,6.970000000000000000e+07
6.210679643741006404e+07,-1.610129740000000188e-09,8.845499999999999829e+01,6.307000000000000000e+07,6.970000000000000000e+07
6.214108397365785390e+07,-1.609241320000000005e-09,8.846000000000000796e+01,6.307000000000000000e+07,6.970000000000000000e+07
6.217810550226739794e+07,-1.608283160000000173e-09,8.846500000000000341e+01,6.307000000000000000e+07,6.970000000000000000e+07
6.216762506660562009e+07,-1.608554290000000078e-09,8.846999999999999886e+01,6.307000000000000000e+07,6.970000000000000000e+07
6.217710728693437576e+07,-1.608308980000000214e-09,8.847500000000000853e+01,6.307000000000000000e+07,6.970000000000000000e+07
6.221367439516659081e+07,-1.607363670000000136e-09,8.848000000000000398e+01,6.307000000000000000e+07,6.970000000000000000e+07
6.221297422212878615e+07,-1.607381760000000071e-09,8.848499999999999943e+01,6.307000000000000000e+07,6.970000000000000000e+07
6.220294284859546274e+07,-1.607640980000000067e-09,8.848999999999999488e+01,6.307000000000000000e+07,6.970000000000000000e+07
6.223356294759039581e+07,-1.606849990000000047e-09,8.849500000000000455e+01,6.307000000000000000e+07,6.970000000000000000e+07
6.223757642595452070e+07,-1.606746370000000020e-09,8.850000000000000000e+01,6.307000000000000000e+07,6.970000000000000000e+07
6.221478332500961423e+07,-1.607335020000000102e-09,8.850499999999999545e+01,6.307000000000000000e+07,6.970000000000000000e+07
6.223194561799200624e+07,-1.606891749999999959e-09,8.851000000000000512e+01,6.307000000000000000e+07,6.970000000000000000e+07
6.225524932371344417e+07,-1.606290250000000124e-09,8.851500000000000057e+01,6.307000000000000000e+07,6.970000000000000000e+07
6.224432869668897241e+07,-1.606572070000000086e-09,8.851999999999999602e+01,6.307000000000000000e+07,6.970000000000000000e+07
6.225151994556129724e+07,-1.606386480000000110e-09,8.852500000000000568e+01,6.307000000000000000e+07,6.970000000000000000e+07
6.229148315336181968e+07,-1.605355900000000065e-09,8.853000000000000114e+01,6.307000000000000000e+07,6.970000000000000000e+07
6.229188514766733348e+07,-1.605345540000000236e-09,8.853499999999999659e+01,6.307000000000000000e+07,6.970000000000000000e+07
6.227689070367069542e+07,-1.605732060000000074e-09,8.854000000000000625e+01,6.307000000000000000e+07,6.970000000000000000e+07
6.228574598737940192e+07,-1.605503770000000135e-09,8.854500000000000171e+01,6.307000000000000000e+07,6.970000000000000000e+07
6.227503106107293069e+07,-1.605780010000000056e-09,8.854999999999999716e+01,6.307000000000000000e+07,6.970000000000000000e+07
6.223931374633914232e+07,-1.606701520000000199e-09,8.855500000000000682e+01,6.307000000000000000e+07,6.970000000000000000e+07
6.223755822043502331e+07,-1.606746840000000046e-09,8.856000000000000227e+01,6.307000000000000000e+07,6.970000000000000000e+07
6.224950061738743633e+07,-1.606438590000000013e-09,8.856499999999999773e+01,6.307000000000000000e+07,6.970000000000000000e+07
6.222085894937578589e+07,-1.607178070000000115e-09,8.857000000000000739e+01,6.307000000000000000e+07,6.970000000000000000e+07
6.218970253576957434e+07,-1.607983250000000068e-09,8.857500000000000284e+01,6.307000000000000000e+07,6.970000000000000000e+07
6.217039316935880482e+07,-1.608482669999999912e-09,8.857999999999999829e+01,6.307000000000000000e+07,6.970000000000000000e+07
6.210921888750786334e+07,-1.610066940000000228e-09,8.858500000000000796e+01,6.307000000000000000e+07,6.970000000000000000e+07
6.203326981974291801e+07,-1.612038190000000155e-09,8.859000000000000341e+01,6.307000000000000000e+07,6.970000000000000000e+07
6.198409975195388496e+07,-1.613316970000000118e-09,8.859499999999999886e+01,6.307000000000000000e+07,6.970000000000000000e+07
6.192246120184721798e+07,-1.614922890000000303e-09,8.860000000000000853e+01,6.307000000000000000e+07,6.970000000000000000e+07
6.184032987610846013e+07,-1.617067700000000177e-09,8.860500000000000398e+01,6.307000000000000000e+07,6.970000000000000000e+07
6.179439452665790915e+07,-1.618269760000000002e-09,8.860999999999999943e+01,6.307000000000000000e+07,6.970000000000000000e+07
6.175355086622694135e+07,-1.619340080000000060e-09,8.861499999999999488e+01,6.307000000000000000e+07,6.970000000000000000e+07
6.167163165443766117e+07,-1.621491070000000167e-09,8.862000000000000455e+01,6.307000000000000000e+07,6.970000000000000000e+07
6.161108982858698070e+07,-1.623084420000000192e-09,8.862500000000000000e+01,6.307000000000000000e+07,6.970000000000000000e+07
6.159298250947771221e+07,-1.623561580000000137e-09,8.862999999999999545e+01,6.307000000000000000e+07,6.970000000000000000e+07
6.155658303888870031e+07,-1.624521620000000279e-09,8.863500000000000512e+01,6.307000000000000000e+07,6.970000000000000000e+07
6.153392166038901359e+07,-1.625119889999999994e-09,8.864000000000000057e+01,6.307000000000000000e+07,6.970000000000000000e+07
6.155564522298000008e+07,-1.624546370000000104e-09,8.864499999999999602e+01,6.307000000000000000e+07,6.970000000000000000e+07
6.156685806776725501e+07,-1.624250500000000211e-09,8.865000000000000568e+01,6.307000000000000000e+07,6.970000000000000000e+07
6.154662167362435907e+07,-1.624784550000000052e-09,8.865500000000000114e+01,6.307000000000000000e+07,6.970000000000000000e+07
6.154921731153227389e+07,-1.624716030000000254e-09,8.865999999999999659e+01,6.307000000000000000e+07,6.970000000000000000e+07
6.155201207187605649e+07,-1.624642260000000024e-09,8.866500000000000625e+01,6.307000000000000000e+07,6.970000000000000000e+07
6.151265347883765399e+07,-1.625681780000000190e-09,8.867000000000000171e+01,6.307000000000000000e+07,6.970000000000000000e+07
6.149608903015114367e+07,-1.626119670000000148e-09,8.867499999999999716e+01,6.307000000000000000e+07,6.970000000000000000e+07
6.152244071629937738e+07,-1.625423160000000178e-09,8.868000000000000682e+01,6.307000000000000000e+07,6.970000000000000000e+07
6.151222591167085618e+07,-1.625693080000000069e-09,8.868500000000000227e+01,6.307000000000000000e+07,6.970000000000000000e+07
6.149717214785939455e+07,-1.626091030000000159e-09,8.868999999999999773e+01,6.307000000000000000e+07,6.970000000000000000e+07
6.153171425466890633e+07,-1.625178189999999967e-09,8.869500000000000739e+01,6.307000000000000000e+07,6.970000000000000000e+07
6.154761793023669720e+07,-1.624758250000000147e-09,8.870000000000000284e+01,6.307000000000000000e+07,6.970000000000000000e+07
6.153192552266802639e+07,-1.625172609999999926e-09,8.870499999999999829e+01,6.307000000000000000e+07,6.970000000000000000e+07
6.155970702454984933e+07,-1.624439180000000097e-09,8.871000000000000796e+01,6.307000000000000000e+07,6.970000000000000000e+07
6.157099792715694010e+07,-1.624141290000000099e-09,8.871500000000000341e+01,6.307000000000000000e+07,6.970000000000000000e+07
6.154680273991841078e+07,-1.624779770000000059e-09,8.871999999999999886e+01,6.307000000000000000e+07,6.970000000000000000e+07
6.154172381790134311e+07,-1.624913859999999955e-09,8.872500000000000853e+01,6.307000000000000000e+07,6.970000000000000000e+07
6.157994671696581692e+07,-1.623905270000000260e-09,8.873000000000000398e+01,6.307000000000000000e+07,6.970000000000000000e+07
6.158594752542243153e+07,-1.623747040000000155e-09,8.873499999999999943e+01,6.307000000000000000e+07,6.970000000000000000e+07
6.158693974545674771e+07,-1.623720880000000046e-09,8.873999999999999488e+01,6.307000000000000000e+07,6.970000000000000000e+07
6.162917741207325459e+07,-1.622608060000000089e-09,8.874500000000000455e+01,6.307000000000000000e+07,6.970000000000000000e+07
6.164776359236708283e+07,-1.622118860000000069e-09,8.875000000000000000e+01,6.307000000000000000e+07,6.970000000000000000e+07
6.162369678129017353e+07,-1.622752370000000017e-09,8.875499999999999545e+01,6.307000000000000000e+07,6.970000000000000000e+07
6.163722599494779855e+07,-1.622396180000000045e-09,8.876000000000000512e+01,6.307000000000000000e+07,6.970000000000000000e+07
6.166360944657391310e+07,-1.621702020000000203e-09,8.876500000000000057e+01,6.307000000000000000e+07,6.970000000000000000e+07
6.167870410871577263e+07,-1.621305140000000124e-09,8.876999999999999602e+01,6.307000000000000000e+07,6.970000000000000000e+07
6.171723300487771630e+07,-1.620292990000000080e-09,8.877500000000000568e+01,6.307000000000000000e+07,6.970000000000000000e+07
6.177655140889857709e+07,-1.618737170000000148e-09,8.878000000000000114e+01,6.307000000000000000e+07,6.970000000000000000e+07
6.178139167341911048e+07,-1.618610350000000171e-09,8.878499999999999659e+01,6.307000000000000000e+07,6.970000000000000000e+07
6.177179928341005743e+07,-1.618861700000000264e-09,8.879000000000000625e+01,6.307000000000000000e+07,6.970000000000000000e+07
6.179776648782023042e+07,-1.618181459999999979e-09,8.879500000000000171e+01,6.307000000000000000e+07,6.970000000000000000e+07
6.180115103902196139e+07,-1.618092840000000185e-09,8.879999999999999716e+01,6.307000000000000000e+07,6.970000000000000000e+07
6.177547636397997290e+07,-1.618765340000000112e-09,8.880500000000000682e+01,6.307000000000000000e+07,6.970000000000000000e+07
6.179325471134483069e+07,-1.618299610000000005e-09,8.881000000000000227e+01,6.307000000000000000e+07,6.970000000000000000e+07
6.181195796089620143e+07,-1.617809939999999960e-09,8.881499999999999773e+01,6.307000000000000000e+07,6.970000000000000000e+07
6.181172680831272900e+07,-1.617815990000000027e-09,8.882000000000000739e+01,6.307000000000000000e+07,6.970000000000000000e+07
6.182836656893476844e+07,-1.617380590000000201e-09,8.882500000000000284e+01,6.307000000000000000e+07,6.970000000000000000e+07
6.185022167243148386e+07,-1.616809079999999958e-09,8.882999999999999829e+01,6.307000000000000000e+07,6.970000000000000000e+07
6.182312832040043175e+07,-1.617517630000000210e-09,8.883500000000000796e+01,6.307000000000000000e+07,6.970000000000000000e+07
6.178133785460695624e+07,-1.618611760000000248e-09,8.884000000000000341e+01,6.307000000000000000e+07,6.970000000000000000e+07
6.177330539870335907e+07,-1.618822230000000007e-09,8.884499999999999886e+01,6.307000000000000000e+07,6.970000000000000000e+07
6.175135093584821373e+07,-1.619397770000000004e-09,8.885000000000000853e+01,6.307000000000000000e+07,6.970000000000000000e+07
6.170836193721603602e+07,-1.620525920000000009e-09,8.885500000000000398e+01,6.307000000000000000e+07,6.970000000000000000e+07
6.170806720546612889e+07,-1.620533660000000160e-09,8.885999999999999943e+01,6.307000000000000000e+07,6.970000000000000000e+07
6.172294286844167858e+07,-1.620143100000000110e-09,8.886499999999999488e+01,6.307000000000000000e+07,6.970000000000000000e+07
6.172479749667923152e+07,-1.620094420000000185e-09,8.887000000000000455e+01,6.307000000000000000e+07,6.970000000000000000e+07
6.176617537233113497e+07,-1.619009100000000102e-09,8.887500000000000000e+01,6.307000000000000000e+07,6.970000000000000000e+07
6.184001093727169186e+07,-1.617076040000000106e-09,8.887999999999999545e+01,6.307000000000000000e+07,6.970000000000000000e+07
6.187256577858085930e+07,-1.616225200000000032e-09,8.888500000000000512e+01,6.307000000000000000e+07,6.970000000000000000e+07
6.189952968489747494e+07,-1.615521160000000019e-09,8.889000000000000057e+01,6.307000000000000000e+07,6.970000000000000000e+07
6.197465825236731023e+07,-1.613562750000000214e-09,8.889499999999999602e+01,6.307000000000000000e+07,6.970000000000000000e+07
6.203386474581533670e+07,-1.612022730000000149e-09,8.890000000000000568e+01,6.307000000000000000e+07,6.970000000000000000e+07
6.206397921154603362e+07,-1.611240550000000083e-09,8.890500000000000114e+01,6.307000000000000000e+07,6.970000000000000000e+07
6.214186053389141709e+07,-1.609221210000000170e-09,8.890999999999999659e+01,6.307000000000000000e+07,6.970000000000000000e+07
6.223450294285804778e+07,-1.606825720000000086e-09,8.891500000000000625e+01,6.307000000000000000e+07,6.970000000000000000e+07
6.228348431275534630e+07,-1.605562070000000108e-09,8.892000000000000171e+01,6.307000000000000000e+07,6.970000000000000000e+07
6.234927102697522938e+07,-1.603867990000000108e-09,8.892499999999999716e+01,6.307000000000000000e+07,6.970000000000000000e+07
6.244016359123052657e+07,-1.601533280000000084e-09,8.893000000000000682e+01,6.307000000000000000e+07,6.970000000000000000e+07
6.247687808838046342e+07,-1.600592140000000177e-09,8.893500000000000227e+01,6.307000000000000000e+07,6.970000000000000000e+07
6.251320786870001256e+07,-1.599661950000000038e-09,8.893999999999999773e+01,6.307000000000000000e+07,6.970000000000000000e+07
6.258351026265367121e+07,-1.597864990000000000e-09,8.894500000000000739e+01,6.307000000000000000e+07,6.970000000000000000e+07
6.262209194433542341e+07,-1.596880540000000101e-09,8.895000000000000284e+01,6.307000000000000000e+07,6.970000000000000000e+07
6.262735036844859272e+07,-1.596746460000000249e-09,8.895499999999999829e+01,6.307000000000000000e+07,6.970000000000000000e+07
6.267282108755921572e+07,-1.595587979999999964e-09,8.896000000000000796e+01,6.307000000000000000e+07,6.970000000000000000e+07
6.271325328212320060e+07,-1.594559280000000021e-09,8.896500000000000341e+01,6.307000000000000000e+07,6.970000000000000000e+07
6.268881007623824477e+07,-1.595181020000000063e-09,8.896999999999999886e+01,6.307000000000000000e+07,6.970000000000000000e+07
6.267407292871700227e+07,-1.595556110000000062e-09,8.897500000000000853e+01,6.307000000000000000e+07,6.970000000000000000e+07
6.266719018837349117e+07,-1.595731350000000254e-09,8.898000000000000398e+01,6.307000000000000000e+07,6.970000000000000000e+07
6.260849073186162859e+07,-1.597227450000000298e-09,8.898499999999999943e+01,6.307000000000000000e+07,6.970000000000000000e+07
6.255857320109710097e+07,-1.598501930000000131e-09,8.898999999999999488e+01,6.307000000000000000e+07,6.970000000000000000e+07
6.254818790581499040e+07,-1.598767339999999991e-09,8.899500000000000455e+01,6.307000000000000000e+07,6.970000000000000000e+07
6.252072171170231700e+07,-1.599469700000000172e-09,8.900000000000000000e+01,6.307000000000000000e+07,6.970000000000000000e+07
6.248161868880198151e+07,-1.600470700000000177e-09,8.900499999999999545e+01,6.307000000000000000e+07,6.970000000000000000e+07
6.248082073106633872e+07,-1.600491140000000034e-09,8.901000000000000512e+01,6.307000000000000000e+07,6.970000000000000000e+07
6.248401580770619214e+07,-1.600409300000000044e-09,8.901500000000000057e+01,6.307000000000000000e+07,6.970000000000000000e+07
6.245235938862212747e+07,-1.601220530000000064e-09,8.901999999999999602e+01,6.307000000000000000e+07,6.970000000000000000e+07
6.244020023972790688e+07,-1.601532340000000240e-09,8.902500000000000568e+01,6.307000000000000000e+07,6.970000000000000000e+07
6.246155335237278044e+07,-1.600984840000000041e-09,8.903000000000000114e+01,6.307000000000000000e+07,6.970000000000000000e+07
6.245200251346826553e+07,-1.601229680000000292e-09,8.903499999999999659e+01,6.307000000000000000e+07,6.970000000000000000e+07
6.244190678176367283e+07,-1.601488570000000059e-09,8.904000000000000625e+01,6.307000000000000000e+07,6.970000000000000000e+07
6.246728080957346410e+07,-1.600838050000000025e-09,8.904500000000000171e+01,6.307000000000000000e+07,6.970000000000000000e+07
6.247961329268018156e+07,-1.600522070000000092e-09,8.904999999999999716e+01,6.307000000000000000e+07,6.970000000000000000e+07
6.247007566244377196e+07,-1.600766430000000066e-09,8.905500000000000682e+01,6.307000000000000000e+07,6.970000000000000000e+07
6.251453228446117789e+07,-1.599628060000000029e-09,8.906000000000000227e+01,6.307000000000000000e+07,6.970000000000000000e+07
6.256266589429301023e+07,-1.598397360000000215e-09,8.906499999999999773e+01,6.307000000000000000e+07,6.970000000000000000e+07
6.255964436493752897e+07,-1.598474560000000215e-09,8.907000000000000739e+01,6.307000000000000000e+07,6.970000000000000000e+07
6.256250776557128131e+07,-1.598401400000000014e-09,8.907500000000000284e+01,6.307000000000000000e+07,6.970000000000000000e+07
6.257901461056033522e+07,-1.597979780000000154e-09,8.907999999999999829e+01,6.307000000000000000e+07,6.970000000000000000e+07
6.257959655334611982e+07,-1.597964919999999926e-09,8.908500000000000796e+01,6.307000000000000000e+07,6.970000000000000000e+07
6.257960203603485972e+07,-1.597964780000000129e-09,8.909000000000000341e+01,6.307000000000000000e+07,6.970000000000000000e+07
6.260992189199370891e+07,-1.597190939999999992e-09,8.909499999999999886e+01,6.307000000000000000e+07,6.970000000000000000e+07
6.261800480414099991e+07,-1.596984769999999949e-09,8.910000000000000853e+01,6.307000000000000000e+07,6.970000000000000000e+07
6.259284553259964287e+07,-1.597626680000000093e-09,8.910500000000000398e+01,6.307000000000000000e+07,6.970000000000000000e+07
6.260602330045931786e+07,-1.597290400000000306e-09,8.910999999999999943e+01,6.307000000000000000e+07,6.970000000000000000e+07
6.262271664972273260e+07,-1.596864610000000068e-09,8.911499999999999488e+01,6.307000000000000000e+07,6.970000000000000000e+07
6.259849952147829533e+07,-1.597482380000000003e-09,8.912000000000000455e+01,6.307000000000000000e+07,6.970000000000000000e+07
6.259718486813462526e+07,-1.597515929999999944e-09,8.912500000000000000e+01,6.307000000000000000e+07,6.970000000000000000e+07
6.260853816175722331e+07,-1.597226240000000078e-09,8.912999999999999545e+01,6.307000000000000000e+07,6.970000000000000000e+07
6.258647847546798736e+07,-1.597789210000000121e-09,8.913500000000000512e+01,6.307000000000000000e+07,6.970000000000000000e+07
6.260342241892161220e+07,-1.597356760000000201e-09,8.914000000000000057e+01,6.307000000000000000e+07,6.970000000000000000e+07
6.268770815531852841e+07,-1.595209060000000068e-09,8.914499999999999602e+01,6.307000000000000000e+07,6.970000000000000000e+07
6.277030304824392498e+07,-1.593110040000000067e-09,8.915000000000000568e+01,6.307000000000000000e+07,6.970000000000000000e+07
6.284180127024395764e+07,-1.591297480000000019e-09,8.915500000000000114e+01,6.307000000000000000e+07,6.970000000000000000e+07
6.293617126795112342e+07,-1.588911400000000081e-09,8.915999999999999659e+01,6.307000000000000000e+07,6.970000000000000000e+07
6.301052823382995278e+07,-1.587036370000000096e-09,8.916500000000000625e+01,6.307000000000000000e+07,6.970000000000000000e+07
6.301531800295836478e+07,-1.586915740000000189e-09,8.917000000000000171e+01,6.307000000000000000e+07,6.970000000000000000e+07
6.302423797488400340e+07,-1.586691140000000144e-09,8.917499999999999716e+01,6.307000000000000000e+07,6.970000000000000000e+07
6.303411126860744506e+07,-1.586442609999999998e-09,8.918000000000000682e+01,6.307000000000000000e+07,6.970000000000000000e+07
6.300658515214915574e+07,-1.587135689999999992e-09,8.918500000000000227e+01,6.307000000000000000e+07,6.970000000000000000e+07
6.298680255792175978e+07,-1.587634170000000199e-09,8.918999999999999773e+01,6.307000000000000000e+07,6.970000000000000000e+07
6.300074766137287766e+07,-1.587282749999999970e-09,8.919500000000000739e+01,6.307000000000000000e+07,6.970000000000000000e+07
6.297686396276929229e+07,-1.587884720000000037e-09,8.920000000000000284e+01,6.307000000000000000e+07,6.970000000000000000e+07
6.293819815730424225e+07,-1.588860230000000230e-09,8.920499999999999829e+01,6.307000000000000000e+07,6.970000000000000000e+07
6.293456513898988068e+07,-1.588951950000000186e-09,8.921000000000000796e+01,6.307000000000000000e+07,6.970000000000000000e+07
6.292327701909784228e+07,-1.589237000000000061e-09,8.921500000000000341e+01,6.307000000000000000e+07,6.970000000000000000e+07
6.288004819026285410e+07,-1.590329569999999974e-09,8.921999999999999886e+01,6.307000000000000000e+07,6.970000000000000000e+07
6.288179744448752701e+07,-1.590285329999999975e-09,8.922500000000000853e+01,6.307000000000000000e+07,6.970000000000000000e+07
6.289412920537191629e+07,-1.589973520000000213e-09,8.923000000000000398e+01,6.307000000000000000e+07,6.970000000000000000e+07
6.286711052732712030e+07,-1.590656850000000201e-09,8.923499999999999943e+01,6.307000000000000000e+07,6.970000000000000000e+07
6.284654685751806200e+07,-1.591177319999999931e-09,8.923999999999999488e+01,6.307000000000000000e+07,6.970000000000000000e+07
6.285507618223798275e+07,-1.590961400000000089e-09,8.924500000000000455e+01,6.307000000000000000e+07,6.970000000000000000e+07
6.283669511432567984e+07,-1.591426790000000129e-09,8.925000000000000000e+01,6.307000000000000000e+07,6.970000000000000000e+07
6.280760850615751743e+07,-1.592163790000000144e-09,8.925499999999999545e+01,6.307000000000000000e+07,6.970000000000000000e+07
6.283819793043274432e+07,-1.591388730000000156e-09,8.926000000000000512e+01,6.307000000000000000e+07,6.970000000000000000e+07
6.290471517704264820e+07,-1.589705950000000036e-09,8.926500000000000057e+01,6.307000000000000000e+07,6.970000000000000000e+07
6.292331463283883780e+07,-1.589236050000000172e-09,8.926999999999999602e+01,6.307000000000000000e+07,6.970000000000000000e+07
6.294936918657460809e+07,-1.588578270000000057e-09,8.927500000000000568e+01,6.307000000000000000e+07,6.970000000000000000e+07
6.298457497681285441e+07,-1.587690320000000107e-09,8.928000000000000114e+01,6.307000000000000000e+07,6.970000000000000000e+07
6.297617585447193682e+07,-1.587902069999999984e-09,8.928499999999999659e+01,6.307000000000000000e+07,6.970000000000000000e+07
6.297447171093528718e+07,-1.587945040000000116e-09,8.929000000000000625e+01,6.307000000000000000e+07,6.970000000000000000e+07
6.301354265003894269e+07,-1.586960450000000214e-09,8.929500000000000171e+01,6.307000000000000000e+07,6.970000000000000000e+07
6.301640486532773823e+07,-1.586888370000000067e-09,8.929999999999999716e+01,6.307000000000000000e+07,6.970000000000000000e+07
6.298346541060505807e+07,-1.587718290000000006e-09,8.930500000000000682e+01,6.307000000000000000e+07,6.970000000000000000e+07
6.299667761821908504e+07,-1.587385300000000193e-09,8.931000000000000227e+01,6.307000000000000000e+07,6.970000000000000000e+07
6.299383584528288245e+07,-1.587456910000000107e-09,8.931499999999999773e+01,6.307000000000000000e+07,6.970000000000000000e+07
6.295694544484779239e+07,-1.588387100000000246e-09,8.932000000000000739e+01,6.307000000000000000e+07,6.970000000000000000e+07
6.295653521730345488e+07,-1.588397450000000030e-09,8.932500000000000284e+01,6.307000000000000000e+07,6.970000000000000000e+07
6.297676005150339752e+07,-1.587887340000000128e-09,8.932999999999999829e+01,6.307000000000000000e+07,6.970000000000000000e+07
6.296128744650903344e+07,-1.588277560000000111e-09,8.933500000000000796e+01,6.307000000000000000e+07,6.970000000000000000e+07
6.295410170682104677e+07,-1.588458850000000164e-09,8.934000000000000341e+01,6.307000000000000000e+07,6.970000000000000000e+07
6.298230510878322273e+07,-1.587747540000000231e-09,8.934499999999999886e+01,6.307000000000000000e+07,6.970000000000000000e+07
6.298667996743790060e+07,-1.587637260000000108e-09,8.935000000000000853e+01,6.307000000000000000e+07,6.970000000000000000e+07
6.296730159661275893e+07,-1.588125859999999937e-09,8.935500000000000398e+01,6.307000000000000000e+07,6.970000000000000000e+07
6.299465211940404773e+07,-1.587436340000000085e-09,8.935999999999999943e+01,6.307000000000000000e+07,6.970000000000000000e+07
6.301528067623562366e+07,-1.586916680000000240e-09,8.936499999999999488e+01,6.307000000000000000e+07,6.970000000000000000e+07
6.299845757726391405e+07,-1.587340449999999958e-09,8.937000000000000455e+01,6.307000000000000000e+07,6.970000000000000000e+07
6.301676822007916123e+07,-1.586879220000000045e-09,8.937500000000000000e+01,6.307000000000000000e+07,6.970000000000000000e+07
6.304496620430454612e+07,-1.586169460000000193e-09,8.937999999999999545e+01,6.307000000000000000e+07,6.970000000000000000e+07
6.303445615286354721e+07,-1.586433930000000209e-09,8.938500000000000512e+01,6.307000000000000000e+07,6.970000000000000000e+07
6.302746980420099944e+07,-1.586609780000000224e-09,8.939000000000000057e+01,6.307000000000000000e+07,6.970000000000000000e+07
6.305551713547866046e+07,-1.585904049999999919e-09,8.939499999999999602e+01,6.307000000000000000e+07,6.970000000000000000e+07
6.305137879052752256e+07,-1.586008139999999972e-09,8.940000000000000568e+01,6.307000000000000000e+07,6.970000000000000000e+07
6.302620380600748956e+07,-1.586641650000000126e-09,8.940500000000000114e+01,6.307000000000000000e+07,6.970000000000000000e+07
6.303548208663658053e+07,-1.586408110000000168e-09,8.940999999999999659e+01,6.307000000000000000e+07,6.970000000000000000e+07
6.303185093975762278e+07,-1.586499500000000101e-09,8.941500000000000625e+01,6.307000000000000000e+07,6.970000000000000000e+07
6.300207932062590122e+07,-1.587249200000000028e-09,8.942000000000000171e+01,6.307000000000000000e+07,6.970000000000000000e+07
6.302007950814895332e+07,-1.586795840000000019e-09,8.942499999999999716e+01,6.307000000000000000e+07,6.970000000000000000e+07
6.304035076054621488e+07,-1.586285590000000113e-09,8.943000000000000682e+01,6.307000000000000000e+07,6.970000000000000000e+07
6.301195917205638438e+07,-1.587000330000000022e-09,8.943500000000000227e+01,6.307000000000000000e+07,6.970000000000000000e+07
6.299034281196475029e+07,-1.587544939999999962e-09,8.943999999999999773e+01,6.307000000000000000e+07,6.970000000000000000e+07
6.301611656716202199e+07,-1.586895629999999941e-09,8.944500000000000739e+01,6.307000000000000000e+07,6.970000000000000000e+07
6.301767086701078713e+07,-1.586856490000000120e-09,8.945000000000000284e+01,6.307000000000000000e+07,6.970000000000000000e+07
6.300148433387135714e+07,-1.587264190000000009e-09,8.945499999999999829e+01,6.307000000000000000e+07,6.970000000000000000e+07
6.301509126365391910e+07,-1.586921449999999983e-09,8.946000000000000796e+01,6.307000000000000000e+07,6.970000000000000000e+07
6.301732100386844575e+07,-1.586865300000000075e-09,8.946500000000000341e+01,6.307000000000000000e+07,6.970000000000000000e+07
6.299724870225825906e+07,-1.587370909999999990e-09,8.946999999999999886e+01,6.307000000000000000e+07,6.970000000000000000e+07
6.303040042564176768e+07,-1.586536010000000200e-09,8.947500000000000853e+01,6.307000000000000000e+07,6.970000000000000000e+07
6.308446415494694561e+07,-1.585176340000000136e-09,8.948000000000000398e+01,6.307000000000000000e+07,6.970000000000000000e+07
6.309810178005234897e+07,-1.584833730000000068e-09,8.948499999999999943e+01,6.307000000000000000e+07,6.970000000000000000e+07
6.311797308394630253e+07,-1.584334780000000250e-09,8.948999999999999488e+01,6.307000000000000000e+07,6.970000000000000000e+07
6.315332509519258887e+07,-1.583447900000000103e-09,8.949500000000000455e+01,6.307000000000000000e+07,6.970000000000000000e+07
6.315371954472660273e+07,-1.583438010000000093e-09,8.950000000000000000e+01,6.307000000000000000e+07,6.970000000000000000e+07
6.314017029409049451e+07,-1.583777800000000213e-09,8.950499999999999545e+01,6.307000000000000000e+07,6.970000000000000000e+07
6.316636208794364333e+07,-1.583121089999999902e-09,8.951000000000000512e+01,6.307000000000000000e+07,6.970000000000000000e+07
6.316998440794225037e+07,-1.583030310000000204e-09,8.951500000000000057e+01,6.307000000000000000e+07,6.970000000000000000e+07
6.312302066327662766e+07,-1.584208090000000024e-09,8.951999999999999602e+01,6.307000000000000000e+07,6.970000000000000000e+07
6.309392042377712578e+07,-1.584938760000000172e-09,8.952500000000000568e+01,6.307000000000000000e+07,6.970000000000000000e+07
6.308374981592950225e+07,-1.585194290000000068e-09,8.953000000000000114e+01,6.307000000000000000e+07,6.970000000000000000e+07
6.303863519438429922e+07,-1.586328760000000102e-09,8.953499999999999659e+01,6.307000000000000000e+07,6.970000000000000000e+07
6.300570148043551296e+07,-1.587157950000000098e-09,8.954000000000000625e+01,6.307000000000000000e+07,6.970000000000000000e+07
6.300885160949181020e+07,-1.587078600000000033e-09,8.954500000000000171e+01,6.307000000000000000e+07,6.970000000000000000e+07
6.297842148302278668e+07,-1.587845450000000258e-09,8.954999999999999716e+01,6.307000000000000000e+07,6.970000000000000000e+07
6.294125636525712162e+07,-1.588783030000000230e-09,8.955500000000000682e+01,6.307000000000000000e+07,6.970000000000000000e+07
6.295917107199856639e+07,-1.588330950000000132e-09,8.956000000000000227e+01,6.307000000000000000e+07,6.970000000000000000e+07
6.296349990169823915e+07,-1.588221750000000063e-09,8.956499999999999773e+01,6.307000000000000000e+07,6.970000000000000000e+07
6.292852001642005891e+07,-1.589104590000000205e-09,8.957000000000000739e+01,6.307000000000000000e+07,6.970000000000000000e+07
6.290367450242013484e+07,-1.589732250000000148e-09,8.957500000000000284e+01,6.307000000000000000e+07,6.970000000000000000e+07
6.287146939683758467e+07,-1.590546570000000285e-09,8.957999999999999829e+01,6.307000000000000000e+07,6.970000000000000000e+07
6.279185852064955980e+07,-1.592563150000000104e-09,8.958500000000000796e+01,6.307000000000000000e+07,6.970000000000000000e+07
6.272478878572104126e+07,-1.594266030000000013e-09,8.959000000000000341e+01,6.307000000000000000e+07,6.970000000000000000e+07
6.269596446578314155e+07,-1.594998990000000022e-09,8.959499999999999886e+01,6.307000000000000000e+07,6.970000000000000000e+07
6.264376469932023436e+07,-1.596328070000000096e-09,8.960000000000000853e+01,6.307000000000000000e+07,6.970000000000000000e+07
6.258973686166784912e+07,-1.597706030000000158e-09,8.960500000000000398e+01,6.307000000000000000e+07,6.970000000000000000e+07
6.260832727566462010e+07,-1.597231620000000263e-09,8.960999999999999943e+01,6.307000000000000000e+07,6.970000000000000000e+07
6.264372270996694267e+07,-1.596329140000000106e-09,8.961499999999999488e+01,6.307000000000000000e+07,6.970000000000000000e+07
6.266274376167634130e+07,-1.595844580000000077e-09,8.962000000000000455e+01,6.307000000000000000e+07,6.970000000000000000e+07
6.271119051657797396e+07,-1.594611730000000197e-09,8.962500000000000000e+01,6.307000000000000000e+07,6.970000000000000000e+07
6.275156356659029424e+07,-1.593585789999999935e-09,8.962999999999999545e+01,6.307000000000000000e+07,6.970000000000000000e+07
6.273153858025065809e+07,-1.594094490000000173e-09,8.963500000000000512e+01,6.307000000000000000e+07,6.970000000000000000e+07
6.272000570802227408e+07,-1.594387610000000223e-09,8.964000000000000057e+01,6.307000000000000000e+07,6.970000000000000000e+07
6.273449684411604702e+07,-1.594019319999999910e-09,8.964499999999999602e+01,6.307000000000000000e+07,6.970000000000000000e+07
6.272588414156607538e+07,-1.594238190000000072e-09,8.965000000000000568e+01,6.307000000000000000e+07,6.970000000000000000e+07
6.271887358107250929e+07,-1.594416390000000008e-09,8.965500000000000114e+01,6.307000000000000000e+07,6.970000000000000000e+07
6.274838359379507601e+07,-1.593666550000000077e-09,8.965999999999999659e+01,6.307000000000000000e+07,6.970000000000000000e+07
6.274675790011800081e+07,-1.593707840000000170e-09,8.966500000000000625e+01,6.307000000000000000e+07,6.970000000000000000e+07
6.270024931312033534e+07,-1.594889990000000018e-09,8.967000000000000171e+01,6.307000000000000000e+07,6.970000000000000000e+07
6.267057324102768302e+07,-1.595645210000000134e-09,8.967499999999999716e+01,6.307000000000000000e+07,6.970000000000000000e+07
6.264554321594967693e+07,-1.596282750000000249e-09,8.968000000000000682e+01,6.307000000000000000e+07,6.970000000000000000e+07
6.258401826221679896e+07,-1.597852020000000125e-09,8.968500000000000227e+01,6.307000000000000000e+07,6.970000000000000000e+07
6.254032834898173809e+07,-1.598968260000000015e-09,8.968999999999999773e+01,6.307000000000000000e+07,6.970000000000000000e+07
6.253467899707957357e+07,-1.599112710000000153e-09,8.969500000000000739e+01,6.307000000000000000e+07,6.970000000000000000e+07
6.249248879342509061e+07,-1.600192309999999984e-09,8.970000000000000284e+01,6.307000000000000000e+07,6.970000000000000000e+07
6.244399905082623661e+07,-1.601434910000000077e-09,8.970499999999999829e+01,6.307000000000000000e+07,6.970000000000000000e+07
6.244474108749315143e+07,-1.601415880000000090e-09,8.971000000000000796e+01,6.307000000000000000e+07,6.970000000000000000e+07
6.243887351355910301e+07,-1.601566370000000044e-09,8.971500000000000341e+01,6.307000000000000000e+07,6.970000000000000000e+07
6.240793074991335720e+07,-1.602360449999999974e-09,8.971999999999999886e+01,6.307000000000000000e+07,6.970000000000000000e+07
6.240592462877024710e+07,-1.602411960000000099e-09,8.972500000000000853e+01,6.307000000000000000e+07,6.970000000000000000e+07
6.242232010430420190e+07,-1.601991080000000020e-09,8.973000000000000398e+01,6.307000000000000000e+07,6.970000000000000000e+07
6.239821057906001806e+07,-1.602610059999999968e-09,8.973499999999999943e+01,6.307000000000000000e+07,6.970000000000000000e+07
6.238226205792669952e+07,-1.603019779999999963e-09,8.973999999999999488e+01,6.307000000000000000e+07,6.970000000000000000e+07
6.239622883182978630e+07,-1.602660960000000064e-09,8.974500000000000455e+01,6.307000000000000000e+07,6.970000000000000000e+07
6.236251909828761220e+07,-1.603527270000000188e-09,8.975000000000000000e+01,6.307000000000000000e+07,6.970000000000000000e+07
6.232692358680525422e+07,-1.604443060000000080e-09,8.975499999999999545e+01,6.307000000000000000e+07,6.970000000000000000e+07
6.233877478524229676e+07,-1.604138040000000166e-09,8.976000000000000512e+01,6.307000000000000000e+07,6.970000000000000000e+07
6.234253794514418393e+07,-1.604041210000000194e-09,8.976500000000000057e+01,6.307000000000000000e+07,6.970000000000000000e+07
6.231721037954957783e+07,-1.604693140000000099e-09,8.976999999999999602e+01,6.307000000000000000e+07,6.970000000000000000e+07
6.232231596107916534e+07,-1.604561680000000131e-09,8.977500000000000568e+01,6.307000000000000000e+07,6.970000000000000000e+07
6.233538549318192154e+07,-1.604225260000000134e-09,8.978000000000000114e+01,6.307000000000000000e+07,6.970000000000000000e+07
6.230544035902687162e+07,-1.604996280000000117e-09,8.978499999999999659e+01,6.307000000000000000e+07,6.970000000000000000e+07
6.230282246987677366e+07,-1.605063720000000067e-09,8.979000000000000625e+01,6.307000000000000000e+07,6.970000000000000000e+07
6.233761441056139022e+07,-1.604167900000000006e-09,8.979500000000000171e+01,6.307000000000000000e+07,6.970000000000000000e+07
6.236347621649719775e+07,-1.603502660000000160e-09,8.979999999999999716e+01,6.307000000000000000e+07,6.970000000000000000e+07
6.239382014668124914e+07,-1.602722830000000223e-09,8.980500000000000682e+01,6.307000000000000000e+07,6.970000000000000000e+07
6.245519464336284250e+07,-1.601147840000000302e-09,8.981000000000000227e+01,6.307000000000000000e+07,6.970000000000000000e+07
6.249161987377493083e+07,-1.600214560000000046e-09,8.981499999999999773e+01,6.307000000000000000e+07,6.970000000000000000e+07
6.250549618641153723e+07,-1.599859310000000126e-09,8.982000000000000739e+01,6.307000000000000000e+07,6.970000000000000000e+07
6.255109760068563372e+07,-1.598692970000000190e-09,8.982500000000000284e+01,6.307000000000000000e+07,6.970000000000000000e+07
6.259910063621719182e+07,-1.597467040000000117e-09,8.982999999999999829e+01,6.307000000000000000e+07,6.970000000000000000e+07
6.259243964448896050e+07,-1.597637040000000128e-09,8.983500000000000796e+01,6.307000000000000000e+07,6.970000000000000000e+07
6.259657869635613263e+07,-1.597531400000000202e-09,8.984000000000000341e+01,6.307000000000000000e+07,6.970000000000000000e+07
6.262553052748494595e+07,-1.596792860000000151e-09,8.984499999999999886e+01,6.307000000000000000e+07,6.970000000000000000e+07
6.261417146292264014e+07,-1.597082539999999972e-09,8.985000000000000853e+01,6.307000000000000000e+07,6.970000000000000000e+07
6.259242123077092320e+07,-1.597637510000000154e-09,8.985500000000000398e+01,6.307000000000000000e+07,6.970000000000000000e+07
6.260722269476762414e+07,-1.597259800000000064e-09,8.985999999999999943e+01,6.307000000000000000e+07,6.970000000000000000e+07
6.259423405451321602e+07,-1.597591240000000211e-09,8.986499999999999488e+01,6.307000000000000000e+07,6.970000000000000000e+07
6.255698119926875830e+07,-1.598542609999999987e-09,8.987000000000000455e+01,6.307000000000000000e+07,6.970000000000000000e+07
6.254956114477306604e+07,-1.598732239999999969e-09,8.987500000000000000e+01,6.307000000000000000e+07,6.970000000000000000e+07
6.256585603799238801e+07,-1.598315860000000084e-09,8.987999999999999545e+01,6.307000000000000000e+07,6.970000000000000000e+07
6.255819162985409051e+07,-1.598511680000000137e-09,8.988500000000000512e+01,6.307000000000000000e+07,6.970000000000000000e+07
6.259546943631921709e+07,-1.597559710000000169e-09,8.989000000000000057e+01,6.307000000000000000e+07,6.970000000000000000e+07
6.265731528792627901e+07,-1.595982840000000144e-09,8.989499999999999602e+01,6.307000000000000000e+07,6.970000000000000000e+07
6.266590170818223804e+07,-1.595764160000000208e-09,8.990000000000000568e+01,6.307000000000000000e+07,6.970000000000000000e+07
6.265270657436903566e+07,-1.596100240000000138e-09,8.990500000000000114e+01,6.307000000000000000e+07,6.970000000000000000e+07
6.267577420876849443e+07,-1.595512800000000070e-09,8.990999999999999659e+01,6.307000000000000000e+07,6.970000000000000000e+07
6.267864825020895153e+07,-1.595439640000000075e-09,8.991500000000000625e+01,6.307000000000000000e+07,6.970000000000000000e+07
6.264081459368113428e+07,-1.596403250000000197e-09,8.992000000000000171e+01,6.307000000000000000e+07,6.970000000000000000e+07
6.263330873431010544e+07,-1.596594560000000011e-09,8.992499999999999716e+01,6.307000000000000000e+07,6.970000000000000000e+07
6.263468061345583200e+07,-1.596559590000000155e-09,8.993000000000000682e+01,6.307000000000000000e+07,6.970000000000000000e+07
6.261275304568466544e+07,-1.597118720000000256e-09,8.993500000000000227e+01,6.307000000000000000e+07,6.970000000000000000e+07
6.262322057997418195e+07,-1.596851760000000108e-09,8.993999999999999773e+01,6.307000000000000000e+07,6.970000000000000000e+07
6.267950430666172504e+07,-1.595417850000000201e-09,8.994500000000000739e+01,6.307000000000000000e+07,6.970000000000000000e+07
6.270301747862914950e+07,-1.594819580000000073e-09,8.995000000000000284e+01,6.307000000000000000e+07,6.970000000000000000e+07
6.270512177817478776e+07,-1.594766060000000093e-09,8.995499999999999829e+01,6.307000000000000000e+07,6.970000000000000000e+07
6.273889048116707057e+07,-1.593907690000000184e-09,8.996000000000000796e+01,6.307000000000000000e+07,6.970000000000000000e+07
6.274449962892902642e+07,-1.593765200000000091e-09,8.996500000000000341e+01,6.307000000000000000e+07,6.970000000000000000e+07
6.271128804752637446e+07,-1.594609250000000110e-09,8.996999999999999886e+01,6.307000000000000000e+07,6.970000000000000000e+07
6.270445807502806932e+07,-1.594782940000000015e-09,8.997500000000000853e+01,6.307000000000000000e+07,6.970000000000000000e+07
6.270186709356103837e+07,-1.594848840000000135e-09,8.998000000000000398e+01,6.307000000000000000e+07,6.970000000000000000e+07
6.266694748979175836e+07,-1.595737530000000074e-09,8.998499999999999943e+01,6.307000000000000000e+07,6.970000000000000000e+07
6.265162672599358112e+07,-1.596127750000000056e-09,8.998999999999999488e+01,6.307000000000000000e+07,6.970000000000000000e+07
6.265665259640521556e+07,-1.595999720000000066e-09,8.999500000000000455e+01,6.307000000000000000e+07,6.970000000000000000e+07
6.262148529007846862e+07,-1.596896010000000152e-09,9.000000000000000000e+01,6.307000000000000000e+07,6.970000000000000000e+07
6.257190528710949421e+07,-1.598161340000000169e-09,9.000499999999999545e+01,6.307000000000000000e+07,6.970000000000000000e+07
6.256838020061650127e+07,-1.598251380000000085e-09,9.001000000000000512e+01,6.307000000000000000e+07,6.970000000000000000e+07
6.255202373624113202e+07,-1.598669300000000213e-09,9.001500000000000057e+01,6.307000000000000000e+07,6.970000000000000000e+07
6.249929141428359598e+07,-1.600018140000000009e-09,9.001999999999999602e+01,6.307000000000000000e+07,6.970000000000000000e+07
6.249963554900020361e+07,-1.600009330000000055e-09,9.002500000000000568e+01,6.307000000000000000e+07,6.970000000000000000e+07
6.255631554111193866e+07,-1.598559620000000074e-09,9.003000000000000114e+01,6.307000000000000000e+07,6.970000000000000000e+07
6.260984270804698765e+07,-1.597192960000000305e-09,9.003499999999999659e+01,6.307000000000000000e+07,6.970000000000000000e+07
6.270320501977280527e+07,-1.594814809999999917e-09,9.004000000000000625e+01,6.307000000000000000e+07,6.970000000000000000e+07
6.284368938785073906e+07,-1.591249670000000247e-09,9.004500000000000171e+01,6.307000000000000000e+07,6.970000000000000000e+07
6.296254290952391922e+07,-1.588245890000000066e-09,9.004999999999999716e+01,6.307000000000000000e+07,6.970000000000000000e+07
6.308317159123552591e+07,-1.585208820000000274e-09,9.005500000000000682e+01,6.307000000000000000e+07,6.970000000000000000e+07
6.325837860703860968e+07,-1.580818260000000031e-09,9.006000000000000227e+01,6.307000000000000000e+07,6.970000000000000000e+07
6.341036155617980659e+07,-1.577029330000000202e-09,9.006499999999999773e+01,6.307000000000000000e+07,6.970000000000000000e+07
6.352978001320721209e+07,-1.574064949999999966e-09,9.007000000000000739e+01,6.307000000000000000e+07,6.970000000000000000e+07
6.369104361322551221e+07,-1.570079470000000142e-09,9.007500000000000284e+01,6.307000000000000000e+07,6.970000000000000000e+07
6.385597932639681548e+07,-1.566024060000000028e-09,9.007999999999999829e+01,6.307000000000000000e+07,6.970000000000000000e+07
6.397909020019096136e+07,-1.563010660000000007e-09,9.008500000000000796e+01,6.307000000000000000e+07,6.970000000000000000e+07
6.411871544257713109e+07,-1.559607040000000002e-09,9.009000000000000341e+01,6.307000000000000000e+07,6.970000000000000000e+07
6.427761305675268173e+07,-1.555751610000000068e-09,9.009499999999999886e+01,6.307000000000000000e+07,6.970000000000000000e+07
6.441140854868214577e+07,-1.552519999999999929e-09,9.010000000000000853e+01,6.307000000000000000e+07,6.970000000000000000e+07
6.454370835063078254e+07,-1.549337689999999995e-09,9.010500000000000398e+01,6.307000000000000000e+07,6.970000000000000000e+07
6.472460154532057047e+07,-1.545007580000000204e-09,9.010999999999999943e+01,6.307000000000000000e+07,6.970000000000000000e+07
6.488700683692978323e+07,-1.541140590000000059e-09,9.011499999999999488e+01,6.307000000000000000e+07,6.970000000000000000e+07
6.502368377141111344e+07,-1.537901180000000122e-09,9.012000000000000455e+01,6.307000000000000000e+07,6.970000000000000000e+07
6.518536700890222937e+07,-1.534086630000000108e-09,9.012500000000000000e+01,6.307000000000000000e+07,6.970000000000000000e+07
6.534325619468281418e+07,-1.530379810000000025e-09,9.012999999999999545e+01,6.307000000000000000e+07,6.970000000000000000e+07
6.546506714296954125e+07,-1.527532230000000212e-09,9.013500000000000512e+01,6.307000000000000000e+07,6.970000000000000000e+07
6.562481971631558239e+07,-1.523813710000000122e-09,9.014000000000000057e+01,6.307000000000000000e+07,6.970000000000000000e+07
6.581370178616544604e+07,-1.519440439999999972e-09,9.014499999999999602e+01,6.307000000000000000e+07,6.970000000000000000e+07
6.596403622275205702e+07,-1.515977579999999943e-09,9.015000000000000568e+01,6.307000000000000000e+07,6.970000000000000000e+07
6.609414027660384029e+07,-1.512993430000000146e-09,9.015500000000000114e+01,6.307000000000000000e+07,6.970000000000000000e+07
6.624760770779521018e+07,-1.509488470000000139e-09,9.015999999999999659e+01,6.307000000000000000e+07,6.970000000000000000e+07
6.637060994172400981e+07,-1.506690990000000166e-09,9.016500000000000625e+01,6.307000000000000000e+07,6.970000000000000000e+07
6.644374833396454155e+07,-1.505032490000000052e-09,9.017000000000000171e+01,6.307000000000000000e+07,6.970000000000000000e+07
6.654958332274363190e+07,-1.502639010000000029e-09,9.017499999999999716e+01,6.307000000000000000e+07,6.970000000000000000e+07
6.667070646700719744e+07,-1.499909110000000010e-09,9.018000000000000682e+01,6.307000000000000000e+07,6.970000000000000000e+07
6.674065045744942129e+07,-1.498337210000000204e-09,9.018500000000000227e+01,6.307000000000000000e+07,6.970000000000000000e+07
6.682116075412544608e+07,-1.496531920000000075e-09,9.018999999999999773e+01,6.307000000000000000e+07,6.970000000000000000e+07
6.692145628102235496e+07,-1.494289060000000172e-09,9.019500000000000739e+01,6.307000000000000000e+07,6.970000000000000000e+07
6.695371599417416006e+07,-1.493569080000000289e-09,9.020000000000000284e+01,6.307000000000000000e+07,6.970000000000000000e+07
6.692665127474155277e+07,-1.494173070000000049e-09,9.020499999999999829e+01,6.307000000000000000e+07,6.970000000000000000e+07
6.690403907511668652e+07,-1.494678070000000142e-09,9.021000000000000796e+01,6.307000000000000000e+07,6.970000000000000000e+07
6.683396008884425461e+07,-1.496245320000000119e-09,9.021500000000000341e+01,6.307000000000000000e+07,6.970000000000000000e+07
6.672033338922940195e+07,-1.498793470000000105e-09,9.021999999999999886e+01,6.307000000000000000e+07,6.970000000000000000e+07
6.663500437798642367e+07,-1.500712740000000089e-09,9.022500000000000853e+01,6.307000000000000000e+07,6.970000000000000000e+07
6.655405100066211820e+07,-1.502538140000000052e-09,9.023000000000000398e+01,6.307000000000000000e+07,6.970000000000000000e+07
6.643560319584748894e+07,-1.505217010000000018e-09,9.023499999999999943e+01,6.307000000000000000e+07,6.970000000000000000e+07
6.635440504832275957e+07,-1.507058950000000042e-09,9.023999999999999488e+01,6.307000000000000000e+07,6.970000000000000000e+07
6.630468200168424845e+07,-1.508189119999999947e-09,9.024500000000000455e+01,6.307000000000000000e+07,6.970000000000000000e+07
6.622402703593254834e+07,-1.510025960000000000e-09,9.025000000000000000e+01,6.307000000000000000e+07,6.970000000000000000e+07
6.612465433667568862e+07,-1.512295240000000136e-09,9.025499999999999545e+01,6.307000000000000000e+07,6.970000000000000000e+07
6.605502400674068183e+07,-1.513889390000000003e-09,9.026000000000000512e+01,6.307000000000000000e+07,6.970000000000000000e+07
6.594794138093248010e+07,-1.516347560000000133e-09,9.026500000000000057e+01,6.307000000000000000e+07,6.970000000000000000e+07
6.581091462041392177e+07,-1.519504790000000219e-09,9.026999999999999602e+01,6.307000000000000000e+07,6.970000000000000000e+07
6.571504750189208984e+07,-1.521721490000000014e-09,9.027500000000000568e+01,6.307000000000000000e+07,6.970000000000000000e+07
6.562857013268843293e+07,-1.523726630000000156e-09,9.028000000000000114e+01,6.307000000000000000e+07,6.970000000000000000e+07
6.550222059078025073e+07,-1.526665799999999966e-09,9.028499999999999659e+01,6.307000000000000000e+07,6.970000000000000000e+07
6.540240632326683402e+07,-1.528995730000000204e-09,9.029000000000000625e+01,6.307000000000000000e+07,6.970000000000000000e+07
6.533263736652500182e+07,-1.530628550000000279e-09,9.029500000000000171e+01,6.307000000000000000e+07,6.970000000000000000e+07
6.522955604933749884e+07,-1.533047380000000111e-09,9.029999999999999716e+01,6.307000000000000000e+07,6.970000000000000000e+07
6.512631173265288770e+07,-1.535477710000000300e-09,9.030500000000000682e+01,6.307000000000000000e+07,6.970000000000000000e+07
6.506795863523157686e+07,-1.536854730000000104e-09,9.031000000000000227e+01,6.307000000000000000e+07,6.970000000000000000e+07
6.499019181023238599e+07,-1.538693720000000016e-09,9.031499999999999773e+01,6.307000000000000000e+07,6.970000000000000000e+07
6.489030284570387751e+07,-1.541062310000000210e-09,9.032000000000000739e+01,6.307000000000000000e+07,6.970000000000000000e+07
6.482864072297937423e+07,-1.542528100000000064e-09,9.032500000000000284e+01,6.307000000000000000e+07,6.970000000000000000e+07
6.477064465361174196e+07,-1.543909290000000039e-09,9.032999999999999829e+01,6.307000000000000000e+07,6.970000000000000000e+07
6.467226373204284161e+07,-1.546257920000000034e-09,9.033500000000000796e+01,6.307000000000000000e+07,6.970000000000000000e+07
6.460839941367360204e+07,-1.547786370000000257e-09,9.034000000000000341e+01,6.307000000000000000e+07,6.970000000000000000e+07
6.458377824829068780e+07,-1.548376430000000209e-09,9.034499999999999886e+01,6.307000000000000000e+07,6.970000000000000000e+07
6.451820984858730435e+07,-1.549950010000000260e-09,9.035000000000000853e+01,6.307000000000000000e+07,6.970000000000000000e+07
6.444665221489159018e+07,-1.551670980000000104e-09,9.035500000000000398e+01,6.307000000000000000e+07,6.970000000000000000e+07
6.441080033601310849e+07,-1.552534660000000094e-09,9.035999999999999943e+01,6.307000000000000000e+07,6.970000000000000000e+07
6.435047471892178804e+07,-1.553990090000000119e-09,9.036499999999999488e+01,6.307000000000000000e+07,6.970000000000000000e+07
6.426616309586405009e+07,-1.556028790000000247e-09,9.037000000000000455e+01,6.307000000000000000e+07,6.970000000000000000e+07
6.422247281117530167e+07,-1.557087350000000031e-09,9.037500000000000000e+01,6.307000000000000000e+07,6.970000000000000000e+07
6.417828295727469772e+07,-1.558159480000000087e-09,9.037999999999999545e+01,6.307000000000000000e+07,6.970000000000000000e+07
6.411216695444267243e+07,-1.559766340000000117e-09,9.038500000000000512e+01,6.307000000000000000e+07,6.970000000000000000e+07
6.408966236053352803e+07,-1.560314039999999966e-09,9.039000000000000057e+01,6.307000000000000000e+07,6.970000000000000000e+07
6.407490797577735037e+07,-1.560673330000000099e-09,9.039499999999999602e+01,6.307000000000000000e+07,6.970000000000000000e+07
6.401090008331850171e+07,-1.562233930000000231e-09,9.040000000000000568e+01,6.307000000000000000e+07,6.970000000000000000e+07
6.395311142055606097e+07,-1.563645580000000031e-09,9.040500000000000114e+01,6.307000000000000000e+07,6.970000000000000000e+07
6.393650419733878225e+07,-1.564051730000000253e-09,9.040999999999999659e+01,6.307000000000000000e+07,6.970000000000000000e+07
6.388947835806213319e+07,-1.565202950000000044e-09,9.041500000000000625e+01,6.307000000000000000e+07,6.970000000000000000e+07
6.383568999805811048e+07,-1.566521800000000247e-09,9.042000000000000171e+01,6.307000000000000000e+07,6.970000000000000000e+07
6.381943938719706982e+07,-1.566920689999999975e-09,9.042499999999999716e+01,6.307000000000000000e+07,6.970000000000000000e+07
6.379006556738436967e+07,-1.567642220000000146e-09,9.043000000000000682e+01,6.307000000000000000e+07,6.970000000000000000e+07
6.374360222197193652e+07,-1.568784890000000106e-09,9.043500000000000227e+01,6.307000000000000000e+07,6.970000000000000000e+07
6.372691477377178520e+07,-1.569195689999999949e-09,9.043999999999999773e+01,6.307000000000000000e+07,6.970000000000000000e+07
6.374326863115346432e+07,-1.568793100000000076e-09,9.044500000000000739e+01,6.307000000000000000e+07,6.970000000000000000e+07
6.370957039241445065e+07,-1.569622890000000057e-09,9.045000000000000284e+01,6.307000000000000000e+07,6.970000000000000000e+07
6.368318299145472795e+07,-1.570273270000000088e-09,9.045499999999999829e+01,6.307000000000000000e+07,6.970000000000000000e+07
6.370427882593294233e+07,-1.569753270000000176e-09,9.046000000000000796e+01,6.307000000000000000e+07,6.970000000000000000e+07
6.368945591951170564e+07,-1.570118610000000169e-09,9.046500000000000341e+01,6.307000000000000000e+07,6.970000000000000000e+07
6.364587597540726513e+07,-1.571193710000000014e-09,9.046999999999999886e+01,6.307000000000000000e+07,6.970000000000000000e+07
6.364295629449171573e+07,-1.571265790000000161e-09,9.047500000000000853e+01,6.307000000000000000e+07,6.970000000000000000e+07
6.362540699423155189e+07,-1.571699180000000132e-09,9.048000000000000398e+01,6.307000000000000000e+07,6.970000000000000000e+07
6.355771356591409445e+07,-1.573373150000000297e-09,9.048499999999999943e+01,6.307000000000000000e+07,6.970000000000000000e+07
6.351705937051964551e+07,-1.574380190000000118e-09,9.048999999999999488e+01,6.307000000000000000e+07,6.970000000000000000e+07
6.351052711120868474e+07,-1.574542120000000162e-09,9.049500000000000455e+01,6.307000000000000000e+07,6.970000000000000000e+07
6.347840213384933770e+07,-1.575338960000000186e-09,9.050000000000000000e+01,6.307000000000000000e+07,6.970000000000000000e+07
6.344575493907120079e+07,-1.576149580000000177e-09,9.050499999999999545e+01,6.307000000000000000e+07,6.970000000000000000e+07
6.342731889849758148e+07,-1.576607710000000136e-09,9.051000000000000512e+01,6.307000000000000000e+07,6.970000000000000000e+07
6.337948020751684159e+07,-1.577797730000000094e-09,9.051500000000000057e+01,6.307000000000000000e+07,6.970000000000000000e+07
6.332057408990620822e+07,-1.579265530000000216e-09,9.051999999999999602e+01,6.307000000000000000e+07,6.970000000000000000e+07
6.333310303305966407e+07,-1.578953110000000218e-09,9.052500000000000568e+01,6.307000000000000000e+07,6.970000000000000000e+07
6.336083415298492461e+07,-1.578262050000000123e-09,9.053000000000000114e+01,6.307000000000000000e+07,6.970000000000000000e+07
6.336538060691500455e+07,-1.578148810000000256e-09,9.053499999999999659e+01,6.307000000000000000e+07,6.970000000000000000e+07
6.339368615114718676e+07,-1.577444160000000006e-09,9.054000000000000625e+01,6.307000000000000000e+07,6.970000000000000000e+07
6.343660459430854768e+07,-1.576376930000000065e-09,9.054500000000000171e+01,6.307000000000000000e+07,6.970000000000000000e+07
6.342804626971953362e+07,-1.576589630000000039e-09,9.054999999999999716e+01,6.307000000000000000e+07,6.970000000000000000e+07
6.341904984463346750e+07,-1.576813280000000194e-09,9.055500000000000682e+01,6.307000000000000000e+07,6.970000000000000000e+07
6.345035666619313508e+07,-1.576035270000000093e-09,9.056000000000000227e+01,6.307000000000000000e+07,6.970000000000000000e+07
6.344704348419895023e+07,-1.576117570000000272e-09,9.056499999999999773e+01,6.307000000000000000e+07,6.970000000000000000e+07
6.342058064560399950e+07,-1.576775220000000222e-09,9.057000000000000739e+01,6.307000000000000000e+07,6.970000000000000000e+07
6.344415529982147366e+07,-1.576189319999999983e-09,9.057500000000000284e+01,6.307000000000000000e+07,6.970000000000000000e+07
6.347790368768089265e+07,-1.575351330000000076e-09,9.057999999999999829e+01,6.307000000000000000e+07,6.970000000000000000e+07
6.348156706685996801e+07,-1.575260420000000007e-09,9.058500000000000796e+01,6.307000000000000000e+07,6.970000000000000000e+07
6.351886320951110125e+07,-1.574335480000000094e-09,9.059000000000000341e+01,6.307000000000000000e+07,6.970000000000000000e+07
6.357601370078353584e+07,-1.572920260000000106e-09,9.059499999999999886e+01,6.307000000000000000e+07,6.970000000000000000e+07
6.359885262836346030e+07,-1.572355409999999960e-09,9.060000000000000853e+01,6.307000000000000000e+07,6.970000000000000000e+07
6.361582919852178544e+07,-1.571935810000000207e-09,9.060500000000000398e+01,6.307000000000000000e+07,6.970000000000000000e+07
6.365631578263565898e+07,-1.570936030000000053e-09,9.060999999999999943e+01,6.307000000000000000e+07,6.970000000000000000e+07
6.365359651668169349e+07,-1.571003139999999981e-09,9.061499999999999488e+01,6.307000000000000000e+07,6.970000000000000000e+07
6.362437553152598441e+07,-1.571724660000000107e-09,9.062000000000000455e+01,6.307000000000000000e+07,6.970000000000000000e+07
6.362867648242503405e+07,-1.571618420000000197e-09,9.062500000000000000e+01,6.307000000000000000e+07,6.970000000000000000e+07
6.362282920974478126e+07,-1.571762860000000083e-09,9.062999999999999545e+01,6.307000000000000000e+07,6.970000000000000000e+07
6.356805658116434515e+07,-1.573117150000000169e-09,9.063500000000000512e+01,6.307000000000000000e+07,6.970000000000000000e+07
6.353119669236259907e+07,-1.574029850000000151e-09,9.064000000000000057e+01,6.307000000000000000e+07,6.970000000000000000e+07
6.351033470968908072e+07,-1.574546890000000111e-09,9.064499999999999602e+01,6.307000000000000000e+07,6.970000000000000000e+07
6.345594235520054400e+07,-1.575896540000000207e-09,9.065000000000000568e+01,6.307000000000000000e+07,6.970000000000000000e+07
6.340250775178080052e+07,-1.577224680000000229e-09,9.065500000000000114e+01,6.307000000000000000e+07,6.970000000000000000e+07
6.338953544630306214e+07,-1.577547450000000011e-09,9.065999999999999659e+01,6.307000000000000000e+07,6.970000000000000000e+07
6.336074783930345625e+07,-1.578264200000000188e-09,9.066500000000000625e+01,6.307000000000000000e+07,6.970000000000000000e+07
6.331333858002527803e+07,-1.579446010000000176e-09,9.067000000000000171e+01,6.307000000000000000e+07,6.970000000000000000e+07
6.330720685001197457e+07,-1.579598990000000055e-09,9.067499999999999716e+01,6.307000000000000000e+07,6.970000000000000000e+07
6.329719093269765377e+07,-1.579848940000000116e-09,9.068000000000000682e+01,6.307000000000000000e+07,6.970000000000000000e+07
6.325886840942065418e+07,-1.580806020000000100e-09,9.068500000000000227e+01,6.307000000000000000e+07,6.970000000000000000e+07
6.325115730326261371e+07,-1.580998740000000198e-09,9.068999999999999773e+01,6.307000000000000000e+07,6.970000000000000000e+07
6.325915373080758750e+07,-1.580798890000000184e-09,9.069500000000000739e+01,6.307000000000000000e+07,6.970000000000000000e+07
6.323132560806720704e+07,-1.581494600000000107e-09,9.070000000000000284e+01,6.307000000000000000e+07,6.970000000000000000e+07
6.321628955326287448e+07,-1.581870760000000116e-09,9.070499999999999829e+01,6.307000000000000000e+07,6.970000000000000000e+07
6.325074283253651112e+07,-1.581009100000000026e-09,9.071000000000000796e+01,6.307000000000000000e+07,6.970000000000000000e+07
6.326340544444234669e+07,-1.580692650000000067e-09,9.071500000000000341e+01,6.307000000000000000e+07,6.970000000000000000e+07
6.324214898997797072e+07,-1.581223940000000227e-09,9.071999999999999886e+01,6.307000000000000000e+07,6.970000000000000000e+07
6.326955311056975275e+07,-1.580539060000000159e-09,9.072500000000000853e+01,6.307000000000000000e+07,6.970000000000000000e+07
6.328263773880605400e+07,-1.580212260000000002e-09,9.073000000000000398e+01,6.307000000000000000e+07,6.970000000000000000e+07
6.325672117844133079e+07,-1.580859680000000289e-09,9.073499999999999943e+01,6.307000000000000000e+07,6.970000000000000000e+07
6.326748560985784978e+07,-1.580590710000000080e-09,9.073999999999999488e+01,6.307000000000000000e+07,6.970000000000000000e+07
6.329384485207677633e+07,-1.579932460000000146e-09,9.074500000000000455e+01,6.307000000000000000e+07,6.970000000000000000e+07
6.326821532410838455e+07,-1.580572480000000141e-09,9.075000000000000000e+01,6.307000000000000000e+07,6.970000000000000000e+07
6.324847254148206115e+07,-1.581065850000000125e-09,9.075499999999999545e+01,6.307000000000000000e+07,6.970000000000000000e+07
6.327714457885972410e+07,-1.580349440000000015e-09,9.076000000000000512e+01,6.307000000000000000e+07,6.970000000000000000e+07
6.327606792237897217e+07,-1.580376330000000067e-09,9.076500000000000057e+01,6.307000000000000000e+07,6.970000000000000000e+07
6.324109752066249400e+07,-1.581250230000000088e-09,9.076999999999999602e+01,6.307000000000000000e+07,6.970000000000000000e+07
6.323105932903271168e+07,-1.581501260000000203e-09,9.077500000000000568e+01,6.307000000000000000e+07,6.970000000000000000e+07
6.319586227872348577e+07,-1.582382080000000032e-09,9.078000000000000114e+01,6.307000000000000000e+07,6.970000000000000000e+07
6.311550317591531575e+07,-1.584396780000000161e-09,9.078499999999999659e+01,6.307000000000000000e+07,6.970000000000000000e+07
6.305701691768687963e+07,-1.585866330000000014e-09,9.079000000000000625e+01,6.307000000000000000e+07,6.970000000000000000e+07
6.301057111338715255e+07,-1.587035290000000041e-09,9.079500000000000171e+01,6.307000000000000000e+07,6.970000000000000000e+07
6.292297096369795501e+07,-1.589244730000000168e-09,9.079999999999999716e+01,6.307000000000000000e+07,6.970000000000000000e+07
6.284429996009197831e+07,-1.591234210000000240e-09,9.080500000000000682e+01,6.307000000000000000e+07,6.970000000000000000e+07
6.279290851050624996e+07,-1.592536519999999969e-09,9.081000000000000227e+01,6.307000000000000000e+07,6.970000000000000000e+07
6.271771750055997074e+07,-1.594445780000000237e-09,9.081499999999999773e+01,6.307000000000000000e+07,6.970000000000000000e+07
6.265380451726035774e+07,-1.596072270000000238e-09,9.082000000000000739e+01,6.307000000000000000e+07,6.970000000000000000e+07
6.261924661406775564e+07,-1.596953099999999904e-09,9.082500000000000284e+01,6.307000000000000000e+07,6.970000000000000000e+07
6.257212923982959986e+07,-1.598155620000000124e-09,9.082999999999999829e+01,6.307000000000000000e+07,6.970000000000000000e+07
6.249486292226778716e+07,-1.600131520000000086e-09,9.083500000000000796e+01,6.307000000000000000e+07,6.970000000000000000e+07
6.245879086089231074e+07,-1.601055650000000113e-09,9.084000000000000341e+01,6.307000000000000000e+07,6.970000000000000000e+07
6.243975968085390329e+07,-1.601543640000000119e-09,9.084499999999999886e+01,6.307000000000000000e+07,6.970000000000000000e+07
6.239018936732666194e+07,-1.602816100000000259e-09,9.085000000000000853e+01,6.307000000000000000e+07,6.970000000000000000e+07
6.234282011300321668e+07,-1.604033950000000113e-09,9.085500000000000398e+01,6.307000000000000000e+07,6.970000000000000000e+07
6.231709543009421229e+07,-1.604696100000000050e-09,9.085999999999999943e+01,6.307000000000000000e+07,6.970000000000000000e+07
6.225792833393991739e+07,-1.606221130000000134e-09,9.086499999999999488e+01,6.307000000000000000e+07,6.970000000000000000e+07
6.218172981140492857e+07,-1.608189420000000111e-09,9.087000000000000455e+01,6.307000000000000000e+07,6.970000000000000000e+07
6.213698679097528011e+07,-1.609347429999999956e-09,9.087500000000000000e+01,6.307000000000000000e+07,6.970000000000000000e+07
6.208115975552811474e+07,-1.610794650000000218e-09,9.087999999999999545e+01,6.307000000000000000e+07,6.970000000000000000e+07
6.199505838629504293e+07,-1.613031790000000076e-09,9.088500000000000512e+01,6.307000000000000000e+07,6.970000000000000000e+07
6.194010250863980502e+07,-1.614462940000000096e-09,9.089000000000000057e+01,6.307000000000000000e+07,6.970000000000000000e+07
6.190154438039271533e+07,-1.615468580000000091e-09,9.089499999999999602e+01,6.307000000000000000e+07,6.970000000000000000e+07
6.181818100892563164e+07,-1.617647080000000116e-09,9.090000000000000568e+01,6.307000000000000000e+07,6.970000000000000000e+07
6.174773544348233938e+07,-1.619492589999999914e-09,9.090500000000000114e+01,6.307000000000000000e+07,6.970000000000000000e+07
6.171062278329657763e+07,-1.620466550000000026e-09,9.090999999999999659e+01,6.307000000000000000e+07,6.970000000000000000e+07
6.166007607805167139e+07,-1.621794949999999966e-09,9.091500000000000625e+01,6.307000000000000000e+07,6.970000000000000000e+07
6.159763582853098214e+07,-1.623438930000000124e-09,9.092000000000000171e+01,6.307000000000000000e+07,6.970000000000000000e+07
6.158114276533065736e+07,-1.623873729999999967e-09,9.092499999999999716e+01,6.307000000000000000e+07,6.970000000000000000e+07
6.157102067309205979e+07,-1.624140690000000114e-09,9.093000000000000682e+01,6.307000000000000000e+07,6.970000000000000000e+07
6.153440784100960940e+07,-1.625107050000000079e-09,9.093500000000000227e+01,6.307000000000000000e+07,6.970000000000000000e+07
6.152439535793022811e+07,-1.625371520000000094e-09,9.093999999999999773e+01,6.307000000000000000e+07,6.970000000000000000e+07
6.151053386345572025e+07,-1.625737800000000139e-09,9.094500000000000739e+01,6.307000000000000000e+07,6.970000000000000000e+07
6.145740357244266570e+07,-1.627143260000000075e-09,9.095000000000000284e+01,6.307000000000000000e+07,6.970000000000000000e+07
6.142033719003505260e+07,-1.628125220000000049e-09,9.095499999999999829e+01,6.307000000000000000e+07,6.970000000000000000e+07
6.142798114077436179e+07,-1.627922620000000193e-09,9.096000000000000796e+01,6.307000000000000000e+07,6.970000000000000000e+07
6.140195611036071181e+07,-1.628612610000000071e-09,9.096500000000000341e+01,6.307000000000000000e+07,6.970000000000000000e+07
6.135050887455663830e+07,-1.629978329999999995e-09,9.096999999999999886e+01,6.307000000000000000e+07,6.970000000000000000e+07
6.133935173788277060e+07,-1.630274810000000123e-09,9.097500000000000853e+01,6.307000000000000000e+07,6.970000000000000000e+07
6.131669320913024247e+07,-1.630877250000000010e-09,9.098000000000000398e+01,6.307000000000000000e+07,6.970000000000000000e+07
6.125105838000689447e+07,-1.632624850000000195e-09,9.098499999999999943e+01,6.307000000000000000e+07,6.970000000000000000e+07
6.121550286038006842e+07,-1.633573120000000225e-09,9.098999999999999488e+01,6.307000000000000000e+07,6.970000000000000000e+07
6.118934001661253721e+07,-1.634271590000000034e-09,9.099500000000000455e+01,6.307000000000000000e+07,6.970000000000000000e+07
6.112636414255106449e+07,-1.635955309999999998e-09,9.100000000000000000e+01,6.307000000000000000e+07,6.970000000000000000e+07
6.109015006245551258e+07,-1.636925100000000146e-09,9.100499999999999545e+01,6.307000000000000000e+07,6.970000000000000000e+07
6.112409808031456918e+07,-1.636015960000000100e-09,9.101000000000000512e+01,6.307000000000000000e+07,6.970000000000000000e+07
6.114659689318177104e+07,-1.635413990000000032e-09,9.101500000000000057e+01,6.307000000000000000e+07,6.970000000000000000e+07
6.116367275891303271e+07,-1.634957409999999947e-09,9.101999999999999602e+01,6.307000000000000000e+07,6.970000000000000000e+07
6.122483028094390780e+07,-1.633324250000000219e-09,9.102500000000000568e+01,6.307000000000000000e+07,6.970000000000000000e+07
6.128390742075435817e+07,-1.631749740000000160e-09,9.103000000000000114e+01,6.307000000000000000e+07,6.970000000000000000e+07
6.131808885522089899e+07,-1.630840130000000088e-09,9.103499999999999659e+01,6.307000000000000000e+07,6.970000000000000000e+07
6.136821817059426755e+07,-1.629507960000000105e-09,9.104000000000000625e+01,6.307000000000000000e+07,6.970000000000000000e+07
6.143037394493102282e+07,-1.627859210000000204e-09,9.104500000000000171e+01,6.307000000000000000e+07,6.970000000000000000e+07
6.148020667801078409e+07,-1.626539750000000179e-09,9.104999999999999716e+01,6.307000000000000000e+07,6.970000000000000000e+07
6.153093015261085331e+07,-1.625198900000000200e-09,9.105500000000000682e+01,6.307000000000000000e+07,6.970000000000000000e+07
6.159946016697087884e+07,-1.623390850000000183e-09,9.106000000000000227e+01,6.307000000000000000e+07,6.970000000000000000e+07
6.163007644859691709e+07,-1.622584390000000112e-09,9.106499999999999773e+01,6.307000000000000000e+07,6.970000000000000000e+07
6.165374911701042205e+07,-1.621961379999999996e-09,9.107000000000000739e+01,6.307000000000000000e+07,6.970000000000000000e+07
6.171858790191499889e+07,-1.620257420000000032e-09,9.107500000000000284e+01,6.307000000000000000e+07,6.970000000000000000e+07
6.176103729490263015e+07,-1.619143790000000189e-09,9.107999999999999829e+01,6.307000000000000000e+07,6.970000000000000000e+07
6.176523115931145847e+07,-1.619033850000000133e-09,9.108500000000000796e+01,6.307000000000000000e+07,6.970000000000000000e+07
6.179344983252430707e+07,-1.618294499999999989e-09,9.109000000000000341e+01,6.307000000000000000e+07,6.970000000000000000e+07
6.182220567942427099e+07,-1.617541770000000212e-09,9.109499999999999886e+01,6.307000000000000000e+07,6.970000000000000000e+07
6.182450086669294536e+07,-1.617481720000000095e-09,9.110000000000000853e+01,6.307000000000000000e+07,6.970000000000000000e+07
6.184537558965622634e+07,-1.616935770000000184e-09,9.110500000000000398e+01,6.307000000000000000e+07,6.970000000000000000e+07
6.188208150307021290e+07,-1.615976670000000093e-09,9.110999999999999943e+01,6.307000000000000000e+07,6.970000000000000000e+07
6.187560859301722050e+07,-1.616145720000000008e-09,9.111499999999999488e+01,6.307000000000000000e+07,6.970000000000000000e+07
6.185603843348246068e+07,-1.616657040000000130e-09,9.112000000000000455e+01,6.307000000000000000e+07,6.970000000000000000e+07
6.187213319337856770e+07,-1.616236500000000119e-09,9.112500000000000000e+01,6.307000000000000000e+07,6.970000000000000000e+07
6.187305732521436363e+07,-1.616212360000000117e-09,9.112999999999999545e+01,6.307000000000000000e+07,6.970000000000000000e+07
6.185008510417085141e+07,-1.616812650000000145e-09,9.113500000000000512e+01,6.307000000000000000e+07,6.970000000000000000e+07
6.186593525623466820e+07,-1.616398419999999912e-09,9.114000000000000057e+01,6.307000000000000000e+07,6.970000000000000000e+07
6.188497857374952734e+07,-1.615901019999999967e-09,9.114499999999999602e+01,6.307000000000000000e+07,6.970000000000000000e+07
6.186187389241727442e+07,-1.616504540000000115e-09,9.115000000000000568e+01,6.307000000000000000e+07,6.970000000000000000e+07
6.185239269146437943e+07,-1.616752330000000066e-09,9.115500000000000114e+01,6.307000000000000000e+07,6.970000000000000000e+07
6.187517098816782981e+07,-1.616157150000000054e-09,9.115999999999999659e+01,6.307000000000000000e+07,6.970000000000000000e+07
6.188487823444719613e+07,-1.615903640000000057e-09,9.116500000000000625e+01,6.307000000000000000e+07,6.970000000000000000e+07
6.188554767991824448e+07,-1.615886160000000151e-09,9.117000000000000171e+01,6.307000000000000000e+07,6.970000000000000000e+07
6.190968266322477907e+07,-1.615256220000000184e-09,9.117499999999999716e+01,6.307000000000000000e+07,6.970000000000000000e+07
6.190987852037445456e+07,-1.615251110000000168e-09,9.118000000000000682e+01,6.307000000000000000e+07,6.970000000000000000e+07
6.189086622642043233e+07,-1.615747300000000100e-09,9.118500000000000227e+01,6.307000000000000000e+07,6.970000000000000000e+07
6.191509544574166089e+07,-1.615115010000000210e-09,9.118999999999999773e+01,6.307000000000000000e+07,6.970000000000000000e+07
6.194256607226146758e+07,-1.614398730000000059e-09,9.119500000000000739e+01,6.307000000000000000e+07,6.970000000000000000e+07
6.193240767629154027e+07,-1.614663530000000097e-09,9.120000000000000284e+01,6.307000000000000000e+07,6.970000000000000000e+07
6.194545614623776823e+07,-1.614323409999999954e-09,9.120499999999999829e+01,6.307000000000000000e+07,6.970000000000000000e+07
6.197658258210742474e+07,-1.613512650000000167e-09,9.121000000000000796e+01,6.307000000000000000e+07,6.970000000000000000e+07
6.197162873146747053e+07,-1.613641630000000047e-09,9.121500000000000341e+01,6.307000000000000000e+07,6.970000000000000000e+07
6.196001767149272561e+07,-1.613944020000000032e-09,9.121999999999999886e+01,6.307000000000000000e+07,6.970000000000000000e+07
6.199963043260291964e+07,-1.612912840000000002e-09,9.122500000000000853e+01,6.307000000000000000e+07,6.970000000000000000e+07
6.201435973506845534e+07,-1.612529750000000141e-09,9.123000000000000398e+01,6.307000000000000000e+07,6.970000000000000000e+07
6.199338886382875592e+07,-1.613075230000000027e-09,9.123499999999999943e+01,6.307000000000000000e+07,6.970000000000000000e+07
6.200295986009602994e+07,-1.612826230000000062e-09,9.123999999999999488e+01,6.307000000000000000e+07,6.970000000000000000e+07
6.201300989538498223e+07,-1.612564850000000163e-09,9.124500000000000455e+01,6.307000000000000000e+07,6.970000000000000000e+07
6.198636278943268955e+07,-1.613258070000000160e-09,9.125000000000000000e+01,6.307000000000000000e+07,6.970000000000000000e+07
6.198905521241169423e+07,-1.613188000000000075e-09,9.125499999999999545e+01,6.307000000000000000e+07,6.970000000000000000e+07
6.202900292570957541e+07,-1.612149080000000100e-09,9.126000000000000512e+01,6.307000000000000000e+07,6.970000000000000000e+07
6.204528368825459480e+07,-1.611726049999999957e-09,9.126500000000000057e+01,6.307000000000000000e+07,6.970000000000000000e+07
6.204864651115661860e+07,-1.611638700000000236e-09,9.126999999999999602e+01,6.307000000000000000e+07,6.970000000000000000e+07
6.208682305774474144e+07,-1.610647720000000199e-09,9.127500000000000568e+01,6.307000000000000000e+07,6.970000000000000000e+07
6.211219706282103062e+07,-1.609989740000000227e-09,9.128000000000000114e+01,6.307000000000000000e+07,6.970000000000000000e+07
6.211944077594636381e+07,-1.609801999999999980e-09,9.128499999999999659e+01,6.307000000000000000e+07,6.970000000000000000e+07
6.216463152614014596e+07,-1.608631750000000203e-09,9.129000000000000625e+01,6.307000000000000000e+07,6.970000000000000000e+07
6.221474694064582139e+07,-1.607335959999999947e-09,9.129500000000000171e+01,6.307000000000000000e+07,6.970000000000000000e+07
6.222735744501141459e+07,-1.607010230000000007e-09,9.129999999999999716e+01,6.307000000000000000e+07,6.970000000000000000e+07
6.225233569674117863e+07,-1.606365430000000225e-09,9.130500000000000682e+01,6.307000000000000000e+07,6.970000000000000000e+07
6.229818697012861818e+07,-1.605183150000000004e-09,9.131000000000000227e+01,6.307000000000000000e+07,6.970000000000000000e+07
6.229116497621940821e+07,-1.605364100000000197e-09,9.131499999999999773e+01,6.307000000000000000e+07,6.970000000000000000e+07
6.227480961781127006e+07,-1.605785720000000263e-09,9.132000000000000739e+01,6.307000000000000000e+07,6.970000000000000000e+07
6.229736497159834206e+07,-1.605204330000000263e-09,9.132500000000000284e+01,6.307000000000000000e+07,6.970000000000000000e+07
6.228472607980943471e+07,-1.605530059999999995e-09,9.132999999999999829e+01,6.307000000000000000e+07,6.970000000000000000e+07
6.222626123204238713e+07,-1.607038540000000181e-09,9.133500000000000796e+01,6.307000000000000000e+07,6.970000000000000000e+07
6.220630730526674539e+07,-1.607554030000000061e-09,9.134000000000000341e+01,6.307000000000000000e+07,6.970000000000000000e+07
6.220921623815319687e+07,-1.607478860000000211e-09,9.134499999999999886e+01,6.307000000000000000e+07,6.970000000000000000e+07
6.216802546387402713e+07,-1.608543930000000043e-09,9.135000000000000853e+01,6.307000000000000000e+07,6.970000000000000000e+07
6.214014679826715589e+07,-1.609265589999999966e-09,9.135500000000000398e+01,6.307000000000000000e+07,6.970000000000000000e+07
6.213095610022975504e+07,-1.609503640000000162e-09,9.135999999999999943e+01,6.307000000000000000e+07,6.970000000000000000e+07
6.208308530882072449e+07,-1.610744690000000174e-09,9.136499999999999488e+01,6.307000000000000000e+07,6.970000000000000000e+07
6.203688226650409400e+07,-1.611944320000000135e-09,9.137000000000000455e+01,6.307000000000000000e+07,6.970000000000000000e+07
6.202910911957421154e+07,-1.612146320000000006e-09,9.137500000000000000e+01,6.307000000000000000e+07,6.970000000000000000e+07
6.200112192270141840e+07,-1.612874040000000041e-09,9.137999999999999545e+01,6.307000000000000000e+07,6.970000000000000000e+07
6.195218624432986230e+07,-1.614148040000000010e-09,9.138500000000000512e+01,6.307000000000000000e+07,6.970000000000000000e+07
6.193977716867852211e+07,-1.614471420000000235e-09,9.139000000000000057e+01,6.307000000000000000e+07,6.970000000000000000e+07
6.192527155470082164e+07,-1.614849600000000143e-09,9.139499999999999602e+01,6.307000000000000000e+07,6.970000000000000000e+07
6.186965187901968509e+07,-1.616301320000000185e-09,9.140000000000000568e+01,6.307000000000000000e+07,6.970000000000000000e+07
6.183491180446337163e+07,-1.617209390000000014e-09,9.140500000000000114e+01,6.307000000000000000e+07,6.970000000000000000e+07
6.182330566631183028e+07,-1.617512990000000220e-09,9.140999999999999659e+01,6.307000000000000000e+07,6.970000000000000000e+07
6.178023439878103882e+07,-1.618640670000000199e-09,9.141500000000000625e+01,6.307000000000000000e+07,6.970000000000000000e+07
6.173583118070264906e+07,-1.619804870000000115e-09,9.142000000000000171e+01,6.307000000000000000e+07,6.970000000000000000e+07
6.174199811973388493e+07,-1.619643080000000075e-09,9.142499999999999716e+01,6.307000000000000000e+07,6.970000000000000000e+07
6.171575514172933251e+07,-1.620331790000000247e-09,9.143000000000000682e+01,6.307000000000000000e+07,6.970000000000000000e+07
6.164164586029962450e+07,-1.622279850000000062e-09,9.143500000000000227e+01,6.307000000000000000e+07,6.970000000000000000e+07
6.159112289609344304e+07,-1.623610599999999923e-09,9.143999999999999773e+01,6.307000000000000000e+07,6.970000000000000000e+07
6.152765614614707977e+07,-1.625285380000000181e-09,9.144500000000000739e+01,6.307000000000000000e+07,6.970000000000000000e+07
6.141968267557796836e+07,-1.628142570000000203e-09,9.145000000000000284e+01,6.307000000000000000e+07,6.970000000000000000e+07
6.132841379693795741e+07,-1.630565570000000000e-09,9.145499999999999829e+01,6.307000000000000000e+07,6.970000000000000000e+07
6.126579481968909502e+07,-1.632232150000000125e-09,9.146000000000000796e+01,6.307000000000000000e+07,6.970000000000000000e+07
6.118089179299083352e+07,-1.634497260000000089e-09,9.146500000000000341e+01,6.307000000000000000e+07,6.970000000000000000e+07
6.109666796063300222e+07,-1.636750469999999983e-09,9.146999999999999886e+01,6.307000000000000000e+07,6.970000000000000000e+07
6.105431472429569066e+07,-1.637885880000000069e-09,9.147500000000000853e+01,6.307000000000000000e+07,6.970000000000000000e+07
6.099017822708456218e+07,-1.639608259999999990e-09,9.148000000000000398e+01,6.307000000000000000e+07,6.970000000000000000e+07
6.090068409007630497e+07,-1.642017680000000090e-09,9.148499999999999943e+01,6.307000000000000000e+07,6.970000000000000000e+07
6.085335980892629176e+07,-1.643294640000000010e-09,9.148999999999999488e+01,6.307000000000000000e+07,6.970000000000000000e+07
6.081551846613045782e+07,-1.644317150000000089e-09,9.149500000000000455e+01,6.307000000000000000e+07,6.970000000000000000e+07
6.074746967045895010e+07,-1.646159100000000158e-09,9.150000000000000000e+01,6.307000000000000000e+07,6.970000000000000000e+07
6.070360909847789258e+07,-1.647348510000000087e-09,9.150499999999999545e+01,6.307000000000000000e+07,6.970000000000000000e+07
6.068963206849868596e+07,-1.647727900000000216e-09,9.151000000000000512e+01,6.307000000000000000e+07,6.970000000000000000e+07
6.066272179413348436e+07,-1.648458840000000119e-09,9.151500000000000057e+01,6.307000000000000000e+07,6.970000000000000000e+07
6.064763069750906527e+07,-1.648869030000000140e-09,9.151999999999999602e+01,6.307000000000000000e+07,6.970000000000000000e+07
6.067900375585436821e+07,-1.648016510000000027e-09,9.152500000000000568e+01,6.307000000000000000e+07,6.970000000000000000e+07
6.069067002087005973e+07,-1.647699720000000208e-09,9.153000000000000114e+01,6.307000000000000000e+07,6.970000000000000000e+07
6.068287114548167586e+07,-1.647911480000000130e-09,9.153499999999999659e+01,6.307000000000000000e+07,6.970000000000000000e+07
6.071397325415907055e+07,-1.647067300000000153e-09,9.154000000000000625e+01,6.307000000000000000e+07,6.970000000000000000e+07
6.074425636632305384e+07,-1.646246179999999916e-09,9.154500000000000171e+01,6.307000000000000000e+07,6.970000000000000000e+07
6.073978789994060248e+07,-1.646367290000000100e-09,9.154999999999999716e+01,6.307000000000000000e+07,6.970000000000000000e+07
6.075467907021233439e+07,-1.645963760000000176e-09,9.155500000000000682e+01,6.307000000000000000e+07,6.970000000000000000e+07
6.079160505868101120e+07,-1.644963970000000184e-09,9.156000000000000227e+01,6.307000000000000000e+07,6.970000000000000000e+07
6.077106288121041656e+07,-1.645520010000000169e-09,9.156499999999999773e+01,6.307000000000000000e+07,6.970000000000000000e+07
6.074551205323080719e+07,-1.646212150000000112e-09,9.157000000000000739e+01,6.307000000000000000e+07,6.970000000000000000e+07
6.074301844195093215e+07,-1.646279730000000065e-09,9.157500000000000284e+01,6.307000000000000000e+07,6.970000000000000000e+07
6.071283313806972653e+07,-1.647098230000000210e-09,9.157999999999999829e+01,6.307000000000000000e+07,6.970000000000000000e+07
6.065897066894918680e+07,-1.648560780000000106e-09,9.158500000000000796e+01,6.307000000000000000e+07,6.970000000000000000e+07
6.063961562924725562e+07,-1.649086970000000088e-09,9.159000000000000341e+01,6.307000000000000000e+07,6.970000000000000000e+07
6.061688053554868698e+07,-1.649705480000000010e-09,9.159499999999999886e+01,6.307000000000000000e+07,6.970000000000000000e+07
6.056925872445963323e+07,-1.651002539999999927e-09,9.160000000000000853e+01,6.307000000000000000e+07,6.970000000000000000e+07
6.054346306840881705e+07,-1.651705980000000163e-09,9.160500000000000398e+01,6.307000000000000000e+07,6.970000000000000000e+07
6.053135574165786058e+07,-1.652036350000000092e-09,9.160999999999999943e+01,6.307000000000000000e+07,6.970000000000000000e+07
6.048746192299149930e+07,-1.653235180000000212e-09,9.161499999999999488e+01,6.307000000000000000e+07,6.970000000000000000e+07
6.043088684749726951e+07,-1.654782930000000177e-09,9.162000000000000455e+01,6.307000000000000000e+07,6.970000000000000000e+07
6.040404604663250595e+07,-1.655518240000000108e-09,9.162500000000000000e+01,6.307000000000000000e+07,6.970000000000000000e+07
6.035641476908915490e+07,-1.656824720000000008e-09,9.162999999999999545e+01,6.307000000000000000e+07,6.970000000000000000e+07
6.028586484018823504e+07,-1.658763630000000007e-09,9.163500000000000512e+01,6.307000000000000000e+07,6.970000000000000000e+07
6.026796608258689940e+07,-1.659256260000000210e-09,9.164000000000000057e+01,6.307000000000000000e+07,6.970000000000000000e+07
6.026097884981255233e+07,-1.659448650000000286e-09,9.164499999999999602e+01,6.307000000000000000e+07,6.970000000000000000e+07
6.020730289537882805e+07,-1.660928080000000103e-09,9.165000000000000568e+01,6.307000000000000000e+07,6.970000000000000000e+07
6.017236627042100579e+07,-1.661892430000000006e-09,9.165500000000000114e+01,6.307000000000000000e+07,6.970000000000000000e+07
6.015413860383363813e+07,-1.662396009999999977e-09,9.165999999999999659e+01,6.307000000000000000e+07,6.970000000000000000e+07
6.009348069745118916e+07,-1.664074019999999941e-09,9.166500000000000625e+01,6.307000000000000000e+07,6.970000000000000000e+07
6.003860950892577320e+07,-1.665594870000000223e-09,9.167000000000000171e+01,6.307000000000000000e+07,6.970000000000000000e+07
6.003500761363966018e+07,-1.665694800000000149e-09,9.167499999999999716e+01,6.307000000000000000e+07,6.970000000000000000e+07
6.003015350628712773e+07,-1.665829490000000029e-09,9.168000000000000682e+01,6.307000000000000000e+07,6.970000000000000000e+07
6.001520833391348273e+07,-1.666244320000000040e-09,9.168500000000000227e+01,6.307000000000000000e+07,6.970000000000000000e+07
6.003336450285629183e+07,-1.665740390000000164e-09,9.168999999999999773e+01,6.307000000000000000e+07,6.970000000000000000e+07
6.004884733535341918e+07,-1.665310899999999988e-09,9.169500000000000739e+01,6.307000000000000000e+07,6.970000000000000000e+07
6.002265206870951504e+07,-1.666037680000000178e-09,9.170000000000000284e+01,6.307000000000000000e+07,6.970000000000000000e+07
6.002183822557631880e+07,-1.666060270000000100e-09,9.170499999999999829e+01,6.307000000000000000e+07,6.970000000000000000e+07
6.005791709257990122e+07,-1.665059410000000098e-09,9.171000000000000796e+01,6.307000000000000000e+07,6.970000000000000000e+07
6.006510949752334505e+07,-1.664860030000000111e-09,9.171500000000000341e+01,6.307000000000000000e+07,6.970000000000000000e+07
6.006182223424392939e+07,-1.664951150000000082e-09,9.171999999999999886e+01,6.307000000000000000e+07,6.970000000000000000e+07
6.008279300727374852e+07,-1.664370030000000043e-09,9.172500000000000853e+01,6.307000000000000000e+07,6.970000000000000000e+07
6.007412353866240382e+07,-1.664610220000000053e-09,9.173000000000000398e+01,6.307000000000000000e+07,6.970000000000000000e+07
6.004843482733799517e+07,-1.665322340000000078e-09,9.173499999999999943e+01,6.307000000000000000e+07,6.970000000000000000e+07
6.006312237745262682e+07,-1.664915110000000008e-09,9.173999999999999488e+01,6.307000000000000000e+07,6.970000000000000000e+07
6.006725153508768976e+07,-1.664800660000000128e-09,9.174500000000000455e+01,6.307000000000000000e+07,6.970000000000000000e+07
6.003429507133385539e+07,-1.665714570000000123e-09,9.175000000000000000e+01,6.307000000000000000e+07,6.970000000000000000e+07
6.003156868095911294e+07,-1.665790220000000250e-09,9.175499999999999545e+01,6.307000000000000000e+07,6.970000000000000000e+07
6.004570751310746372e+07,-1.665397980000000160e-09,9.176000000000000512e+01,6.307000000000000000e+07,6.970000000000000000e+07
6.002242942151594907e+07,-1.666043860000000205e-09,9.176500000000000057e+01,6.307000000000000000e+07,6.970000000000000000e+07
5.999891269970405102e+07,-1.666696870000000164e-09,9.176999999999999602e+01,6.307000000000000000e+07,6.970000000000000000e+07
6.001382058274199814e+07,-1.666282850000000039e-09,9.177500000000000568e+01,6.307000000000000000e+07,6.970000000000000000e+07
6.000469860791979730e+07,-1.666536159999999971e-09,9.178000000000000114e+01,6.307000000000000000e+07,6.970000000000000000e+07
5.997953186479207873e+07,-1.667235419999999992e-09,9.178499999999999659e+01,6.307000000000000000e+07,6.970000000000000000e+07
5.999057943934831768e+07,-1.666928390000000223e-09,9.179000000000000625e+01,6.307000000000000000e+07,6.970000000000000000e+07
5.999353461676142365e+07,-1.666846280000000063e-09,9.179500000000000171e+01,6.307000000000000000e+07,6.970000000000000000e+07
5.995728894556131959e+07,-1.667853930000000120e-09,9.179999999999999716e+01,6.307000000000000000e+07,6.970000000000000000e+07
5.994543646482098848e+07,-1.668183700000000066e-09,9.180500000000000682e+01,6.307000000000000000e+07,6.970000000000000000e+07
5.996605777211559564e+07,-1.667610040000000172e-09,9.181000000000000227e+01,6.307000000000000000e+07,6.970000000000000000e+07
5.995833327537361532e+07,-1.667824879999999959e-09,9.181499999999999773e+01,6.307000000000000000e+07,6.970000000000000000e+07
5.995466372220519185e+07,-1.667926960000000156e-09,9.182000000000000739e+01,6.307000000000000000e+07,6.970000000000000000e+07
6.001333616356226802e+07,-1.666296299999999984e-09,9.182500000000000284e+01,6.307000000000000000e+07,6.970000000000000000e+07
6.007279368833418936e+07,-1.664647070000000013e-09,9.182999999999999829e+01,6.307000000000000000e+07,6.970000000000000000e+07
6.011749194296355546e+07,-1.663409380000000079e-09,9.183500000000000796e+01,6.307000000000000000e+07,6.970000000000000000e+07
6.020268401505739242e+07,-1.661055510000000110e-09,9.184000000000000341e+01,6.307000000000000000e+07,6.970000000000000000e+07
6.027764716113951802e+07,-1.658989770000000088e-09,9.184499999999999886e+01,6.307000000000000000e+07,6.970000000000000000e+07
6.030823478490328789e+07,-1.658148350000000205e-09,9.185000000000000853e+01,6.307000000000000000e+07,6.970000000000000000e+07
6.036628353273101896e+07,-1.656553860000000065e-09,9.185500000000000398e+01,6.307000000000000000e+07,6.970000000000000000e+07
6.044400546515355259e+07,-1.654423780000000048e-09,9.185999999999999943e+01,6.307000000000000000e+07,6.970000000000000000e+07
6.049902023954188079e+07,-1.652919330000000030e-09,9.186499999999999488e+01,6.307000000000000000e+07,6.970000000000000000e+07
6.056420926923231035e+07,-1.651140190000000172e-09,9.187000000000000455e+01,6.307000000000000000e+07,6.970000000000000000e+07
6.065054943817940354e+07,-1.648789680000000074e-09,9.187500000000000000e+01,6.307000000000000000e+07,6.970000000000000000e+07
6.069067480923510343e+07,-1.647699590000000042e-09,9.187999999999999545e+01,6.307000000000000000e+07,6.970000000000000000e+07
6.069975122389060259e+07,-1.647453209999999961e-09,9.188500000000000512e+01,6.307000000000000000e+07,6.970000000000000000e+07
6.074667074074337631e+07,-1.646180750000000235e-09,9.189000000000000057e+01,6.307000000000000000e+07,6.970000000000000000e+07
6.078994244505513459e+07,-1.645008960000000009e-09,9.189499999999999602e+01,6.307000000000000000e+07,6.970000000000000000e+07
6.081801803360057622e+07,-1.644249570000000135e-09,9.190000000000000568e+01,6.307000000000000000e+07,6.970000000000000000e+07
6.087407736280737817e+07,-1.642735370000000112e-09,9.190500000000000114e+01,6.307000000000000000e+07,6.970000000000000000e+07
6.095373517022290826e+07,-1.640588549999999970e-09,9.190999999999999659e+01,6.307000000000000000e+07,6.970000000000000000e+07
6.099062088671629131e+07,-1.639596360000000126e-09,9.191500000000000625e+01,6.307000000000000000e+07,6.970000000000000000e+07
6.103209682244139165e+07,-1.638482130000000092e-09,9.192000000000000171e+01,6.307000000000000000e+07,6.970000000000000000e+07
6.110021246254678816e+07,-1.636655520000000115e-09,9.192499999999999716e+01,6.307000000000000000e+07,6.970000000000000000e+07
6.114117932408304513e+07,-1.635558899999999945e-09,9.193000000000000682e+01,6.307000000000000000e+07,6.970000000000000000e+07
6.116724262455939502e+07,-1.634861990000000260e-09,9.193500000000000227e+01,6.307000000000000000e+07,6.970000000000000000e+07
6.123327789598930627e+07,-1.633098920000000024e-09,9.193999999999999773e+01,6.307000000000000000e+07,6.970000000000000000e+07
6.128753941462947428e+07,-1.631653040000000148e-09,9.194500000000000739e+01,6.307000000000000000e+07,6.970000000000000000e+07
6.132495145532174408e+07,-1.630657630000000022e-09,9.195000000000000284e+01,6.307000000000000000e+07,6.970000000000000000e+07
6.137904862879727036e+07,-1.629220430000000142e-09,9.195499999999999829e+01,6.307000000000000000e+07,6.970000000000000000e+07
6.143249822896251082e+07,-1.627802920000000087e-09,9.196000000000000796e+01,6.307000000000000000e+07,6.970000000000000000e+07
6.143823139680150151e+07,-1.627651020000000262e-09,9.196500000000000341e+01,6.307000000000000000e+07,6.970000000000000000e+07
6.143582514767006785e+07,-1.627714770000000111e-09,9.196999999999999886e+01,6.307000000000000000e+07,6.970000000000000000e+07
6.146755937068577856e+07,-1.626874420000000238e-09,9.197500000000000853e+01,6.307000000000000000e+07,6.970000000000000000e+07
6.145934917314896733e+07,-1.627091749999999951e-09,9.198000000000000398e+01,6.307000000000000000e+07,6.970000000000000000e+07
6.142759059668162465e+07,-1.627932970000000184e-09,9.198499999999999943e+01,6.307000000000000000e+07,6.970000000000000000e+07
6.144759132784982026e+07,-1.627403090000000101e-09,9.198999999999999488e+01,6.307000000000000000e+07,6.970000000000000000e+07
6.146423392540027201e+07,-1.626962440000000048e-09,9.199500000000000455e+01,6.307000000000000000e+07,6.970000000000000000e+07
6.143692916798817366e+07,-1.627685520000000093e-09,9.200000000000000000e+01,6.307000000000000000e+07,6.970000000000000000e+07
6.143409201017135382e+07,-1.627760689999999942e-09,9.200499999999999545e+01,6.307000000000000000e+07,6.970000000000000000e+07
6.145341379551707953e+07,-1.627248900000000208e-09,9.201000000000000512e+01,6.307000000000000000e+07,6.970000000000000000e+07
6.144710123207767308e+07,-1.627416070000000020e-09,9.201500000000000057e+01,6.307000000000000000e+07,6.970000000000000000e+07
6.144531384579638392e+07,-1.627463410000000180e-09,9.201999999999999602e+01,6.307000000000000000e+07,6.970000000000000000e+07
6.147539081396718323e+07,-1.626667170000000140e-09,9.202500000000000568e+01,6.307000000000000000e+07,6.970000000000000000e+07
6.148544065653071553e+07,-1.626401290000000047e-09,9.203000000000000114e+01,6.307000000000000000e+07,6.970000000000000000e+07
6.147132237102536857e+07,-1.626774830000000173e-09,9.203499999999999659e+01,6.307000000000000000e+07,6.970000000000000000e+07
6.148357467839556187e+07,-1.626450650000000107e-09,9.204000000000000625e+01,6.307000000000000000e+07,6.970000000000000000e+07
6.148969623616588861e+07,-1.626288730000000108e-09,9.204500000000000171e+01,6.307000000000000000e+07,6.970000000000000000e+07
6.147564742432590574e+07,-1.626660380000000085e-09,9.204999999999999716e+01,6.307000000000000000e+07,6.970000000000000000e+07
6.149719521747136116e+07,-1.626090420000000130e-09,9.205500000000000682e+01,6.307000000000000000e+07,6.970000000000000000e+07
6.154455880524434149e+07,-1.624839010000000083e-09,9.206000000000000227e+01,6.307000000000000000e+07,6.970000000000000000e+07
6.155667701151245832e+07,-1.624519140000000192e-09,9.206499999999999773e+01,6.307000000000000000e+07,6.970000000000000000e+07
6.156134796401970088e+07,-1.624395880000000150e-09,9.207000000000000739e+01,6.307000000000000000e+07,6.970000000000000000e+07
6.159152083329189569e+07,-1.623600109999999929e-09,9.207500000000000284e+01,6.307000000000000000e+07,6.970000000000000000e+07
6.157594101384454966e+07,-1.624010909999999979e-09,9.207999999999999829e+01,6.307000000000000000e+07,6.970000000000000000e+07
6.154123752166789770e+07,-1.624926700000000077e-09,9.208500000000000796e+01,6.307000000000000000e+07,6.970000000000000000e+07
6.155889151396521926e+07,-1.624460700000000009e-09,9.209000000000000341e+01,6.307000000000000000e+07,6.970000000000000000e+07
6.155652430614455044e+07,-1.624523170000000153e-09,9.209499999999999886e+01,6.307000000000000000e+07,6.970000000000000000e+07
6.151795618402026594e+07,-1.625541650000000064e-09,9.210000000000000853e+01,6.307000000000000000e+07,6.970000000000000000e+07
6.151706041563436389e+07,-1.625565320000000040e-09,9.210500000000000398e+01,6.307000000000000000e+07,6.970000000000000000e+07
6.153013319827879220e+07,-1.625219950000000086e-09,9.210999999999999943e+01,6.307000000000000000e+07,6.970000000000000000e+07
6.149652885302750021e+07,-1.626108040000000246e-09,9.211499999999999488e+01,6.307000000000000000e+07,6.970000000000000000e+07
6.145913311511693895e+07,-1.627097470000000203e-09,9.212000000000000455e+01,6.307000000000000000e+07,6.970000000000000000e+07
6.146787447925645858e+07,-1.626866080000000102e-09,9.212500000000000000e+01,6.307000000000000000e+07,6.970000000000000000e+07
6.145517861495968699e+07,-1.627202170000000077e-09,9.212999999999999545e+01,6.307000000000000000e+07,6.970000000000000000e+07
6.143231783459434658e+07,-1.627807700000000080e-09,9.213500000000000512e+01,6.307000000000000000e+07,6.970000000000000000e+07
6.143963258116681874e+07,-1.627613900000000134e-09,9.214000000000000057e+01,6.307000000000000000e+07,6.970000000000000000e+07
6.144173447755374014e+07,-1.627558220000000252e-09,9.214499999999999602e+01,6.307000000000000000e+07,6.970000000000000000e+07
6.142156213151860982e+07,-1.628092750000000163e-09,9.215000000000000568e+01,6.307000000000000000e+07,6.970000000000000000e+07
6.144175222046651691e+07,-1.627557750000000226e-09,9.215500000000000114e+01,6.307000000000000000e+07,6.970000000000000000e+07
6.146641873490050435e+07,-1.626904610000000101e-09,9.215999999999999659e+01,6.307000000000000000e+07,6.970000000000000000e+07
6.145502641275579482e+07,-1.627206200000000245e-09,9.216500000000000625e+01,6.307000000000000000e+07,6.970000000000000000e+07
6.145630636991358548e+07,-1.627172310000000030e-09,9.217000000000000171e+01,6.307000000000000000e+07,6.970000000000000000e+07
6.149397811917580664e+07,-1.626175490000000240e-09,9.217499999999999716e+01,6.307000000000000000e+07,6.970000000000000000e+07
6.150901253732666373e+07,-1.625778010000000177e-09,9.218000000000000682e+01,6.307000000000000000e+07,6.970000000000000000e+07
6.151795618402026594e+07,-1.625541650000000064e-09,9.218500000000000227e+01,6.307000000000000000e+07,6.970000000000000000e+07
6.158381792561942339e+07,-1.623803190000000062e-09,9.218999999999999773e+01,6.307000000000000000e+07,6.970000000000000000e+07
6.163035220396579057e+07,-1.622577130000000238e-09,9.219500000000000739e+01,6.307000000000000000e+07,6.970000000000000000e+07
6.165343742143425345e+07,-1.621969580000000129e-09,9.220000000000000284e+01,6.307000000000000000e+07,6.970000000000000000e+07
6.169915803971557319e+07,-1.620767660000000100e-09,9.220499999999999829e+01,6.307000000000000000e+07,6.970000000000000000e+07
6.175612317982549965e+07,-1.619272630000000066e-09,9.221000000000000796e+01,6.307000000000000000e+07,6.970000000000000000e+07
6.176225831671733409e+07,-1.619111780000000077e-09,9.221500000000000341e+01,6.307000000000000000e+07,6.970000000000000000e+07
6.177730094762116671e+07,-1.618717530000000133e-09,9.221999999999999886e+01,6.307000000000000000e+07,6.970000000000000000e+07
6.182757985763049871e+07,-1.617401170000000061e-09,9.222500000000000853e+01,6.307000000000000000e+07,6.970000000000000000e+07
6.184874776170154661e+07,-1.616847610000000164e-09,9.223000000000000398e+01,6.307000000000000000e+07,6.970000000000000000e+07
6.184718632688836753e+07,-1.616888430000000024e-09,9.223499999999999943e+01,6.307000000000000000e+07,6.970000000000000000e+07
6.187302133944819868e+07,-1.616213300000000168e-09,9.223999999999999488e+01,6.307000000000000000e+07,6.970000000000000000e+07
6.189339061525373161e+07,-1.615681399999999979e-09,9.224500000000000455e+01,6.307000000000000000e+07,6.970000000000000000e+07
6.189874116158707440e+07,-1.615541740000000086e-09,9.225000000000000000e+01,6.307000000000000000e+07,6.970000000000000000e+07
6.193228915576393157e+07,-1.614666620000000007e-09,9.225499999999999545e+01,6.307000000000000000e+07,6.970000000000000000e+07
6.196846279921945184e+07,-1.613724070000000022e-09,9.226000000000000512e+01,6.307000000000000000e+07,6.970000000000000000e+07
6.194933698969884217e+07,-1.614222280000000060e-09,9.226500000000000057e+01,6.307000000000000000e+07,6.970000000000000000e+07
6.192505757698966563e+07,-1.614855179999999978e-09,9.226999999999999602e+01,6.307000000000000000e+07,6.970000000000000000e+07
6.191815547994343936e+07,-1.615035190000000119e-09,9.227500000000000568e+01,6.307000000000000000e+07,6.970000000000000000e+07
6.188002671954801679e+07,-1.616030330000000076e-09,9.228000000000000114e+01,6.307000000000000000e+07,6.970000000000000000e+07
6.183201444925139844e+07,-1.617285170000000100e-09,9.228499999999999659e+01,6.307000000000000000e+07,6.970000000000000000e+07
6.182687076425653696e+07,-1.617419720000000184e-09,9.229000000000000625e+01,6.307000000000000000e+07,6.970000000000000000e+07
6.181603035058294237e+07,-1.617703359999999983e-09,9.229500000000000171e+01,6.307000000000000000e+07,6.970000000000000000e+07
6.176092438810750097e+07,-1.619146750000000140e-09,9.229999999999999716e+01,6.307000000000000000e+07,6.970000000000000000e+07
6.171793996650308371e+07,-1.620274430000000119e-09,9.230500000000000682e+01,6.307000000000000000e+07,6.970000000000000000e+07
6.169060423534745723e+07,-1.620992390000000104e-09,9.231000000000000227e+01,6.307000000000000000e+07,6.970000000000000000e+07
6.162751462445572764e+07,-1.622651840000000106e-09,9.231499999999999773e+01,6.307000000000000000e+07,6.970000000000000000e+07
6.157867942662293464e+07,-1.623938690000000036e-09,9.232000000000000739e+01,6.307000000000000000e+07,6.970000000000000000e+07
6.156810705560963601e+07,-1.624217550000000048e-09,9.232500000000000284e+01,6.307000000000000000e+07,6.970000000000000000e+07
6.152852950856898725e+07,-1.625262310000000188e-09,9.232999999999999829e+01,6.307000000000000000e+07,6.970000000000000000e+07
6.147841245180814713e+07,-1.626587220000000090e-09,9.233500000000000796e+01,6.307000000000000000e+07,6.970000000000000000e+07
6.146844085158402473e+07,-1.626851090000000122e-09,9.234000000000000341e+01,6.307000000000000000e+07,6.970000000000000000e+07
6.144957671104303002e+07,-1.627350510000000173e-09,9.234499999999999886e+01,6.307000000000000000e+07,6.970000000000000000e+07
6.141835859964840859e+07,-1.628177670000000019e-09,9.235000000000000853e+01,6.307000000000000000e+07,6.970000000000000000e+07
6.144733986016736180e+07,-1.627409749999999990e-09,9.235500000000000398e+01,6.307000000000000000e+07,6.970000000000000000e+07
6.149952987606878579e+07,-1.626028690000000181e-09,9.235999999999999943e+01,6.307000000000000000e+07,6.970000000000000000e+07
6.150731082969862223e+07,-1.625822990000000163e-09,9.236499999999999488e+01,6.307000000000000000e+07,6.970000000000000000e+07
6.151168673146107048e+07,-1.625707330000000062e-09,9.237000000000000455e+01,6.307000000000000000e+07,6.970000000000000000e+07
6.152380486440670490e+07,-1.625387120000000104e-09,9.237500000000000000e+01,6.307000000000000000e+07,6.970000000000000000e+07
6.151193342888227850e+07,-1.625700810000000176e-09,9.237999999999999545e+01,6.307000000000000000e+07,6.970000000000000000e+07
6.150567239138913155e+07,-1.625866300000000155e-09,9.238500000000000512e+01,6.307000000000000000e+07,6.970000000000000000e+07
6.153821462820962071e+07,-1.625006519999999962e-09,9.239000000000000057e+01,6.307000000000000000e+07,6.970000000000000000e+07
6.156806649587602913e+07,-1.624218620000000058e-09,9.239499999999999602e+01,6.307000000000000000e+07,6.970000000000000000e+07
6.156732733252190799e+07,-1.624238120000000070e-09,9.240000000000000568e+01,6.307000000000000000e+07,6.970000000000000000e+07
6.157893197044706345e+07,-1.623932030000000146e-09,9.240500000000000114e+01,6.307000000000000000e+07,6.970000000000000000e+07
6.159954933769704401e+07,-1.623388500000000055e-09,9.240999999999999659e+01,6.307000000000000000e+07,6.970000000000000000e+07
6.158954902709484100e+07,-1.623652090000000079e-09,9.241500000000000625e+01,6.307000000000000000e+07,6.970000000000000000e+07
6.160213691899167001e+07,-1.623320310000000072e-09,9.242000000000000171e+01,6.307000000000000000e+07,6.970000000000000000e+07
6.164007738714467734e+07,-1.622321130000000110e-09,9.242499999999999716e+01,6.307000000000000000e+07,6.970000000000000000e+07
6.163567560179948807e+07,-1.622436990000000068e-09,9.243000000000000682e+01,6.307000000000000000e+07,6.970000000000000000e+07
6.161208779379947484e+07,-1.623058130000000125e-09,9.243500000000000227e+01,6.307000000000000000e+07,6.970000000000000000e+07
6.163122810446619242e+07,-1.622554070000000084e-09,9.243999999999999773e+01,6.307000000000000000e+07,6.970000000000000000e+07
6.163446451826221496e+07,-1.622468870000000221e-09,9.244500000000000739e+01,6.307000000000000000e+07,6.970000000000000000e+07
6.159207165665962547e+07,-1.623585590000000181e-09,9.245000000000000284e+01,6.307000000000000000e+07,6.970000000000000000e+07
6.158653428164853901e+07,-1.623731570000000104e-09,9.245499999999999829e+01,6.307000000000000000e+07,6.970000000000000000e+07
6.159030655294008553e+07,-1.623632120000000041e-09,9.246000000000000796e+01,6.307000000000000000e+07,6.970000000000000000e+07
6.156794898666913807e+07,-1.624221720000000012e-09,9.246500000000000341e+01,6.307000000000000000e+07,6.970000000000000000e+07
6.157160714492198825e+07,-1.624125220000000063e-09,9.246999999999999886e+01,6.307000000000000000e+07,6.970000000000000000e+07
6.160024108363153040e+07,-1.623370269999999910e-09,9.247500000000000853e+01,6.307000000000000000e+07,6.970000000000000000e+07
6.160025891820828617e+07,-1.623369800000000091e-09,9.248000000000000398e+01,6.307000000000000000e+07,6.970000000000000000e+07
6.157871014130171388e+07,-1.623937879999999943e-09,9.248499999999999943e+01,6.307000000000000000e+07,6.970000000000000000e+07
6.159554639561340958e+07,-1.623494000000000184e-09,9.248999999999999488e+01,6.307000000000000000e+07,6.970000000000000000e+07
6.159368662741070986e+07,-1.623543020000000177e-09,9.249500000000000455e+01,6.307000000000000000e+07,6.970000000000000000e+07
6.156611400592584908e+07,-1.624270130000000182e-09,9.250000000000000000e+01,6.307000000000000000e+07,6.970000000000000000e+07
6.157990614163129777e+07,-1.623906340000000063e-09,9.250499999999999545e+01,6.307000000000000000e+07,6.970000000000000000e+07
6.159525311993353069e+07,-1.623501730000000291e-09,9.251000000000000512e+01,6.307000000000000000e+07,6.970000000000000000e+07
6.157390651037969440e+07,-1.624064570000000168e-09,9.251500000000000057e+01,6.307000000000000000e+07,6.970000000000000000e+07
6.157346558000172675e+07,-1.624076200000000071e-09,9.251999999999999602e+01,6.307000000000000000e+07,6.970000000000000000e+07
6.162352057872176915e+07,-1.622757010000000007e-09,9.252500000000000568e+01,6.307000000000000000e+07,6.970000000000000000e+07
6.164293892278297991e+07,-1.622245820000000257e-09,9.253000000000000114e+01,6.307000000000000000e+07,6.970000000000000000e+07
6.165796948122883588e+07,-1.621850360000000092e-09,9.253499999999999659e+01,6.307000000000000000e+07,6.970000000000000000e+07
6.170789052008212358e+07,-1.620538300000000151e-09,9.254000000000000625e+01,6.307000000000000000e+07,6.970000000000000000e+07
6.175962637105906755e+07,-1.619180780000000152e-09,9.254500000000000171e+01,6.307000000000000000e+07,6.970000000000000000e+07
6.178013439885201305e+07,-1.618643290000000083e-09,9.254999999999999716e+01,6.307000000000000000e+07,6.970000000000000000e+07
6.182535133322382718e+07,-1.617459470000000034e-09,9.255500000000000682e+01,6.307000000000000000e+07,6.970000000000000000e+07
6.186795312413674593e+07,-1.616345700000000187e-09,9.256000000000000227e+01,6.307000000000000000e+07,6.970000000000000000e+07
6.185641646133841574e+07,-1.616647160000000166e-09,9.256499999999999773e+01,6.307000000000000000e+07,6.970000000000000000e+07
6.185814557679896802e+07,-1.616601970000000071e-09,9.257000000000000739e+01,6.307000000000000000e+07,6.970000000000000000e+07
6.188350300603757054e+07,-1.615939550000000172e-09,9.257500000000000284e+01,6.307000000000000000e+07,6.970000000000000000e+07
6.186651434635902941e+07,-1.616383289999999928e-09,9.257999999999999829e+01,6.307000000000000000e+07,6.970000000000000000e+07
6.183542110635972023e+07,-1.617196070000000235e-09,9.258500000000000796e+01,6.307000000000000000e+07,6.970000000000000000e+07
6.184381432510411739e+07,-1.616976590000000044e-09,9.259000000000000341e+01,6.307000000000000000e+07,6.970000000000000000e+07
6.184878371923789382e+07,-1.616846670000000112e-09,9.259499999999999886e+01,6.307000000000000000e+07,6.970000000000000000e+07
6.182737955143877119e+07,-1.617406410000000242e-09,9.260000000000000853e+01,6.307000000000000000e+07,6.970000000000000000e+07
6.184405604439468682e+07,-1.616970270000000014e-09,9.260500000000000398e+01,6.307000000000000000e+07,6.970000000000000000e+07
6.187021534423411638e+07,-1.616286600000000166e-09,9.260999999999999943e+01,6.307000000000000000e+07,6.970000000000000000e+07
6.186864516984496266e+07,-1.616327620000000090e-09,9.261499999999999488e+01,6.307000000000000000e+07,6.970000000000000000e+07
6.187964802014642954e+07,-1.616040220000000085e-09,9.262000000000000455e+01,6.307000000000000000e+07,6.970000000000000000e+07
6.190681930420288444e+07,-1.615330930000000053e-09,9.262500000000000000e+01,6.307000000000000000e+07,6.970000000000000000e+07
6.190213716571445763e+07,-1.615453110000000040e-09,9.262999999999999545e+01,6.307000000000000000e+07,6.970000000000000000e+07
6.189848637093438953e+07,-1.615548390000000138e-09,9.263500000000000512e+01,6.307000000000000000e+07,6.970000000000000000e+07
6.192291749776251614e+07,-1.614910990000000232e-09,9.264000000000000057e+01,6.307000000000000000e+07,6.970000000000000000e+07
6.192133966273452342e+07,-1.614952140000000115e-09,9.264499999999999602e+01,6.307000000000000000e+07,6.970000000000000000e+07
6.189660826455522329e+07,-1.615597409999999923e-09,9.265000000000000568e+01,6.307000000000000000e+07,6.970000000000000000e+07
6.190323999886766821e+07,-1.615424330000000047e-09,9.265500000000000114e+01,6.307000000000000000e+07,6.970000000000000000e+07
6.190792230419553816e+07,-1.615302150000000060e-09,9.265999999999999659e+01,6.307000000000000000e+07,6.970000000000000000e+07
6.185852363041068614e+07,-1.616592090000000106e-09,9.266500000000000625e+01,6.307000000000000000e+07,6.970000000000000000e+07
6.181845348218557239e+07,-1.617639950000000201e-09,9.267000000000000171e+01,6.307000000000000000e+07,6.970000000000000000e+07
6.180784484945339710e+07,-1.617917599999999992e-09,9.267499999999999716e+01,6.307000000000000000e+07,6.970000000000000000e+07
6.176066539063367993e+07,-1.619153539999999988e-09,9.268000000000000682e+01,6.307000000000000000e+07,6.970000000000000000e+07
6.170314362152668834e+07,-1.620662970000000063e-09,9.268500000000000227e+01,6.307000000000000000e+07,6.970000000000000000e+07
6.167666242859592289e+07,-1.621358810000000151e-09,9.268999999999999773e+01,6.307000000000000000e+07,6.970000000000000000e+07
6.163471220148806274e+07,-1.622462350000000128e-09,9.269500000000000739e+01,6.307000000000000000e+07,6.970000000000000000e+07
6.157693821987635642e+07,-1.623984610000000074e-09,9.270000000000000284e+01,6.307000000000000000e+07,6.970000000000000000e+07
6.156759759891048074e+07,-1.624230990000000155e-09,9.270499999999999829e+01,6.307000000000000000e+07,6.970000000000000000e+07
6.155102097694495320e+07,-1.624668419999999925e-09,9.271000000000000796e+01,6.307000000000000000e+07,6.970000000000000000e+07
6.149914333845800161e+07,-1.626038910000000006e-09,9.271500000000000341e+01,6.307000000000000000e+07,6.970000000000000000e+07
6.146037773597325385e+07,-1.627064520000000039e-09,9.271999999999999886e+01,6.307000000000000000e+07,6.970000000000000000e+07
6.144107422197890282e+07,-1.627575709999999996e-09,9.272500000000000853e+01,6.307000000000000000e+07,6.970000000000000000e+07
6.138126807709035277e+07,-1.629161520000000140e-09,9.273000000000000398e+01,6.307000000000000000e+07,6.970000000000000000e+07
6.130232122465363890e+07,-1.631259600000000090e-09,9.273499999999999943e+01,6.307000000000000000e+07,6.970000000000000000e+07
6.125448199044724554e+07,-1.632533600000000059e-09,9.273999999999999488e+01,6.307000000000000000e+07,6.970000000000000000e+07
6.119519453230237961e+07,-1.634115240000000239e-09,9.274500000000000455e+01,6.307000000000000000e+07,6.970000000000000000e+07
6.110213551291494071e+07,-1.636604010000000197e-09,9.275000000000000000e+01,6.307000000000000000e+07,6.970000000000000000e+07
6.103607715565630049e+07,-1.638375280000000152e-09,9.275499999999999545e+01,6.307000000000000000e+07,6.970000000000000000e+07
6.098281502443127334e+07,-1.639806230000000108e-09,9.276000000000000512e+01,6.307000000000000000e+07,6.970000000000000000e+07
6.092135371853616834e+07,-1.641460570000000095e-09,9.276500000000000057e+01,6.307000000000000000e+07,6.970000000000000000e+07
6.088135168825722486e+07,-1.642539090000000285e-09,9.276999999999999602e+01,6.307000000000000000e+07,6.970000000000000000e+07
6.086588267270904779e+07,-1.642956539999999973e-09,9.277500000000000568e+01,6.307000000000000000e+07,6.970000000000000000e+07
6.082516464550929517e+07,-1.644056380000000218e-09,9.278000000000000114e+01,6.307000000000000000e+07,6.970000000000000000e+07
6.077746078077558428e+07,-1.645346790000000083e-09,9.278499999999999659e+01,6.307000000000000000e+07,6.970000000000000000e+07
6.079362293376686424e+07,-1.644909369999999943e-09,9.279000000000000625e+01,6.307000000000000000e+07,6.970000000000000000e+07
6.079505178859924525e+07,-1.644870709999999986e-09,9.279500000000000171e+01,6.307000000000000000e+07,6.970000000000000000e+07
6.076978397994732857e+07,-1.645554640000000165e-09,9.279999999999999716e+01,6.307000000000000000e+07,6.970000000000000000e+07
6.077966648835533857e+07,-1.645287080000000033e-09,9.280500000000000682e+01,6.307000000000000000e+07,6.970000000000000000e+07
6.078421508820311725e+07,-1.645163960000000201e-09,9.281000000000000227e+01,6.307000000000000000e+07,6.970000000000000000e+07
6.074246498985026777e+07,-1.646294730000000090e-09,9.281499999999999773e+01,6.307000000000000000e+07,6.970000000000000000e+07
6.072106077507215738e+07,-1.646875050000000080e-09,9.282000000000000739e+01,6.307000000000000000e+07,6.970000000000000000e+07
6.072609696183267981e+07,-1.646738470000000259e-09,9.282500000000000284e+01,6.307000000000000000e+07,6.970000000000000000e+07
6.070318275528445095e+07,-1.647360079999999929e-09,9.282999999999999829e+01,6.307000000000000000e+07,6.970000000000000000e+07
6.070264034632556885e+07,-1.647374799999999947e-09,9.283500000000000796e+01,6.307000000000000000e+07,6.970000000000000000e+07
6.074058701756326109e+07,-1.646345629999999979e-09,9.284000000000000341e+01,6.307000000000000000e+07,6.970000000000000000e+07
6.073510946237153560e+07,-1.646494110000000078e-09,9.284499999999999886e+01,6.307000000000000000e+07,6.970000000000000000e+07
6.068804942522136122e+07,-1.647770870000000141e-09,9.285000000000000853e+01,6.307000000000000000e+07,6.970000000000000000e+07
6.066909690081504732e+07,-1.648285620000000033e-09,9.285500000000000398e+01,6.307000000000000000e+07,6.970000000000000000e+07
6.064833065469873697e+07,-1.648849999999999946e-09,9.285999999999999943e+01,6.307000000000000000e+07,6.970000000000000000e+07
6.058805273518674821e+07,-1.650490410000000125e-09,9.286499999999999488e+01,6.307000000000000000e+07,6.970000000000000000e+07
6.055910381101528555e+07,-1.651279390000000084e-09,9.287000000000000455e+01,6.307000000000000000e+07,6.970000000000000000e+07
6.056293905935411155e+07,-1.651174820000000168e-09,9.287500000000000000e+01,6.307000000000000000e+07,6.970000000000000000e+07
6.052878369134242088e+07,-1.652106550000000136e-09,9.287999999999999545e+01,6.307000000000000000e+07,6.970000000000000000e+07
6.050769965621280670e+07,-1.652682229999999930e-09,9.288500000000000512e+01,6.307000000000000000e+07,6.970000000000000000e+07
6.052469157752009481e+07,-1.652218250000000174e-09,9.289000000000000057e+01,6.307000000000000000e+07,6.970000000000000000e+07
6.051747512597120553e+07,-1.652415270000000195e-09,9.289499999999999602e+01,6.307000000000000000e+07,6.970000000000000000e+07
6.048689116602139920e+07,-1.653250780000000221e-09,9.290000000000000568e+01,6.307000000000000000e+07,6.970000000000000000e+07
6.048532895684073865e+07,-1.653293480000000184e-09,9.290500000000000114e+01,6.307000000000000000e+07,6.970000000000000000e+07
6.047948437610800564e+07,-1.653453250000000119e-09,9.290999999999999659e+01,6.307000000000000000e+07,6.970000000000000000e+07
6.044282395352981240e+07,-1.654456120000000182e-09,9.291500000000000625e+01,6.307000000000000000e+07,6.970000000000000000e+07
6.042320643394519389e+07,-1.654993270000000184e-09,9.292000000000000171e+01,6.307000000000000000e+07,6.970000000000000000e+07
6.042447590075521171e+07,-1.654958500000000184e-09,9.292499999999999716e+01,6.307000000000000000e+07,6.970000000000000000e+07
6.039268847945088893e+07,-1.655829580000000051e-09,9.293000000000000682e+01,6.307000000000000000e+07,6.970000000000000000e+07
6.036263019102624059e+07,-1.656654120000000013e-09,9.293500000000000227e+01,6.307000000000000000e+07,6.970000000000000000e+07
6.038186493725275993e+07,-1.656126390000000202e-09,9.293999999999999773e+01,6.307000000000000000e+07,6.970000000000000000e+07
6.037676830195996165e+07,-1.656266190000000098e-09,9.294500000000000739e+01,6.307000000000000000e+07,6.970000000000000000e+07
6.033528171242921054e+07,-1.657405039999999998e-09,9.295000000000000284e+01,6.307000000000000000e+07,6.970000000000000000e+07
6.033024935354780406e+07,-1.657543290000000021e-09,9.295499999999999829e+01,6.307000000000000000e+07,6.970000000000000000e+07
6.035389653960029036e+07,-1.656893850000000042e-09,9.296000000000000796e+01,6.307000000000000000e+07,6.970000000000000000e+07
6.036741540774445981e+07,-1.656522800000000255e-09,9.296500000000000341e+01,6.307000000000000000e+07,6.970000000000000000e+07
6.039723588184563816e+07,-1.655704910000000139e-09,9.296999999999999886e+01,6.307000000000000000e+07,6.970000000000000000e+07
6.042928845660998672e+07,-1.654826700000000150e-09,9.297500000000000853e+01,6.307000000000000000e+07,6.970000000000000000e+07
6.041286283368841559e+07,-1.655276629999999976e-09,9.298000000000000398e+01,6.307000000000000000e+07,6.970000000000000000e+07
6.038427975949859619e+07,-1.656060160000000058e-09,9.298499999999999943e+01,6.307000000000000000e+07,6.970000000000000000e+07
6.037893262630086392e+07,-1.656206820000000115e-09,9.298999999999999488e+01,6.307000000000000000e+07,6.970000000000000000e+07
6.034878750716370344e+07,-1.657034120000000171e-09,9.299500000000000455e+01,6.307000000000000000e+07,6.970000000000000000e+07
6.030017972167064995e+07,-1.658369850000000089e-09,9.300000000000000000e+01,6.307000000000000000e+07,6.970000000000000000e+07
6.028090649245677143e+07,-1.658900070000000239e-09,9.300499999999999545e+01,6.307000000000000000e+07,6.970000000000000000e+07
6.025942828807152808e+07,-1.659491350000000042e-09,9.301000000000000512e+01,6.307000000000000000e+07,6.970000000000000000e+07
6.021505759648538381e+07,-1.660714180000000161e-09,9.301500000000000057e+01,6.307000000000000000e+07,6.970000000000000000e+07
6.020304246670841426e+07,-1.661045619999999894e-09,9.301999999999999602e+01,6.307000000000000000e+07,6.970000000000000000e+07
6.022207552793757617e+07,-1.660520650000000176e-09,9.302500000000000568e+01,6.307000000000000000e+07,6.970000000000000000e+07
6.020498231147517264e+07,-1.660992100000000121e-09,9.303000000000000114e+01,6.307000000000000000e+07,6.970000000000000000e+07
6.018462778079687059e+07,-1.661553850000000106e-09,9.303499999999999659e+01,6.307000000000000000e+07,6.970000000000000000e+07
6.020066603729278594e+07,-1.661111189999999992e-09,9.304000000000000625e+01,6.307000000000000000e+07,6.970000000000000000e+07
6.020468001802576333e+07,-1.661000440000000050e-09,9.304500000000000171e+01,6.307000000000000000e+07,6.970000000000000000e+07
6.018591622115647048e+07,-1.661518280000000059e-09,9.304999999999999716e+01,6.307000000000000000e+07,6.970000000000000000e+07
6.020048084532070905e+07,-1.661116300000000008e-09,9.305500000000000682e+01,6.307000000000000000e+07,6.970000000000000000e+07
6.020898490493314713e+07,-1.660881679999999995e-09,9.306000000000000227e+01,6.307000000000000000e+07,6.970000000000000000e+07
6.017867312837977707e+07,-1.661718260000000031e-09,9.306499999999999773e+01,6.307000000000000000e+07,6.970000000000000000e+07
6.017587277385902405e+07,-1.661795590000000197e-09,9.307000000000000739e+01,6.307000000000000000e+07,6.970000000000000000e+07
6.018447166483778507e+07,-1.661558160000000074e-09,9.307500000000000284e+01,6.307000000000000000e+07,6.970000000000000000e+07
6.017301655762242526e+07,-1.661874470000000237e-09,9.307999999999999829e+01,6.307000000000000000e+07,6.970000000000000000e+07
6.016322318548154831e+07,-1.662144990000000113e-09,9.308500000000000796e+01,6.307000000000000000e+07,6.970000000000000000e+07
6.018921708249912411e+07,-1.661427160000000088e-09,9.309000000000000341e+01,6.307000000000000000e+07,6.970000000000000000e+07
6.018748509945955127e+07,-1.661474970000000067e-09,9.309499999999999886e+01,6.307000000000000000e+07,6.970000000000000000e+07
6.014719980591220409e+07,-1.662587790000000024e-09,9.310000000000000853e+01,6.307000000000000000e+07,6.970000000000000000e+07
6.012444087802293897e+07,-1.663217130000000213e-09,9.310500000000000398e+01,6.307000000000000000e+07,6.970000000000000000e+07
6.008515508519294113e+07,-1.664304599999999948e-09,9.310999999999999943e+01,6.307000000000000000e+07,6.970000000000000000e+07
6.000186365788521618e+07,-1.666614900000000008e-09,9.311499999999999488e+01,6.307000000000000000e+07,6.970000000000000000e+07
5.994215761616512388e+07,-1.668274950000000202e-09,9.312000000000000455e+01,6.307000000000000000e+07,6.970000000000000000e+07
5.990858776245959848e+07,-1.669209770000000080e-09,9.312500000000000000e+01,6.307000000000000000e+07,6.970000000000000000e+07
5.985674664395941049e+07,-1.670655450000000099e-09,9.312999999999999545e+01,6.307000000000000000e+07,6.970000000000000000e+07
5.981755466374891996e+07,-1.671750050000000163e-09,9.313500000000000512e+01,6.307000000000000000e+07,6.970000000000000000e+07
5.981552878958187252e+07,-1.671806670000000096e-09,9.314000000000000057e+01,6.307000000000000000e+07,6.970000000000000000e+07
5.978053132218872756e+07,-1.672785400000000157e-09,9.314499999999999602e+01,6.307000000000000000e+07,6.970000000000000000e+07
5.973221736348419636e+07,-1.674138420000000169e-09,9.315000000000000568e+01,6.307000000000000000e+07,6.970000000000000000e+07
5.972289793704330176e+07,-1.674399660000000065e-09,9.315500000000000114e+01,6.307000000000000000e+07,6.970000000000000000e+07
5.970549262709409744e+07,-1.674887780000000030e-09,9.315999999999999659e+01,6.307000000000000000e+07,6.970000000000000000e+07
5.964788671444308013e+07,-1.676505329999999911e-09,9.316500000000000625e+01,6.307000000000000000e+07,6.970000000000000000e+07
5.961969787121906877e+07,-1.677297999999999971e-09,9.317000000000000171e+01,6.307000000000000000e+07,6.970000000000000000e+07
5.961985782452504337e+07,-1.677293500000000191e-09,9.317499999999999716e+01,6.307000000000000000e+07,6.970000000000000000e+07
5.958491207778481394e+07,-1.678277210000000102e-09,9.318000000000000682e+01,6.307000000000000000e+07,6.970000000000000000e+07
5.955996454943262041e+07,-1.678980180000000106e-09,9.318500000000000227e+01,6.307000000000000000e+07,6.970000000000000000e+07
5.959477128825945407e+07,-1.677999560000000104e-09,9.318999999999999773e+01,6.307000000000000000e+07,6.970000000000000000e+07
5.961277165003526211e+07,-1.677492879999999972e-09,9.319500000000000739e+01,6.307000000000000000e+07,6.970000000000000000e+07
5.960427067698822170e+07,-1.677732130000000137e-09,9.320000000000000284e+01,6.307000000000000000e+07,6.970000000000000000e+07
5.961986280086389184e+07,-1.677293359999999980e-09,9.320499999999999829e+01,6.307000000000000000e+07,6.970000000000000000e+07
5.962302969810587913e+07,-1.677204270000000160e-09,9.321000000000000796e+01,6.307000000000000000e+07,6.970000000000000000e+07
5.958718013519771397e+07,-1.678213330000000088e-09,9.321500000000000341e+01,6.307000000000000000e+07,6.970000000000000000e+07
5.956605036295262724e+07,-1.678808640000000059e-09,9.321999999999999886e+01,6.307000000000000000e+07,6.970000000000000000e+07
5.955769856331226975e+07,-1.679044060000000120e-09,9.322500000000000853e+01,6.307000000000000000e+07,6.970000000000000000e+07
5.951560062203801423e+07,-1.680231720000000111e-09,9.323000000000000398e+01,6.307000000000000000e+07,6.970000000000000000e+07
5.946812293633348495e+07,-1.681573170000000075e-09,9.323499999999999943e+01,6.307000000000000000e+07,6.970000000000000000e+07
5.945761125978750736e+07,-1.681870460000000089e-09,9.323999999999999488e+01,6.307000000000000000e+07,6.970000000000000000e+07
5.942807266743492335e+07,-1.682706430000000096e-09,9.324500000000000455e+01,6.307000000000000000e+07,6.970000000000000000e+07
5.937579344614979625e+07,-1.684188020000000023e-09,9.325000000000000000e+01,6.307000000000000000e+07,6.970000000000000000e+07
5.937578886301984638e+07,-1.684188150000000188e-09,9.325499999999999545e+01,6.307000000000000000e+07,6.970000000000000000e+07
5.938202680513003469e+07,-1.684011230000000163e-09,9.326000000000000512e+01,6.307000000000000000e+07,6.970000000000000000e+07
5.935412174252115190e+07,-1.684802960000000171e-09,9.326500000000000057e+01,6.307000000000000000e+07,6.970000000000000000e+07
5.934528442518320680e+07,-1.685053850000000077e-09,9.326999999999999602e+01,6.307000000000000000e+07,6.970000000000000000e+07
5.934675026067911088e+07,-1.685012230000000169e-09,9.327500000000000568e+01,6.307000000000000000e+07,6.970000000000000000e+07
5.931527044945849478e+07,-1.685906500000000148e-09,9.328000000000000114e+01,6.307000000000000000e+07,6.970000000000000000e+07
5.928328945520186424e+07,-1.686815980000000055e-09,9.328499999999999659e+01,6.307000000000000000e+07,6.970000000000000000e+07
5.927265891949700564e+07,-1.687118510000000043e-09,9.329000000000000625e+01,6.307000000000000000e+07,6.970000000000000000e+07
5.924303211004331708e+07,-1.687962219999999995e-09,9.329500000000000171e+01,6.307000000000000000e+07,6.970000000000000000e+07
5.920187501336851716e+07,-1.689135690000000260e-09,9.329999999999999716e+01,6.307000000000000000e+07,6.970000000000000000e+07
5.920761688465766609e+07,-1.688971880000000114e-09,9.330500000000000682e+01,6.307000000000000000e+07,6.970000000000000000e+07
5.922341461658154428e+07,-1.688521350000000096e-09,9.331000000000000227e+01,6.307000000000000000e+07,6.970000000000000000e+07
5.920313819258680940e+07,-1.689099649999999980e-09,9.331499999999999773e+01,6.307000000000000000e+07,6.970000000000000000e+07
5.919367442188645154e+07,-1.689369700000000244e-09,9.332000000000000739e+01,6.307000000000000000e+07,6.970000000000000000e+07
5.919477466413920373e+07,-1.689338300000000161e-09,9.332500000000000284e+01,6.307000000000000000e+07,6.970000000000000000e+07
5.917358572556065023e+07,-1.689943220000000135e-09,9.332999999999999829e+01,6.307000000000000000e+07,6.970000000000000000e+07
5.916924871899611503e+07,-1.690067090000000206e-09,9.333500000000000796e+01,6.307000000000000000e+07,6.970000000000000000e+07
5.919856871121335775e+07,-1.689230030000000100e-09,9.334000000000000341e+01,6.307000000000000000e+07,6.970000000000000000e+07
5.920971467525330931e+07,-1.688912040000000105e-09,9.334499999999999886e+01,6.307000000000000000e+07,6.970000000000000000e+07
5.919508337002985179e+07,-1.689329490000000000e-09,9.335000000000000853e+01,6.307000000000000000e+07,6.970000000000000000e+07
5.921179192888682336e+07,-1.688852790000000243e-09,9.335500000000000398e+01,6.307000000000000000e+07,6.970000000000000000e+07
5.922941044430811703e+07,-1.688350420000000078e-09,9.335999999999999943e+01,6.307000000000000000e+07,6.970000000000000000e+07
5.920663605028362572e+07,-1.688999860000000058e-09,9.336499999999999488e+01,6.307000000000000000e+07,6.970000000000000000e+07
5.920917268503236771e+07,-1.688927500000000111e-09,9.337000000000000455e+01,6.307000000000000000e+07,6.970000000000000000e+07
5.923019627429983020e+07,-1.688328019999999969e-09,9.337500000000000000e+01,6.307000000000000000e+07,6.970000000000000000e+07
5.920819670696562529e+07,-1.688955340000000052e-09,9.337999999999999545e+01,6.307000000000000000e+07,6.970000000000000000e+07
5.917473949667162448e+07,-1.689910269999999971e-09,9.338500000000000512e+01,6.307000000000000000e+07,6.970000000000000000e+07
5.916392662745407224e+07,-1.690219120000000196e-09,9.339000000000000057e+01,6.307000000000000000e+07,6.970000000000000000e+07
5.912819404000102729e+07,-1.691240560000000058e-09,9.339499999999999602e+01,6.307000000000000000e+07,6.970000000000000000e+07
5.908867070462884754e+07,-1.692371800000000180e-09,9.340000000000000568e+01,6.307000000000000000e+07,6.970000000000000000e+07
5.909287124283831567e+07,-1.692251500000000089e-09,9.340500000000000114e+01,6.307000000000000000e+07,6.970000000000000000e+07
5.909410847280276567e+07,-1.692216070000000044e-09,9.340999999999999659e+01,6.307000000000000000e+07,6.970000000000000000e+07
5.906519500456821918e+07,-1.693044440000000110e-09,9.341500000000000625e+01,6.307000000000000000e+07,6.970000000000000000e+07
5.906075422685711086e+07,-1.693171739999999951e-09,9.342000000000000171e+01,6.307000000000000000e+07,6.970000000000000000e+07
5.905188478705638647e+07,-1.693426050000000202e-09,9.342499999999999716e+01,6.307000000000000000e+07,6.970000000000000000e+07
5.899199876182874292e+07,-1.695145139999999943e-09,9.343000000000000682e+01,6.307000000000000000e+07,6.970000000000000000e+07
5.894219843330811709e+07,-1.696577370000000018e-09,9.343500000000000227e+01,6.307000000000000000e+07,6.970000000000000000e+07
5.893314957662984729e+07,-1.696837870000000133e-09,9.343999999999999773e+01,6.307000000000000000e+07,6.970000000000000000e+07
5.891058123111709952e+07,-1.697487919999999934e-09,9.344500000000000739e+01,6.307000000000000000e+07,6.970000000000000000e+07
5.887054862635789067e+07,-1.698642230000000048e-09,9.345000000000000284e+01,6.307000000000000000e+07,6.970000000000000000e+07
5.886908057486999035e+07,-1.698684590000000151e-09,9.345499999999999829e+01,6.307000000000000000e+07,6.970000000000000000e+07
5.885999109883898497e+07,-1.698946910000000102e-09,9.346000000000000796e+01,6.307000000000000000e+07,6.970000000000000000e+07
5.882506924445963651e+07,-1.699955500000000003e-09,9.346500000000000341e+01,6.307000000000000000e+07,6.970000000000000000e+07
5.882981624277459830e+07,-1.699818330000000242e-09,9.346999999999999886e+01,6.307000000000000000e+07,6.970000000000000000e+07
5.885985113343030959e+07,-1.698950950000000107e-09,9.347500000000000853e+01,6.307000000000000000e+07,6.970000000000000000e+07
5.885402756885088980e+07,-1.699119059999999971e-09,9.348000000000000398e+01,6.307000000000000000e+07,6.970000000000000000e+07
5.885424197863912582e+07,-1.699112870000000107e-09,9.348499999999999943e+01,6.307000000000000000e+07,6.970000000000000000e+07
5.888937570118474960e+07,-1.698099170000000189e-09,9.348999999999999488e+01,6.307000000000000000e+07,6.970000000000000000e+07
5.889641927380844951e+07,-1.697896090000000056e-09,9.349500000000000455e+01,6.307000000000000000e+07,6.970000000000000000e+07
5.888782036284531653e+07,-1.698144020000000010e-09,9.350000000000000000e+01,6.307000000000000000e+07,6.970000000000000000e+07
5.892034697933086008e+07,-1.697206570000000204e-09,9.350499999999999545e+01,6.307000000000000000e+07,6.970000000000000000e+07
5.894198824600089341e+07,-1.696583420000000085e-09,9.351000000000000512e+01,6.307000000000000000e+07,6.970000000000000000e+07
5.893495009503349662e+07,-1.696786029999999986e-09,9.351500000000000057e+01,6.307000000000000000e+07,6.970000000000000000e+07
5.895391431618048996e+07,-1.696240210000000033e-09,9.351999999999999602e+01,6.307000000000000000e+07,6.970000000000000000e+07
5.898255296673069894e+07,-1.695416610000000123e-09,9.352500000000000568e+01,6.307000000000000000e+07,6.970000000000000000e+07
5.897414417238000780e+07,-1.695658350000000006e-09,9.353000000000000114e+01,6.307000000000000000e+07,6.970000000000000000e+07
5.897083508894424140e+07,-1.695753499999999939e-09,9.353499999999999659e+01,6.307000000000000000e+07,6.970000000000000000e+07
5.899941082008367032e+07,-1.694932180000000052e-09,9.354000000000000625e+01,6.307000000000000000e+07,6.970000000000000000e+07
5.901548630687572062e+07,-1.694470490000000158e-09,9.354500000000000171e+01,6.307000000000000000e+07,6.970000000000000000e+07
5.901591748408580571e+07,-1.694458110000000224e-09,9.354999999999999716e+01,6.307000000000000000e+07,6.970000000000000000e+07
5.903619445322836936e+07,-1.693876120000000238e-09,9.355500000000000682e+01,6.307000000000000000e+07,6.970000000000000000e+07
5.904277154610517621e+07,-1.693687430000000101e-09,9.356000000000000227e+01,6.307000000000000000e+07,6.970000000000000000e+07
5.903053526215292513e+07,-1.694038510000000057e-09,9.356499999999999773e+01,6.307000000000000000e+07,6.970000000000000000e+07
5.905110368136686087e+07,-1.693448450000000105e-09,9.357000000000000739e+01,6.307000000000000000e+07,6.970000000000000000e+07
5.908863299676606059e+07,-1.692372880000000028e-09,9.357500000000000284e+01,6.307000000000000000e+07,6.970000000000000000e+07
5.910224412225670367e+07,-1.691983130000000070e-09,9.357999999999999829e+01,6.307000000000000000e+07,6.970000000000000000e+07
5.913133024690653384e+07,-1.691150860000000209e-09,9.358500000000000796e+01,6.307000000000000000e+07,6.970000000000000000e+07
5.919251991228970885e+07,-1.689402649999999995e-09,9.359000000000000341e+01,6.307000000000000000e+07,6.970000000000000000e+07
5.923069619932082295e+07,-1.688313769999999976e-09,9.359499999999999886e+01,6.307000000000000000e+07,6.970000000000000000e+07
5.927312688783797622e+07,-1.687105190000000057e-09,9.360000000000000853e+01,6.307000000000000000e+07,6.970000000000000000e+07
5.935782702012091875e+07,-1.684697790000000064e-09,9.360500000000000398e+01,6.307000000000000000e+07,6.970000000000000000e+07
5.941249773378454149e+07,-1.683147549999999967e-09,9.360999999999999943e+01,6.307000000000000000e+07,6.970000000000000000e+07
5.942992509963337332e+07,-1.682653980000000127e-09,9.361499999999999488e+01,6.307000000000000000e+07,6.970000000000000000e+07
5.946837968426702917e+07,-1.681565910000000201e-09,9.362000000000000455e+01,6.307000000000000000e+07,6.970000000000000000e+07
5.952124833866523951e+07,-1.680072290000000037e-09,9.362500000000000000e+01,6.307000000000000000e+07,6.970000000000000000e+07
5.954091619608900696e+07,-1.679517320000000063e-09,9.362999999999999545e+01,6.307000000000000000e+07,6.970000000000000000e+07
5.957539756271329522e+07,-1.678545240000000053e-09,9.363500000000000512e+01,6.307000000000000000e+07,6.970000000000000000e+07
5.964104251301779598e+07,-1.676697719999999987e-09,9.364000000000000057e+01,6.307000000000000000e+07,6.970000000000000000e+07
5.966826034424325824e+07,-1.675932890000000075e-09,9.364499999999999602e+01,6.307000000000000000e+07,6.970000000000000000e+07
5.969511745515798032e+07,-1.675178880000000180e-09,9.365000000000000568e+01,6.307000000000000000e+07,6.970000000000000000e+07
5.977726548528418690e+07,-1.672876790000000090e-09,9.365500000000000114e+01,6.307000000000000000e+07,6.970000000000000000e+07
5.984723896498604864e+07,-1.670920860000000166e-09,9.365999999999999659e+01,6.307000000000000000e+07,6.970000000000000000e+07
5.988427292396315932e+07,-1.669887520000000233e-09,9.366500000000000625e+01,6.307000000000000000e+07,6.970000000000000000e+07
5.994564201117196679e+07,-1.668177980000000227e-09,9.367000000000000171e+01,6.307000000000000000e+07,6.970000000000000000e+07
6.002207816109830886e+07,-1.666053610000000211e-09,9.367499999999999716e+01,6.307000000000000000e+07,6.970000000000000000e+07
6.006100227830600739e+07,-1.664973880000000214e-09,9.368000000000000682e+01,6.307000000000000000e+07,6.970000000000000000e+07
6.011575179800352454e+07,-1.663457530000000125e-09,9.368500000000000227e+01,6.307000000000000000e+07,6.970000000000000000e+07
6.019665259176628292e+07,-1.661221939999999934e-09,9.368999999999999773e+01,6.307000000000000000e+07,6.970000000000000000e+07
6.025006814885208011e+07,-1.659749160000000168e-09,9.369500000000000739e+01,6.307000000000000000e+07,6.970000000000000000e+07
6.027713631016752124e+07,-1.659003830000000269e-09,9.370000000000000284e+01,6.307000000000000000e+07,6.970000000000000000e+07
6.034695091448412091e+07,-1.657084550000000034e-09,9.370499999999999829e+01,6.307000000000000000e+07,6.970000000000000000e+07
6.041250698866984248e+07,-1.655286379999999982e-09,9.371000000000000796e+01,6.307000000000000000e+07,6.970000000000000000e+07
6.044832235745941848e+07,-1.654305630000000228e-09,9.371500000000000341e+01,6.307000000000000000e+07,6.970000000000000000e+07
6.052238126132176816e+07,-1.652281320000000096e-09,9.371999999999999886e+01,6.307000000000000000e+07,6.970000000000000000e+07
6.060904440768317133e+07,-1.649918770000000131e-09,9.372500000000000853e+01,6.307000000000000000e+07,6.970000000000000000e+07
6.066468401537504792e+07,-1.648405520000000203e-09,9.373000000000000398e+01,6.307000000000000000e+07,6.970000000000000000e+07
6.072431144991687685e+07,-1.646786890000000060e-09,9.373499999999999943e+01,6.307000000000000000e+07,6.970000000000000000e+07
6.079648108022020012e+07,-1.644832040000000191e-09,9.373999999999999488e+01,6.307000000000000000e+07,6.970000000000000000e+07
6.082893635422159731e+07,-1.643954440000000024e-09,9.374500000000000455e+01,6.307000000000000000e+07,6.970000000000000000e+07
6.085593692720299959e+07,-1.643225050000000202e-09,9.375000000000000000e+01,6.307000000000000000e+07,6.970000000000000000e+07
6.091718645982000232e+07,-1.641572860000000073e-09,9.375499999999999545e+01,6.307000000000000000e+07,6.970000000000000000e+07
6.095787287356308848e+07,-1.640477189999999999e-09,9.376000000000000512e+01,6.307000000000000000e+07,6.970000000000000000e+07
6.096486767206634581e+07,-1.640288970000000094e-09,9.376500000000000057e+01,6.307000000000000000e+07,6.970000000000000000e+07
6.098895741255762428e+07,-1.639641080000000195e-09,9.376999999999999602e+01,6.307000000000000000e+07,6.970000000000000000e+07
6.100368335359794647e+07,-1.639245279999999964e-09,9.377500000000000568e+01,6.307000000000000000e+07,6.970000000000000000e+07
6.096747171388238668e+07,-1.640218910000000054e-09,9.378000000000000114e+01,6.307000000000000000e+07,6.970000000000000000e+07
6.093656390964362770e+07,-1.641050850000000100e-09,9.378499999999999659e+01,6.307000000000000000e+07,6.970000000000000000e+07
6.092135891451248527e+07,-1.641460430000000091e-09,9.379000000000000625e+01,6.307000000000000000e+07,6.970000000000000000e+07
6.088431521042282879e+07,-1.642459140000000028e-09,9.379500000000000171e+01,6.307000000000000000e+07,6.970000000000000000e+07
6.086047991202788800e+07,-1.643102389999999937e-09,9.379999999999999716e+01,6.307000000000000000e+07,6.970000000000000000e+07
6.088927618798448890e+07,-1.642325320000000094e-09,9.380500000000000682e+01,6.307000000000000000e+07,6.970000000000000000e+07
6.091223354841889441e+07,-1.641706340000000147e-09,9.381000000000000227e+01,6.307000000000000000e+07,6.970000000000000000e+07
6.091661758360968530e+07,-1.641588190000000120e-09,9.381499999999999773e+01,6.307000000000000000e+07,6.970000000000000000e+07
6.095793530011308193e+07,-1.640475509999999960e-09,9.382000000000000739e+01,6.307000000000000000e+07,6.970000000000000000e+07
6.099386514555285871e+07,-1.639509150000000202e-09,9.382500000000000284e+01,6.307000000000000000e+07,6.970000000000000000e+07
6.100093816392848641e+07,-1.639319050000000195e-09,9.382999999999999829e+01,6.307000000000000000e+07,6.970000000000000000e+07
6.102570776898818463e+07,-1.638653670000000138e-09,9.383500000000000796e+01,6.307000000000000000e+07,6.970000000000000000e+07
6.106890405054712296e+07,-1.637494590000000076e-09,9.384000000000000341e+01,6.307000000000000000e+07,6.970000000000000000e+07
6.107059463937222213e+07,-1.637449259999999977e-09,9.384499999999999886e+01,6.307000000000000000e+07,6.970000000000000000e+07
6.107986526490249485e+07,-1.637200730000000038e-09,9.385000000000000853e+01,6.307000000000000000e+07,6.970000000000000000e+07
6.114052551223241538e+07,-1.635576390000000102e-09,9.385500000000000398e+01,6.307000000000000000e+07,6.970000000000000000e+07
6.116899628381220251e+07,-1.634815120000000126e-09,9.385999999999999943e+01,6.307000000000000000e+07,6.970000000000000000e+07
6.115460817554552853e+07,-1.635199750000000022e-09,9.386499999999999488e+01,6.307000000000000000e+07,6.970000000000000000e+07
6.116507903121512383e+07,-1.634919820000000000e-09,9.387000000000000455e+01,6.307000000000000000e+07,6.970000000000000000e+07
6.117028194043585658e+07,-1.634780760000000092e-09,9.387500000000000000e+01,6.307000000000000000e+07,6.970000000000000000e+07
6.112657786723122746e+07,-1.635949590000000160e-09,9.387999999999999545e+01,6.307000000000000000e+07,6.970000000000000000e+07
6.108641119405064732e+07,-1.637025289999999989e-09,9.388500000000000512e+01,6.307000000000000000e+07,6.970000000000000000e+07
6.107019072446522862e+07,-1.637460090000000038e-09,9.389000000000000057e+01,6.307000000000000000e+07,6.970000000000000000e+07
6.102574277589614689e+07,-1.638652730000000087e-09,9.389499999999999602e+01,6.307000000000000000e+07,6.970000000000000000e+07
6.098245243347366154e+07,-1.639815980000000114e-09,9.390000000000000568e+01,6.307000000000000000e+07,6.970000000000000000e+07
6.098099690660477430e+07,-1.639855120000000141e-09,9.390500000000000114e+01,6.307000000000000000e+07,6.970000000000000000e+07
6.095953948335351050e+07,-1.640432340000000178e-09,9.390999999999999659e+01,6.307000000000000000e+07,6.970000000000000000e+07
6.091757054076484591e+07,-1.641562510000000082e-09,9.391500000000000625e+01,6.307000000000000000e+07,6.970000000000000000e+07
6.091132045722839236e+07,-1.641730949999999968e-09,9.392000000000000171e+01,6.307000000000000000e+07,6.970000000000000000e+07
6.090521595314683765e+07,-1.641895500000000102e-09,9.392499999999999716e+01,6.307000000000000000e+07,6.970000000000000000e+07
6.085900797881677747e+07,-1.643142130000000156e-09,9.393000000000000682e+01,6.307000000000000000e+07,6.970000000000000000e+07
6.083454520309968293e+07,-1.643802870000000222e-09,9.393500000000000227e+01,6.307000000000000000e+07,6.970000000000000000e+07
6.084906447970910370e+07,-1.643410639999999971e-09,9.393999999999999773e+01,6.307000000000000000e+07,6.970000000000000000e+07
6.084622397095892578e+07,-1.643487360000000108e-09,9.394500000000000739e+01,6.307000000000000000e+07,6.970000000000000000e+07
6.081964963186535239e+07,-1.644205460000000095e-09,9.395000000000000284e+01,6.307000000000000000e+07,6.970000000000000000e+07
6.082850084856671095e+07,-1.643966210000000137e-09,9.395499999999999829e+01,6.307000000000000000e+07,6.970000000000000000e+07
6.083132268069405109e+07,-1.643889949999999981e-09,9.396000000000000796e+01,6.307000000000000000e+07,6.970000000000000000e+07
6.081508315258482844e+07,-1.644328919999999994e-09,9.396500000000000341e+01,6.307000000000000000e+07,6.970000000000000000e+07
6.081694354208655655e+07,-1.644278620000000090e-09,9.396999999999999886e+01,6.307000000000000000e+07,6.970000000000000000e+07
6.082238333774214238e+07,-1.644131560000000113e-09,9.397500000000000853e+01,6.307000000000000000e+07,6.970000000000000000e+07
6.080863739506693929e+07,-1.644503220000000135e-09,9.398000000000000398e+01,6.307000000000000000e+07,6.970000000000000000e+07
6.082352757203188539e+07,-1.644100630000000262e-09,9.398499999999999943e+01,6.307000000000000000e+07,6.970000000000000000e+07
6.087021520542845130e+07,-1.642839600000000167e-09,9.398999999999999488e+01,6.307000000000000000e+07,6.970000000000000000e+07
6.089797560574470460e+07,-1.642090710000000126e-09,9.399500000000000455e+01,6.307000000000000000e+07,6.970000000000000000e+07
6.092327072281294316e+07,-1.641408919999999967e-09,9.400000000000000000e+01,6.307000000000000000e+07,6.970000000000000000e+07
6.097913910968554765e+07,-1.639905079999999979e-09,9.400499999999999545e+01,6.307000000000000000e+07,6.970000000000000000e+07
6.100084067088554054e+07,-1.639321670000000078e-09,9.401000000000000512e+01,6.307000000000000000e+07,6.970000000000000000e+07
6.100343066823152453e+07,-1.639252070000000019e-09,9.401500000000000057e+01,6.307000000000000000e+07,6.970000000000000000e+07
6.102326632244378328e+07,-1.638719229999999985e-09,9.401999999999999602e+01,6.307000000000000000e+07,6.970000000000000000e+07
6.102138323515602946e+07,-1.638769800000000058e-09,9.402500000000000568e+01,6.307000000000000000e+07,6.970000000000000000e+07
6.097122614800298214e+07,-1.640117910000000118e-09,9.403000000000000114e+01,6.307000000000000000e+07,6.970000000000000000e+07
6.093390495673308522e+07,-1.641122460000000221e-09,9.403499999999999659e+01,6.307000000000000000e+07,6.970000000000000000e+07
6.092043552920982242e+07,-1.641485310000000082e-09,9.404000000000000625e+01,6.307000000000000000e+07,6.970000000000000000e+07
6.087332697726518661e+07,-1.642755620000000156e-09,9.404500000000000171e+01,6.307000000000000000e+07,6.970000000000000000e+07
6.082329376443545520e+07,-1.644106950000000085e-09,9.404999999999999716e+01,6.307000000000000000e+07,6.970000000000000000e+07
6.081626187920242548e+07,-1.644297050000000092e-09,9.405500000000000682e+01,6.307000000000000000e+07,6.970000000000000000e+07
6.079606341112096608e+07,-1.644843340000000071e-09,9.406000000000000227e+01,6.307000000000000000e+07,6.970000000000000000e+07
6.073900651162844896e+07,-1.646388470000000152e-09,9.406499999999999773e+01,6.307000000000000000e+07,6.970000000000000000e+07
6.071519303779367357e+07,-1.647034209999999986e-09,9.407000000000000739e+01,6.307000000000000000e+07,6.970000000000000000e+07
6.070381471816557646e+07,-1.647342930000000045e-09,9.407500000000000284e+01,6.307000000000000000e+07,6.970000000000000000e+07
6.064926309780728072e+07,-1.648824649999999931e-09,9.407999999999999829e+01,6.307000000000000000e+07,6.970000000000000000e+07
6.061174929423981905e+07,-1.649845140000000110e-09,9.408500000000000796e+01,6.307000000000000000e+07,6.970000000000000000e+07
6.060565803756842762e+07,-1.650010960000000112e-09,9.409000000000000341e+01,6.307000000000000000e+07,6.970000000000000000e+07
6.059027188284924626e+07,-1.650429960000000087e-09,9.409499999999999886e+01,6.307000000000000000e+07,6.970000000000000000e+07
6.058593469293058664e+07,-1.650548109999999907e-09,9.410000000000000853e+01,6.307000000000000000e+07,6.970000000000000000e+07
6.061647782330399007e+07,-1.649716440000000030e-09,9.410500000000000398e+01,6.307000000000000000e+07,6.970000000000000000e+07
6.060635702624315023e+07,-1.649991930000000126e-09,9.410999999999999943e+01,6.307000000000000000e+07,6.970000000000000000e+07
6.055781657920291275e+07,-1.651314490000000106e-09,9.411499999999999488e+01,6.307000000000000000e+07,6.970000000000000000e+07
6.052880091089550406e+07,-1.652106080000000110e-09,9.412000000000000455e+01,6.307000000000000000e+07,6.970000000000000000e+07
6.049255018516406417e+07,-1.653096120000000096e-09,9.412500000000000000e+01,6.307000000000000000e+07,6.970000000000000000e+07
6.041514289607091993e+07,-1.655214160000000246e-09,9.412999999999999545e+01,6.307000000000000000e+07,6.970000000000000000e+07
6.036793981625484675e+07,-1.656508410000000052e-09,9.413500000000000512e+01,6.307000000000000000e+07,6.970000000000000000e+07
6.034717124143485725e+07,-1.657078499999999966e-09,9.414000000000000057e+01,6.307000000000000000e+07,6.970000000000000000e+07
6.030137784427278489e+07,-1.658336899999999925e-09,9.414499999999999602e+01,6.307000000000000000e+07,6.970000000000000000e+07
6.024379059569247067e+07,-1.659922110000000086e-09,9.415000000000000568e+01,6.307000000000000000e+07,6.970000000000000000e+07
6.022524361562731862e+07,-1.660433300000000042e-09,9.415500000000000114e+01,6.307000000000000000e+07,6.970000000000000000e+07
6.018791111239833385e+07,-1.661463209999999999e-09,9.415999999999999659e+01,6.307000000000000000e+07,6.970000000000000000e+07
6.013306919040828198e+07,-1.662978480000000239e-09,9.416500000000000625e+01,6.307000000000000000e+07,6.970000000000000000e+07
6.011784901943279058e+07,-1.663399500000000114e-09,9.417000000000000171e+01,6.307000000000000000e+07,6.970000000000000000e+07
6.012729718443349004e+07,-1.663138120000000008e-09,9.417499999999999716e+01,6.307000000000000000e+07,6.970000000000000000e+07
6.009490608232863992e+07,-1.664034550000000097e-09,9.418000000000000682e+01,6.307000000000000000e+07,6.970000000000000000e+07
6.007344146424639970e+07,-1.664629120000000081e-09,9.418500000000000227e+01,6.307000000000000000e+07,6.970000000000000000e+07
6.005916115657896549e+07,-1.665024920000000106e-09,9.418999999999999773e+01,6.307000000000000000e+07,6.970000000000000000e+07
6.000609565922144800e+07,-1.666497360000000011e-09,9.419500000000000739e+01,6.307000000000000000e+07,6.970000000000000000e+07
5.996772632917325944e+07,-1.667563640000000063e-09,9.420000000000000284e+01,6.307000000000000000e+07,6.970000000000000000e+07
5.996980100730674714e+07,-1.667505950000000119e-09,9.420499999999999829e+01,6.307000000000000000e+07,6.970000000000000000e+07
5.995229499963207543e+07,-1.667992860000000070e-09,9.421000000000000796e+01,6.307000000000000000e+07,6.970000000000000000e+07
5.991674855388829857e+07,-1.668982420000000192e-09,9.421500000000000341e+01,6.307000000000000000e+07,6.970000000000000000e+07
5.992290750165770203e+07,-1.668810880000000146e-09,9.421999999999999886e+01,6.307000000000000000e+07,6.970000000000000000e+07
5.991557787229753286e+07,-1.669015030000000082e-09,9.422500000000000853e+01,6.307000000000000000e+07,6.970000000000000000e+07
5.986043790316715091e+07,-1.670552430000000264e-09,9.423000000000000398e+01,6.307000000000000000e+07,6.970000000000000000e+07
5.982157318474053591e+07,-1.671637749999999933e-09,9.423499999999999943e+01,6.307000000000000000e+07,6.970000000000000000e+07
5.980330704274303466e+07,-1.672148330000000068e-09,9.423999999999999488e+01,6.307000000000000000e+07,6.970000000000000000e+07
5.974454249287270010e+07,-1.673793050000000007e-09,9.424500000000000455e+01,6.307000000000000000e+07,6.970000000000000000e+07
5.968869136203105003e+07,-1.675359230000000181e-09,9.425000000000000000e+01,6.307000000000000000e+07,6.970000000000000000e+07
5.967784300977133214e+07,-1.675663780000000069e-09,9.425499999999999545e+01,6.307000000000000000e+07,6.970000000000000000e+07
5.966099287442511320e+07,-1.676137040000000012e-09,9.426000000000000512e+01,6.307000000000000000e+07,6.970000000000000000e+07
5.963880876679991931e+07,-1.676760520000000153e-09,9.426500000000000057e+01,6.307000000000000000e+07,6.970000000000000000e+07
5.965727136231435835e+07,-1.676241600000000090e-09,9.426999999999999602e+01,6.307000000000000000e+07,6.970000000000000000e+07
5.966459310328615457e+07,-1.676035900000000073e-09,9.427500000000000568e+01,6.307000000000000000e+07,6.970000000000000000e+07
5.962850688889034837e+07,-1.677050210000000019e-09,9.428000000000000114e+01,6.307000000000000000e+07,6.970000000000000000e+07
5.960755068157329410e+07,-1.677639810000000197e-09,9.428499999999999659e+01,6.307000000000000000e+07,6.970000000000000000e+07
5.960112708592173457e+07,-1.677820620000000180e-09,9.429000000000000625e+01,6.307000000000000000e+07,6.970000000000000000e+07
5.956513425391566008e+07,-1.678834460000000100e-09,9.429500000000000171e+01,6.307000000000000000e+07,6.970000000000000000e+07
5.952597300947140157e+07,-1.679938940000000129e-09,9.429999999999999716e+01,6.307000000000000000e+07,6.970000000000000000e+07
5.953212807563438267e+07,-1.679765250000000017e-09,9.430500000000000682e+01,6.307000000000000000e+07,6.970000000000000000e+07
5.951148037455692887e+07,-1.680348050000000095e-09,9.431000000000000227e+01,6.307000000000000000e+07,6.970000000000000000e+07
5.946887196749712527e+07,-1.681551990000000023e-09,9.431499999999999773e+01,6.307000000000000000e+07,6.970000000000000000e+07
5.947525081367495656e+07,-1.681371640000000229e-09,9.432000000000000739e+01,6.307000000000000000e+07,6.970000000000000000e+07
5.947873561745437980e+07,-1.681273130000000011e-09,9.432500000000000284e+01,6.307000000000000000e+07,6.970000000000000000e+07
5.944049093851114064e+07,-1.682354880000000115e-09,9.432999999999999829e+01,6.307000000000000000e+07,6.970000000000000000e+07
5.942088477008140832e+07,-1.682909980000000048e-09,9.433500000000000796e+01,6.307000000000000000e+07,6.970000000000000000e+07
5.942101541150586307e+07,-1.682906280000000109e-09,9.434000000000000341e+01,6.307000000000000000e+07,6.970000000000000000e+07
5.937809567701812088e+07,-1.684122720000000093e-09,9.434499999999999886e+01,6.307000000000000000e+07,6.970000000000000000e+07
5.933639058943358064e+07,-1.685306420000000228e-09,9.435000000000000853e+01,6.307000000000000000e+07,6.970000000000000000e+07
5.932986865885923803e+07,-1.685491679999999975e-09,9.435500000000000398e+01,6.307000000000000000e+07,6.970000000000000000e+07
5.929177047420430928e+07,-1.686574700000000152e-09,9.435999999999999943e+01,6.307000000000000000e+07,6.970000000000000000e+07
5.923715844587499648e+07,-1.688129590000000077e-09,9.436499999999999488e+01,6.307000000000000000e+07,6.970000000000000000e+07
5.922325187307303399e+07,-1.688525990000000086e-09,9.437000000000000455e+01,6.307000000000000000e+07,6.970000000000000000e+07
5.921853305105358362e+07,-1.688660540000000170e-09,9.437500000000000000e+01,6.307000000000000000e+07,6.970000000000000000e+07
5.918102247360268235e+07,-1.689730860000000228e-09,9.437999999999999545e+01,6.307000000000000000e+07,6.970000000000000000e+07
5.917210217159307003e+07,-1.689985590000000076e-09,9.438500000000000512e+01,6.307000000000000000e+07,6.970000000000000000e+07
5.918793070021381229e+07,-1.689533640000000143e-09,9.439000000000000057e+01,6.307000000000000000e+07,6.970000000000000000e+07
5.917795138418855518e+07,-1.689818550000000223e-09,9.439499999999999602e+01,6.307000000000000000e+07,6.970000000000000000e+07
5.916811651726312935e+07,-1.690099430000000134e-09,9.440000000000000568e+01,6.307000000000000000e+07,6.970000000000000000e+07
5.918859736880286038e+07,-1.689514610000000157e-09,9.440500000000000114e+01,6.307000000000000000e+07,6.970000000000000000e+07
5.919484544545506686e+07,-1.689336280000000055e-09,9.440999999999999659e+01,6.307000000000000000e+07,6.970000000000000000e+07
5.918403468525332212e+07,-1.689644860000000111e-09,9.441500000000000625e+01,6.307000000000000000e+07,6.970000000000000000e+07
5.923381030825979263e+07,-1.688225010000000178e-09,9.442000000000000171e+01,6.307000000000000000e+07,6.970000000000000000e+07
5.930236496230305731e+07,-1.686273390000000015e-09,9.442499999999999716e+01,6.307000000000000000e+07,6.970000000000000000e+07
5.932084255480774492e+07,-1.685748140000000084e-09,9.443000000000000682e+01,6.307000000000000000e+07,6.970000000000000000e+07
5.934820454529619217e+07,-1.684970940000000076e-09,9.443500000000000227e+01,6.307000000000000000e+07,6.970000000000000000e+07
5.938821844407309592e+07,-1.683835660000000155e-09,9.443999999999999773e+01,6.307000000000000000e+07,6.970000000000000000e+07
5.940619868752459437e+07,-1.683326020000000072e-09,9.444500000000000739e+01,6.307000000000000000e+07,6.970000000000000000e+07
5.941655450851241499e+07,-1.683032630000000061e-09,9.445000000000000284e+01,6.307000000000000000e+07,6.970000000000000000e+07
5.944318051070204377e+07,-1.682278760000000169e-09,9.445499999999999829e+01,6.307000000000000000e+07,6.970000000000000000e+07
5.943582999025114626e+07,-1.682486810000000315e-09,9.446000000000000796e+01,6.307000000000000000e+07,6.970000000000000000e+07
5.940774835419595987e+07,-1.683282110000000096e-09,9.446500000000000341e+01,6.307000000000000000e+07,6.970000000000000000e+07
5.941367743136943132e+07,-1.683114130000000191e-09,9.446999999999999886e+01,6.307000000000000000e+07,6.970000000000000000e+07
5.942141440103410929e+07,-1.682894980000000023e-09,9.447500000000000853e+01,6.307000000000000000e+07,6.970000000000000000e+07
5.938916721160186827e+07,-1.683808760000000059e-09,9.448000000000000398e+01,6.307000000000000000e+07,6.970000000000000000e+07
5.939082039681988209e+07,-1.683761890000000132e-09,9.448499999999999943e+01,6.307000000000000000e+07,6.970000000000000000e+07
5.941547919038494676e+07,-1.683063090000000299e-09,9.448999999999999488e+01,6.307000000000000000e+07,6.970000000000000000e+07
5.939831149845463037e+07,-1.683549540000000063e-09,9.449500000000000455e+01,6.307000000000000000e+07,6.970000000000000000e+07
5.937878320783686638e+07,-1.684103220000000081e-09,9.450000000000000000e+01,6.307000000000000000e+07,6.970000000000000000e+07
5.939383742371960729e+07,-1.683676360000000040e-09,9.450499999999999545e+01,6.307000000000000000e+07,6.970000000000000000e+07
5.939640176716886461e+07,-1.683603670000000278e-09,9.451000000000000512e+01,6.307000000000000000e+07,6.970000000000000000e+07
5.938385485649982840e+07,-1.683959390000000223e-09,9.451500000000000057e+01,6.307000000000000000e+07,6.970000000000000000e+07
5.940622021502069384e+07,-1.683325410000000043e-09,9.451999999999999602e+01,6.307000000000000000e+07,6.970000000000000000e+07
5.941660887559717894e+07,-1.683031090000000232e-09,9.452500000000000568e+01,6.307000000000000000e+07,6.970000000000000000e+07
5.938436231587135792e+07,-1.683945000000000227e-09,9.453000000000000114e+01,6.307000000000000000e+07,6.970000000000000000e+07
5.936498275281028450e+07,-1.684494720000000182e-09,9.453499999999999659e+01,6.307000000000000000e+07,6.970000000000000000e+07
5.935825792915326357e+07,-1.684685559999999971e-09,9.454000000000000625e+01,6.307000000000000000e+07,6.970000000000000000e+07
5.931529648489960283e+07,-1.685905760000000161e-09,9.454500000000000171e+01,6.307000000000000000e+07,6.970000000000000000e+07
5.928987918797767162e+07,-1.686628500000000138e-09,9.454999999999999716e+01,6.307000000000000000e+07,6.970000000000000000e+07
5.930740246055500209e+07,-1.686130160000000142e-09,9.455500000000000682e+01,6.307000000000000000e+07,6.970000000000000000e+07
5.930541099367413670e+07,-1.686186780000000282e-09,9.456000000000000227e+01,6.307000000000000000e+07,6.970000000000000000e+07
5.929435906020504236e+07,-1.686501070000000132e-09,9.456499999999999773e+01,6.307000000000000000e+07,6.970000000000000000e+07
5.932543093281123787e+07,-1.685617760000000171e-09,9.457000000000000739e+01,6.307000000000000000e+07,6.970000000000000000e+07
5.935341329342077672e+07,-1.684823070000000006e-09,9.457500000000000284e+01,6.307000000000000000e+07,6.970000000000000000e+07
5.933381030201199651e+07,-1.685379710000000182e-09,9.457999999999999829e+01,6.307000000000000000e+07,6.970000000000000000e+07
5.933723594729740918e+07,-1.685282409999999978e-09,9.458500000000000796e+01,6.307000000000000000e+07,6.970000000000000000e+07
5.935757087356287986e+07,-1.684705059999999983e-09,9.459000000000000341e+01,6.307000000000000000e+07,6.970000000000000000e+07
5.934620082803024352e+07,-1.685027829999999971e-09,9.459499999999999886e+01,6.307000000000000000e+07,6.970000000000000000e+07
5.933480697259929776e+07,-1.685351400000000215e-09,9.460000000000000853e+01,6.307000000000000000e+07,6.970000000000000000e+07
5.935927691473082453e+07,-1.684656640000000182e-09,9.460500000000000398e+01,6.307000000000000000e+07,6.970000000000000000e+07
5.936094957858978957e+07,-1.684609170000000270e-09,9.460999999999999943e+01,6.307000000000000000e+07,6.970000000000000000e+07
5.935513565384768695e+07,-1.684774180000000179e-09,9.461499999999999488e+01,6.307000000000000000e+07,6.970000000000000000e+07
5.937705947475255281e+07,-1.684152110000000115e-09,9.462000000000000455e+01,6.307000000000000000e+07,6.970000000000000000e+07
5.937982405401853472e+07,-1.684073700000000101e-09,9.462500000000000000e+01,6.307000000000000000e+07,6.970000000000000000e+07
5.934158071325518191e+07,-1.685159019999999977e-09,9.462999999999999545e+01,6.307000000000000000e+07,6.970000000000000000e+07
5.933161570283593982e+07,-1.685442050000000160e-09,9.463500000000000512e+01,6.307000000000000000e+07,6.970000000000000000e+07
5.933972427702171355e+07,-1.685211740000000115e-09,9.464000000000000057e+01,6.307000000000000000e+07,6.970000000000000000e+07
5.930394262751561403e+07,-1.686228530000000149e-09,9.464499999999999602e+01,6.307000000000000000e+07,6.970000000000000000e+07
5.926856275531155616e+07,-1.687235110000000196e-09,9.465000000000000568e+01,6.307000000000000000e+07,6.970000000000000000e+07
5.925984325404047966e+07,-1.687483370000000173e-09,9.465500000000000114e+01,6.307000000000000000e+07,6.970000000000000000e+07
5.922495020173705369e+07,-1.688477570000000285e-09,9.465999999999999659e+01,6.307000000000000000e+07,6.970000000000000000e+07
5.918048065830094367e+07,-1.689746330000000073e-09,9.466500000000000625e+01,6.307000000000000000e+07,6.970000000000000000e+07
5.917517265392187238e+07,-1.689897900000000081e-09,9.467000000000000171e+01,6.307000000000000000e+07,6.970000000000000000e+07
5.916582143853305280e+07,-1.690164989999999981e-09,9.467499999999999716e+01,6.307000000000000000e+07,6.970000000000000000e+07
5.913252013463789225e+07,-1.691116829999999990e-09,9.468000000000000682e+01,6.307000000000000000e+07,6.970000000000000000e+07
5.913314779086129367e+07,-1.691098880000000059e-09,9.468500000000000227e+01,6.307000000000000000e+07,6.970000000000000000e+07
5.915007540569912642e+07,-1.690614920000000221e-09,9.468999999999999773e+01,6.307000000000000000e+07,6.970000000000000000e+07
5.913012432374724001e+07,-1.691185350000000202e-09,9.469500000000000739e+01,6.307000000000000000e+07,6.970000000000000000e+07
5.912940023405544460e+07,-1.691206060000000228e-09,9.470000000000000284e+01,6.307000000000000000e+07,6.970000000000000000e+07
5.915599060264497250e+07,-1.690445870000000099e-09,9.470499999999999829e+01,6.307000000000000000e+07,6.970000000000000000e+07
5.916271902437931299e+07,-1.690253620000000027e-09,9.471000000000000796e+01,6.307000000000000000e+07,6.970000000000000000e+07
5.916551758849728107e+07,-1.690173670000000184e-09,9.471500000000000341e+01,6.307000000000000000e+07,6.970000000000000000e+07
5.919733866761341691e+07,-1.689265129999999915e-09,9.471999999999999886e+01,6.307000000000000000e+07,6.970000000000000000e+07
5.921987234149779379e+07,-1.688622350000000032e-09,9.472500000000000853e+01,6.307000000000000000e+07,6.970000000000000000e+07
5.921070262344741821e+07,-1.688883860000000097e-09,9.473000000000000398e+01,6.307000000000000000e+07,6.970000000000000000e+07
5.922510804392041266e+07,-1.688473070000000091e-09,9.473499999999999943e+01,6.307000000000000000e+07,6.970000000000000000e+07
5.924834773243953288e+07,-1.687810780000000152e-09,9.473999999999999488e+01,6.307000000000000000e+07,6.970000000000000000e+07
5.926168521316416562e+07,-1.687430919999999997e-09,9.474500000000000455e+01,6.307000000000000000e+07,6.970000000000000000e+07
5.933232363167172670e+07,-1.685421939999999912e-09,9.475000000000000000e+01,6.307000000000000000e+07,6.970000000000000000e+07
5.945913744805508852e+07,-1.681827290000000100e-09,9.475499999999999545e+01,6.307000000000000000e+07,6.970000000000000000e+07
5.957025446554116160e+07,-1.678690160000000010e-09,9.476000000000000512e+01,6.307000000000000000e+07,6.970000000000000000e+07
5.964329812623242289e+07,-1.676634310000000205e-09,9.476500000000000057e+01,6.307000000000000000e+07,6.970000000000000000e+07
5.974198155072022229e+07,-1.673864800000000132e-09,9.476999999999999602e+01,6.307000000000000000e+07,6.970000000000000000e+07
5.981353704037618637e+07,-1.671862339999999934e-09,9.477500000000000568e+01,6.307000000000000000e+07,6.970000000000000000e+07
5.984238616583824158e+07,-1.671056359999999933e-09,9.478000000000000114e+01,6.307000000000000000e+07,6.970000000000000000e+07
5.988349617911555618e+07,-1.669909180000000148e-09,9.478499999999999659e+01,6.307000000000000000e+07,6.970000000000000000e+07
5.991737142827080935e+07,-1.668965070000000245e-09,9.479000000000000625e+01,6.307000000000000000e+07,6.970000000000000000e+07
5.991054744179356843e+07,-1.669155170000000046e-09,9.479500000000000171e+01,6.307000000000000000e+07,6.970000000000000000e+07
5.989435199315316975e+07,-1.669606509999999949e-09,9.479999999999999716e+01,6.307000000000000000e+07,6.970000000000000000e+07
5.989081831951370090e+07,-1.669705020000000167e-09,9.480500000000000682e+01,6.307000000000000000e+07,6.970000000000000000e+07
5.985361004056279361e+07,-1.670743000000000090e-09,9.481000000000000227e+01,6.307000000000000000e+07,6.970000000000000000e+07
5.980444687447188795e+07,-1.672116460000000166e-09,9.481499999999999773e+01,6.307000000000000000e+07,6.970000000000000000e+07
5.979989460268575698e+07,-1.672243750000000169e-09,9.482000000000000739e+01,6.307000000000000000e+07,6.970000000000000000e+07
5.980024326738961041e+07,-1.672234000000000163e-09,9.482500000000000284e+01,6.307000000000000000e+07,6.970000000000000000e+07
5.978062495358781517e+07,-1.672782780000000067e-09,9.482999999999999829e+01,6.307000000000000000e+07,6.970000000000000000e+07
5.978354983168718964e+07,-1.672700940000000076e-09,9.483500000000000796e+01,6.307000000000000000e+07,6.970000000000000000e+07
5.980315790575321764e+07,-1.672152500000000032e-09,9.484000000000000341e+01,6.307000000000000000e+07,6.970000000000000000e+07
5.977960860401210934e+07,-1.672811220000000199e-09,9.484499999999999886e+01,6.307000000000000000e+07,6.970000000000000000e+07
5.976977209761991352e+07,-1.673086520000000069e-09,9.485000000000000853e+01,6.307000000000000000e+07,6.970000000000000000e+07
5.979451352331852168e+07,-1.672394240000000123e-09,9.485500000000000398e+01,6.307000000000000000e+07,6.970000000000000000e+07
5.979615574222094566e+07,-1.672348310000000247e-09,9.485999999999999943e+01,6.307000000000000000e+07,6.970000000000000000e+07
5.977992343997160345e+07,-1.672802410000000244e-09,9.486499999999999488e+01,6.307000000000000000e+07,6.970000000000000000e+07
5.980127712683854997e+07,-1.672205090000000211e-09,9.487000000000000455e+01,6.307000000000000000e+07,6.970000000000000000e+07
5.981531948331144452e+07,-1.671812520000000100e-09,9.487500000000000000e+01,6.307000000000000000e+07,6.970000000000000000e+07
5.979790353692819178e+07,-1.672299430000000051e-09,9.487999999999999545e+01,6.307000000000000000e+07,6.970000000000000000e+07
5.981052730713322759e+07,-1.671946469999999993e-09,9.488500000000000512e+01,6.307000000000000000e+07,6.970000000000000000e+07
5.983407949920790642e+07,-1.671288350000000017e-09,9.489000000000000057e+01,6.307000000000000000e+07,6.970000000000000000e+07
5.981809138954167068e+07,-1.671735049999999930e-09,9.489499999999999602e+01,6.307000000000000000e+07,6.970000000000000000e+07
5.980660434044995904e+07,-1.672056140000000087e-09,9.490000000000000568e+01,6.307000000000000000e+07,6.970000000000000000e+07
5.983002099579028785e+07,-1.671401720000000050e-09,9.490500000000000114e+01,6.307000000000000000e+07,6.970000000000000000e+07
5.982385929495296627e+07,-1.671573870000000126e-09,9.490999999999999659e+01,6.307000000000000000e+07,6.970000000000000000e+07
5.981345976303701103e+07,-1.671864500000000250e-09,9.491500000000000625e+01,6.307000000000000000e+07,6.970000000000000000e+07
5.987107530283299088e+07,-1.670255620000000113e-09,9.492000000000000171e+01,6.307000000000000000e+07,6.970000000000000000e+07
5.992314161978819221e+07,-1.668804360000000052e-09,9.492499999999999716e+01,6.307000000000000000e+07,6.970000000000000000e+07
5.993571702554715425e+07,-1.668454220000000149e-09,9.493000000000000682e+01,6.307000000000000000e+07,6.970000000000000000e+07
5.998333722875122726e+07,-1.667129650000000107e-09,9.493500000000000227e+01,6.307000000000000000e+07,6.970000000000000000e+07
6.005197053665364534e+07,-1.665224290000000256e-09,9.493999999999999773e+01,6.307000000000000000e+07,6.970000000000000000e+07
6.008058163818825781e+07,-1.664431290000000174e-09,9.494500000000000739e+01,6.307000000000000000e+07,6.970000000000000000e+07
6.011294753961702436e+07,-1.663535130000000253e-09,9.495000000000000284e+01,6.307000000000000000e+07,6.970000000000000000e+07
6.016478581318201125e+07,-1.662101820000000124e-09,9.495499999999999829e+01,6.307000000000000000e+07,6.970000000000000000e+07
6.018535584967804700e+07,-1.661533750000000110e-09,9.496000000000000796e+01,6.307000000000000000e+07,6.970000000000000000e+07
6.018453287958367914e+07,-1.661556470000000197e-09,9.496500000000000341e+01,6.307000000000000000e+07,6.970000000000000000e+07
6.023443531349300593e+07,-1.660179920000000212e-09,9.496999999999999886e+01,6.307000000000000000e+07,6.970000000000000000e+07
6.028440312578247488e+07,-1.658803850000000090e-09,9.497500000000000853e+01,6.307000000000000000e+07,6.970000000000000000e+07
6.029234673670386523e+07,-1.658585300000000112e-09,9.498000000000000398e+01,6.307000000000000000e+07,6.970000000000000000e+07
6.032075949916542321e+07,-1.657804060000000098e-09,9.498499999999999943e+01,6.307000000000000000e+07,6.970000000000000000e+07
6.035304673465935886e+07,-1.656917180000000158e-09,9.498999999999999488e+01,6.307000000000000000e+07,6.970000000000000000e+07
6.034606197530909628e+07,-1.657108959999999998e-09,9.499500000000000455e+01,6.307000000000000000e+07,6.970000000000000000e+07
6.035523157940226048e+07,-1.656857199999999939e-09,9.500000000000000000e+01,6.307000000000000000e+07,6.970000000000000000e+07
6.039050566317100078e+07,-1.655889430000000104e-09,9.500499999999999545e+01,6.307000000000000000e+07,6.970000000000000000e+07
6.039257067263935506e+07,-1.655832809999999964e-09,9.501000000000000512e+01,6.307000000000000000e+07,6.970000000000000000e+07
6.037962639490295947e+07,-1.656187790000000129e-09,9.501500000000000057e+01,6.307000000000000000e+07,6.970000000000000000e+07
6.039618131373314559e+07,-1.655733820000000090e-09,9.501999999999999602e+01,6.307000000000000000e+07,6.970000000000000000e+07
6.039313965096425265e+07,-1.655817209999999954e-09,9.502500000000000568e+01,6.307000000000000000e+07,6.970000000000000000e+07
6.035744609079638869e+07,-1.656796410000000248e-09,9.503000000000000114e+01,6.307000000000000000e+07,6.970000000000000000e+07
6.035399197568327934e+07,-1.656891230000000158e-09,9.503499999999999659e+01,6.307000000000000000e+07,6.970000000000000000e+07
6.035610585302130133e+07,-1.656833199999999940e-09,9.504000000000000625e+01,6.307000000000000000e+07,6.970000000000000000e+07
6.032118740085835010e+07,-1.657792300000000237e-09,9.504500000000000171e+01,6.307000000000000000e+07,6.970000000000000000e+07
6.029913326689132303e+07,-1.658398630000000082e-09,9.504999999999999716e+01,6.307000000000000000e+07,6.970000000000000000e+07
6.031365234321766347e+07,-1.657999410000000125e-09,9.505500000000000682e+01,6.307000000000000000e+07,6.970000000000000000e+07
6.029383028489033878e+07,-1.658544490000000090e-09,9.506000000000000227e+01,6.307000000000000000e+07,6.970000000000000000e+07
6.027048913359242678e+07,-1.659186800000000154e-09,9.506499999999999773e+01,6.307000000000000000e+07,6.970000000000000000e+07
6.029369614092247933e+07,-1.658548179999999984e-09,9.507000000000000739e+01,6.307000000000000000e+07,6.970000000000000000e+07
6.029168914215230197e+07,-1.658603390000000047e-09,9.507500000000000284e+01,6.307000000000000000e+07,6.970000000000000000e+07
6.026612932100086659e+07,-1.659306830000000077e-09,9.507999999999999829e+01,6.307000000000000000e+07,6.970000000000000000e+07
6.027625451310921460e+07,-1.659028100000000023e-09,9.508500000000000796e+01,6.307000000000000000e+07,6.970000000000000000e+07
6.029899364537246525e+07,-1.658402470000000024e-09,9.509000000000000341e+01,6.307000000000000000e+07,6.970000000000000000e+07
6.028494826210098714e+07,-1.658788850000000271e-09,9.509499999999999886e+01,6.307000000000000000e+07,6.970000000000000000e+07
6.027602961720579863e+07,-1.659034290000000094e-09,9.510000000000000853e+01,6.307000000000000000e+07,6.970000000000000000e+07
6.030958962882523239e+07,-1.658111100000000118e-09,9.510500000000000398e+01,6.307000000000000000e+07,6.970000000000000000e+07
6.034225924278828502e+07,-1.657213389999999910e-09,9.510999999999999943e+01,6.307000000000000000e+07,6.970000000000000000e+07
6.039708376788028330e+07,-1.655709080000000103e-09,9.511499999999999488e+01,6.307000000000000000e+07,6.970000000000000000e+07
6.049885516806388646e+07,-1.652923840000000062e-09,9.512000000000000455e+01,6.307000000000000000e+07,6.970000000000000000e+07
6.057821995759027451e+07,-1.650758310000000118e-09,9.512500000000000000e+01,6.307000000000000000e+07,6.970000000000000000e+07
6.062081938748858124e+07,-1.649598290000000004e-09,9.512999999999999545e+01,6.307000000000000000e+07,6.970000000000000000e+07
6.067152739035215229e+07,-1.648219590000000160e-09,9.513500000000000512e+01,6.307000000000000000e+07,6.970000000000000000e+07
6.071614486432579160e+07,-1.647008390000000151e-09,9.514000000000000057e+01,6.307000000000000000e+07,6.970000000000000000e+07
6.071392127897322923e+07,-1.647068710000000230e-09,9.514499999999999602e+01,6.307000000000000000e+07,6.970000000000000000e+07
6.072670174390751868e+07,-1.646722070000000201e-09,9.515000000000000568e+01,6.307000000000000000e+07,6.970000000000000000e+07
6.077599286047394574e+07,-1.645386530000000095e-09,9.515500000000000114e+01,6.307000000000000000e+07,6.970000000000000000e+07
6.082636115223716944e+07,-1.644024040000000084e-09,9.515999999999999659e+01,6.307000000000000000e+07,6.970000000000000000e+07
6.089975391383839399e+07,-1.642042760000000144e-09,9.516500000000000625e+01,6.307000000000000000e+07,6.970000000000000000e+07
6.100868613609210402e+07,-1.639110860000000045e-09,9.517000000000000171e+01,6.307000000000000000e+07,6.970000000000000000e+07
6.108374399883520603e+07,-1.637096770000000152e-09,9.517499999999999716e+01,6.307000000000000000e+07,6.970000000000000000e+07
6.112749742350654304e+07,-1.635924980000000132e-09,9.518000000000000682e+01,6.307000000000000000e+07,6.970000000000000000e+07
6.120852611264675111e+07,-1.633759320000000023e-09,9.518500000000000227e+01,6.307000000000000000e+07,6.970000000000000000e+07
6.127266373965927213e+07,-1.632049169999999988e-09,9.518999999999999773e+01,6.307000000000000000e+07,6.970000000000000000e+07
6.126915701200565696e+07,-1.632142580000000027e-09,9.519500000000000739e+01,6.307000000000000000e+07,6.970000000000000000e+07
6.126645131345652789e+07,-1.632214660000000174e-09,9.520000000000000284e+01,6.307000000000000000e+07,6.970000000000000000e+07
6.128115986115895212e+07,-1.631822900000000155e-09,9.520499999999999829e+01,6.307000000000000000e+07,6.970000000000000000e+07
6.125476715225362033e+07,-1.632526000000000117e-09,9.521000000000000796e+01,6.307000000000000000e+07,6.970000000000000000e+07
6.120368191802643985e+07,-1.633888630000000132e-09,9.521500000000000341e+01,6.307000000000000000e+07,6.970000000000000000e+07
6.117967605777548999e+07,-1.634529740000000227e-09,9.521999999999999886e+01,6.307000000000000000e+07,6.970000000000000000e+07
6.113990722618249059e+07,-1.635592930000000163e-09,9.522500000000000853e+01,6.307000000000000000e+07,6.970000000000000000e+07
6.107768509245850891e+07,-1.637259170000000221e-09,9.523000000000000398e+01,6.307000000000000000e+07,6.970000000000000000e+07
6.105489624001237005e+07,-1.637870280000000059e-09,9.523499999999999943e+01,6.307000000000000000e+07,6.970000000000000000e+07
6.103935643130131066e+07,-1.638287260000000135e-09,9.523999999999999488e+01,6.307000000000000000e+07,6.970000000000000000e+07
6.098554110272091627e+07,-1.639732930000000110e-09,9.524500000000000455e+01,6.307000000000000000e+07,6.970000000000000000e+07
6.095019538286057115e+07,-1.640683830000000068e-09,9.525000000000000000e+01,6.307000000000000000e+07,6.970000000000000000e+07
6.094060161000680923e+07,-1.640942120000000264e-09,9.525499999999999545e+01,6.307000000000000000e+07,6.970000000000000000e+07
6.089780352888765186e+07,-1.642095350000000116e-09,9.526000000000000512e+01,6.307000000000000000e+07,6.970000000000000000e+07
6.085881871426202357e+07,-1.643147240000000172e-09,9.526500000000000057e+01,6.307000000000000000e+07,6.970000000000000000e+07
6.086120220021279156e+07,-1.643082890000000132e-09,9.526999999999999602e+01,6.307000000000000000e+07,6.970000000000000000e+07
6.083701154412104189e+07,-1.643736230000000114e-09,9.527500000000000568e+01,6.307000000000000000e+07,6.970000000000000000e+07
6.078272947727819532e+07,-1.645204170000000032e-09,9.528000000000000114e+01,6.307000000000000000e+07,6.970000000000000000e+07
6.077258780958285928e+07,-1.645478720000000076e-09,9.528499999999999659e+01,6.307000000000000000e+07,6.970000000000000000e+07
6.077218782702083886e+07,-1.645489550000000137e-09,9.529000000000000625e+01,6.307000000000000000e+07,6.970000000000000000e+07
6.072765909430611879e+07,-1.646696109999999949e-09,9.529500000000000171e+01,6.307000000000000000e+07,6.970000000000000000e+07
6.070719990486939251e+07,-1.647251070000000086e-09,9.529999999999999716e+01,6.307000000000000000e+07,6.970000000000000000e+07
6.071914946995612979e+07,-1.646926890000000227e-09,9.530500000000000682e+01,6.307000000000000000e+07,6.970000000000000000e+07
6.070518260358712822e+07,-1.647305810000000124e-09,9.531000000000000227e+01,6.307000000000000000e+07,6.970000000000000000e+07
6.068730140915064514e+07,-1.647791180000000039e-09,9.531499999999999773e+01,6.307000000000000000e+07,6.970000000000000000e+07
6.070736574670784920e+07,-1.647246570000000099e-09,9.532000000000000739e+01,6.307000000000000000e+07,6.970000000000000000e+07
6.071078081586194038e+07,-1.647153910000000299e-09,9.532500000000000284e+01,6.307000000000000000e+07,6.970000000000000000e+07
6.069127925430421531e+07,-1.647683180000000146e-09,9.532999999999999829e+01,6.307000000000000000e+07,6.970000000000000000e+07
6.070206552132391185e+07,-1.647390399999999957e-09,9.533500000000000796e+01,6.307000000000000000e+07,6.970000000000000000e+07
6.071663553481896222e+07,-1.646995080000000003e-09,9.534000000000000341e+01,6.307000000000000000e+07,6.970000000000000000e+07
6.069194559435618669e+07,-1.647665090000000211e-09,9.534499999999999886e+01,6.307000000000000000e+07,6.970000000000000000e+07
6.067970443741212785e+07,-1.647997480000000040e-09,9.535000000000000853e+01,6.307000000000000000e+07,6.970000000000000000e+07
6.068925048812060803e+07,-1.647738260000000044e-09,9.535500000000000398e+01,6.307000000000000000e+07,6.970000000000000000e+07
6.065658533595144004e+07,-1.648625610000000217e-09,9.535999999999999943e+01,6.307000000000000000e+07,6.970000000000000000e+07
6.062030784798810631e+07,-1.649612209999999974e-09,9.536499999999999488e+01,6.307000000000000000e+07,6.970000000000000000e+07
6.061660164940076321e+07,-1.649713070000000114e-09,9.537000000000000455e+01,6.307000000000000000e+07,6.970000000000000000e+07
6.059901202279551327e+07,-1.650191919999999936e-09,9.537500000000000000e+01,6.307000000000000000e+07,6.970000000000000000e+07
6.055238220368150622e+07,-1.651462690000000198e-09,9.537999999999999545e+01,6.307000000000000000e+07,6.970000000000000000e+07
6.054081082089985907e+07,-1.651778339999999902e-09,9.538500000000000512e+01,6.307000000000000000e+07,6.970000000000000000e+07
6.053350441393062472e+07,-1.651977710000000053e-09,9.539000000000000057e+01,6.307000000000000000e+07,6.970000000000000000e+07
6.049864617642051727e+07,-1.652929550000000269e-09,9.539499999999999602e+01,6.307000000000000000e+07,6.970000000000000000e+07
6.049511439943731576e+07,-1.653026050000000218e-09,9.540000000000000568e+01,6.307000000000000000e+07,6.970000000000000000e+07
6.051207252154047787e+07,-1.652562800000000199e-09,9.540500000000000114e+01,6.307000000000000000e+07,6.970000000000000000e+07
6.048569078218455613e+07,-1.653283590000000175e-09,9.540999999999999659e+01,6.307000000000000000e+07,6.970000000000000000e+07
6.045513418038190156e+07,-1.654119230000000159e-09,9.541500000000000625e+01,6.307000000000000000e+07,6.970000000000000000e+07
6.045858233729481697e+07,-1.654024890000000113e-09,9.542000000000000171e+01,6.307000000000000000e+07,6.970000000000000000e+07
6.044163737362711132e+07,-1.654488600000000114e-09,9.542499999999999716e+01,6.307000000000000000e+07,6.970000000000000000e+07
6.040694138821396977e+07,-1.655438890000000249e-09,9.543000000000000682e+01,6.307000000000000000e+07,6.970000000000000000e+07
6.040460538966977596e+07,-1.655502910000000060e-09,9.543500000000000227e+01,6.307000000000000000e+07,6.970000000000000000e+07
6.041060994925532490e+07,-1.655338360000000132e-09,9.543999999999999773e+01,6.307000000000000000e+07,6.970000000000000000e+07
6.038099210474450141e+07,-1.656150330000000140e-09,9.544500000000000739e+01,6.307000000000000000e+07,6.970000000000000000e+07
6.036363949815553427e+07,-1.656626420000000075e-09,9.545000000000000284e+01,6.307000000000000000e+07,6.970000000000000000e+07
6.036704297026327997e+07,-1.656533020000000080e-09,9.545499999999999829e+01,6.307000000000000000e+07,6.970000000000000000e+07
6.034044015997819602e+07,-1.657263350000000161e-09,9.546000000000000796e+01,6.307000000000000000e+07,6.970000000000000000e+07
6.031474332017534971e+07,-1.657969420000000119e-09,9.546500000000000341e+01,6.307000000000000000e+07,6.970000000000000000e+07
6.033318166979235411e+07,-1.657462730000000149e-09,9.546999999999999886e+01,6.307000000000000000e+07,6.970000000000000000e+07
6.032252099397158623e+07,-1.657755649999999928e-09,9.547500000000000853e+01,6.307000000000000000e+07,6.970000000000000000e+07
6.028258280533125252e+07,-1.658853940000000093e-09,9.548000000000000398e+01,6.307000000000000000e+07,6.970000000000000000e+07
6.027743933167655021e+07,-1.658995489999999926e-09,9.548499999999999943e+01,6.307000000000000000e+07,6.970000000000000000e+07
6.026981494322077185e+07,-1.659205360000000115e-09,9.548999999999999488e+01,6.307000000000000000e+07,6.970000000000000000e+07
6.023752160765077919e+07,-1.660094860000000146e-09,9.549500000000000455e+01,6.307000000000000000e+07,6.970000000000000000e+07
6.022948034305507690e+07,-1.660316500000000033e-09,9.550000000000000000e+01,6.307000000000000000e+07,6.970000000000000000e+07
6.024248987752972543e+07,-1.659957950000000095e-09,9.550499999999999545e+01,6.307000000000000000e+07,6.970000000000000000e+07
6.022067311633288115e+07,-1.660559319999999972e-09,9.551000000000000512e+01,6.307000000000000000e+07,6.970000000000000000e+07
6.019946720220755041e+07,-1.661144270000000114e-09,9.551500000000000057e+01,6.307000000000000000e+07,6.970000000000000000e+07
6.021327554239772260e+07,-1.660763330000000112e-09,9.551999999999999602e+01,6.307000000000000000e+07,6.970000000000000000e+07
6.019604853754271567e+07,-1.661238610000000161e-09,9.552500000000000568e+01,6.307000000000000000e+07,6.970000000000000000e+07
6.014781518053625524e+07,-1.662570780000000144e-09,9.553000000000000114e+01,6.307000000000000000e+07,6.970000000000000000e+07
6.013588255914358050e+07,-1.662900680000000048e-09,9.553499999999999659e+01,6.307000000000000000e+07,6.970000000000000000e+07
6.012422217444083840e+07,-1.663223180000000074e-09,9.554000000000000625e+01,6.307000000000000000e+07,6.970000000000000000e+07
6.008050908378244936e+07,-1.664433300000000029e-09,9.554500000000000171e+01,6.307000000000000000e+07,6.970000000000000000e+07
6.004983391597085446e+07,-1.665283539999999911e-09,9.554999999999999716e+01,6.307000000000000000e+07,6.970000000000000000e+07
6.006583467757167667e+07,-1.664839930000000114e-09,9.555500000000000682e+01,6.307000000000000000e+07,6.970000000000000000e+07
6.006685609270314872e+07,-1.664811620000000147e-09,9.556000000000000227e+01,6.307000000000000000e+07,6.970000000000000000e+07
6.005825181972149014e+07,-1.665050130000000118e-09,9.556499999999999773e+01,6.307000000000000000e+07,6.970000000000000000e+07
6.009104032974117249e+07,-1.664141600000000101e-09,9.557000000000000739e+01,6.307000000000000000e+07,6.970000000000000000e+07
6.013623985411429405e+07,-1.662890800000000083e-09,9.557500000000000284e+01,6.307000000000000000e+07,6.970000000000000000e+07
6.015168100519330055e+07,-1.662463929999999997e-09,9.557999999999999829e+01,6.307000000000000000e+07,6.970000000000000000e+07
6.017492043025140464e+07,-1.661821890000000102e-09,9.558500000000000796e+01,6.307000000000000000e+07,6.970000000000000000e+07
6.019065679454825819e+07,-1.661387420000000075e-09,9.559000000000000341e+01,6.307000000000000000e+07,6.970000000000000000e+07
6.016997090162156522e+07,-1.661958590000000044e-09,9.559499999999999886e+01,6.307000000000000000e+07,6.970000000000000000e+07
6.017395146062187850e+07,-1.661848650000000195e-09,9.560000000000000853e+01,6.307000000000000000e+07,6.970000000000000000e+07
6.019211360399492085e+07,-1.661347210000000038e-09,9.560500000000000398e+01,6.307000000000000000e+07,6.970000000000000000e+07
6.017464052662630379e+07,-1.661829620000000209e-09,9.560999999999999943e+01,6.307000000000000000e+07,6.970000000000000000e+07
6.015964034353128076e+07,-1.662243979999999987e-09,9.561499999999999488e+01,6.307000000000000000e+07,6.970000000000000000e+07
6.016648246196673810e+07,-1.662054949999999990e-09,9.562000000000000455e+01,6.307000000000000000e+07,6.970000000000000000e+07
6.016175040083367378e+07,-1.662185680000000221e-09,9.562500000000000000e+01,6.307000000000000000e+07,6.970000000000000000e+07
6.013303520015899092e+07,-1.662979420000000291e-09,9.562999999999999545e+01,6.307000000000000000e+07,6.970000000000000000e+07
6.014243207418997586e+07,-1.662719590000000058e-09,9.563500000000000512e+01,6.307000000000000000e+07,6.970000000000000000e+07
6.015801718405338377e+07,-1.662288830000000222e-09,9.564000000000000057e+01,6.307000000000000000e+07,6.970000000000000000e+07
6.013834356858874112e+07,-1.662832630000000069e-09,9.564499999999999602e+01,6.307000000000000000e+07,6.970000000000000000e+07
6.014751816393397003e+07,-1.662578990000000114e-09,9.565000000000000568e+01,6.307000000000000000e+07,6.970000000000000000e+07
6.017699281196652353e+07,-1.661764660000000139e-09,9.565500000000000114e+01,6.307000000000000000e+07,6.970000000000000000e+07
6.017878503209428489e+07,-1.661715169999999914e-09,9.565999999999999659e+01,6.307000000000000000e+07,6.970000000000000000e+07
6.017624756373453140e+07,-1.661785240000000000e-09,9.566500000000000625e+01,6.307000000000000000e+07,6.970000000000000000e+07
6.020841939123412222e+07,-1.660897280000000005e-09,9.567000000000000171e+01,6.307000000000000000e+07,6.970000000000000000e+07
6.023609670623420924e+07,-1.660134130000000132e-09,9.567499999999999716e+01,6.307000000000000000e+07,6.970000000000000000e+07
6.022509236677248031e+07,-1.660437470000000007e-09,9.568000000000000682e+01,6.307000000000000000e+07,6.970000000000000000e+07
6.023445708262406290e+07,-1.660179320000000020e-09,9.568500000000000227e+01,6.307000000000000000e+07,6.970000000000000000e+07
6.023634815452695638e+07,-1.660127200000000074e-09,9.568999999999999773e+01,6.307000000000000000e+07,6.970000000000000000e+07
6.020511642345004529e+07,-1.660988399999999976e-09,9.569500000000000739e+01,6.307000000000000000e+07,6.970000000000000000e+07
6.019495460337303579e+07,-1.661268800000000024e-09,9.570000000000000284e+01,6.307000000000000000e+07,6.970000000000000000e+07
6.020552601236946881e+07,-1.660977100000000096e-09,9.570499999999999829e+01,6.307000000000000000e+07,6.970000000000000000e+07
6.017913812906742096e+07,-1.661705420000000115e-09,9.571000000000000796e+01,6.307000000000000000e+07,6.970000000000000000e+07
6.016257310993485898e+07,-1.662162950000000089e-09,9.571500000000000341e+01,6.307000000000000000e+07,6.970000000000000000e+07
6.018175371074675024e+07,-1.661633200000000172e-09,9.571999999999999886e+01,6.307000000000000000e+07,6.970000000000000000e+07
6.017855615503896028e+07,-1.661721489999999944e-09,9.572500000000000853e+01,6.307000000000000000e+07,6.970000000000000000e+07
6.015173202220522612e+07,-1.662462520000000127e-09,9.573000000000000398e+01,6.307000000000000000e+07,6.970000000000000000e+07
6.016391200580249727e+07,-1.662125960000000127e-09,9.573499999999999943e+01,6.307000000000000000e+07,6.970000000000000000e+07
6.014809483465905488e+07,-1.662563050000000037e-09,9.573999999999999488e+01,6.307000000000000000e+07,6.970000000000000000e+07
6.008867778908492625e+07,-1.664207030000000196e-09,9.574500000000000455e+01,6.307000000000000000e+07,6.970000000000000000e+07
6.006609661258029193e+07,-1.664832670000000033e-09,9.575000000000000000e+01,6.307000000000000000e+07,6.970000000000000000e+07
6.007102942689907551e+07,-1.664695960000000046e-09,9.575499999999999545e+01,6.307000000000000000e+07,6.970000000000000000e+07
6.005010797189564258e+07,-1.665275939999999970e-09,9.576000000000000512e+01,6.307000000000000000e+07,6.970000000000000000e+07
6.003597211362715811e+07,-1.665668040000000056e-09,9.576500000000000057e+01,6.307000000000000000e+07,6.970000000000000000e+07
6.004815609916897118e+07,-1.665330070000000185e-09,9.576999999999999602e+01,6.307000000000000000e+07,6.970000000000000000e+07
6.003028684049849212e+07,-1.665825790000000091e-09,9.577500000000000568e+01,6.307000000000000000e+07,6.970000000000000000e+07
6.000143991455506533e+07,-1.666626670000000120e-09,9.578000000000000114e+01,6.307000000000000000e+07,6.970000000000000000e+07
6.000689251168767363e+07,-1.666475230000000277e-09,9.578499999999999659e+01,6.307000000000000000e+07,6.970000000000000000e+07
6.001398301798725128e+07,-1.666278340000000214e-09,9.579000000000000625e+01,6.307000000000000000e+07,6.970000000000000000e+07
5.999030592650411278e+07,-1.666935990000000164e-09,9.579500000000000171e+01,6.307000000000000000e+07,6.970000000000000000e+07
5.998884195541860908e+07,-1.666976670000000021e-09,9.579999999999999716e+01,6.307000000000000000e+07,6.970000000000000000e+07
6.000479798364677280e+07,-1.666533400000000084e-09,9.580500000000000682e+01,6.307000000000000000e+07,6.970000000000000000e+07
5.997918110627964884e+07,-1.667245169999999998e-09,9.581000000000000227e+01,6.307000000000000000e+07,6.970000000000000000e+07
5.995778935654626042e+07,-1.667840009999999943e-09,9.581499999999999773e+01,6.307000000000000000e+07,6.970000000000000000e+07
5.997708851227995753e+07,-1.667303340000000012e-09,9.582000000000000739e+01,6.307000000000000000e+07,6.970000000000000000e+07
5.997988262740699947e+07,-1.667225670000000192e-09,9.582500000000000284e+01,6.307000000000000000e+07,6.970000000000000000e+07
5.997263328797802329e+07,-1.667427200000000245e-09,9.582999999999999829e+01,6.307000000000000000e+07,6.970000000000000000e+07
5.999347882883825898e+07,-1.666847830000000144e-09,9.583500000000000796e+01,6.307000000000000000e+07,6.970000000000000000e+07
5.999455357443740219e+07,-1.666817970000000097e-09,9.584000000000000341e+01,6.307000000000000000e+07,6.970000000000000000e+07
5.996267023964230716e+07,-1.667704250000000259e-09,9.584499999999999886e+01,6.307000000000000000e+07,6.970000000000000000e+07
5.996414983338061720e+07,-1.667663099999999963e-09,9.585000000000000853e+01,6.307000000000000000e+07,6.970000000000000000e+07
5.999000578501623124e+07,-1.666944330000000093e-09,9.585500000000000398e+01,6.307000000000000000e+07,6.970000000000000000e+07
5.998364449958887696e+07,-1.667121110000000114e-09,9.585999999999999943e+01,6.307000000000000000e+07,6.970000000000000000e+07
5.998785701803098619e+07,-1.667004039999999936e-09,9.586499999999999488e+01,6.307000000000000000e+07,6.970000000000000000e+07
6.001814396506579220e+07,-1.666162820000000117e-09,9.587000000000000455e+01,6.307000000000000000e+07,6.970000000000000000e+07
6.001088069280017167e+07,-1.666364480000000128e-09,9.587500000000000000e+01,6.307000000000000000e+07,6.970000000000000000e+07
5.998596964161664248e+07,-1.667056490000000112e-09,9.587999999999999545e+01,6.307000000000000000e+07,6.970000000000000000e+07
6.000559480164811760e+07,-1.666511270000000144e-09,9.588500000000000512e+01,6.307000000000000000e+07,6.970000000000000000e+07
6.001199459736017883e+07,-1.666333550000000071e-09,9.589000000000000057e+01,6.307000000000000000e+07,6.970000000000000000e+07
5.998737805578327924e+07,-1.667017350000000084e-09,9.589499999999999602e+01,6.307000000000000000e+07,6.970000000000000000e+07
5.998020425334863365e+07,-1.667216730000000072e-09,9.590000000000000568e+01,6.307000000000000000e+07,6.970000000000000000e+07
5.997879149932583421e+07,-1.667256000000000265e-09,9.590500000000000114e+01,6.307000000000000000e+07,6.970000000000000000e+07
5.993889601172759384e+07,-1.668365730000000106e-09,9.590999999999999659e+01,6.307000000000000000e+07,6.970000000000000000e+07
5.991692697825245559e+07,-1.668977450000000180e-09,9.591500000000000625e+01,6.307000000000000000e+07,6.970000000000000000e+07
5.992803877061247826e+07,-1.668667990000000133e-09,9.592000000000000171e+01,6.307000000000000000e+07,6.970000000000000000e+07
5.990529607686385512e+07,-1.669301490000000242e-09,9.592499999999999716e+01,6.307000000000000000e+07,6.970000000000000000e+07
5.987329314338531345e+07,-1.670193749999999954e-09,9.593000000000000682e+01,6.307000000000000000e+07,6.970000000000000000e+07
5.988717388192427903e+07,-1.669806630000000132e-09,9.593500000000000227e+01,6.307000000000000000e+07,6.970000000000000000e+07
5.988595342983204126e+07,-1.669840660000000143e-09,9.593999999999999773e+01,6.307000000000000000e+07,6.970000000000000000e+07
5.984131722324488312e+07,-1.671086209999999935e-09,9.594500000000000739e+01,6.307000000000000000e+07,6.970000000000000000e+07
5.982198222387404740e+07,-1.671626320000000302e-09,9.595000000000000284e+01,6.307000000000000000e+07,6.970000000000000000e+07
5.981466044646835327e+07,-1.671830940000000057e-09,9.595499999999999829e+01,6.307000000000000000e+07,6.970000000000000000e+07
5.976737973991853744e+07,-1.673153490000000200e-09,9.596000000000000796e+01,6.307000000000000000e+07,6.970000000000000000e+07
5.973181454602407664e+07,-1.674149710000000211e-09,9.596500000000000341e+01,6.307000000000000000e+07,6.970000000000000000e+07
5.972942986377718300e+07,-1.674216549999999970e-09,9.596999999999999886e+01,6.307000000000000000e+07,6.970000000000000000e+07
5.969992465690407902e+07,-1.675043990000000236e-09,9.597500000000000853e+01,6.307000000000000000e+07,6.970000000000000000e+07
5.966305136617022008e+07,-1.676079210000000065e-09,9.598000000000000398e+01,6.307000000000000000e+07,6.970000000000000000e+07
5.966202228051970154e+07,-1.676108120000000223e-09,9.598499999999999943e+01,6.307000000000000000e+07,6.970000000000000000e+07
5.965941786642899364e+07,-1.676181290000000055e-09,9.598999999999999488e+01,6.307000000000000000e+07,6.970000000000000000e+07
5.964997276680493355e+07,-1.676446700000000123e-09,9.599500000000000455e+01,6.307000000000000000e+07,6.970000000000000000e+07
5.966354687769949436e+07,-1.676065290000000094e-09,9.600000000000000000e+01,6.307000000000000000e+07,6.970000000000000000e+07
5.968962802104278654e+07,-1.675332940000000114e-09,9.600499999999999545e+01,6.307000000000000000e+07,6.970000000000000000e+07
5.966215362845858186e+07,-1.676104430000000122e-09,9.601000000000000512e+01,6.307000000000000000e+07,6.970000000000000000e+07
5.963461134161810577e+07,-1.676878540000000014e-09,9.601500000000000057e+01,6.307000000000000000e+07,6.970000000000000000e+07
5.963354980888371915e+07,-1.676908390000000017e-09,9.601999999999999602e+01,6.307000000000000000e+07,6.970000000000000000e+07
5.960556067905086279e+07,-1.677695820000000102e-09,9.602500000000000568e+01,6.307000000000000000e+07,6.970000000000000000e+07
5.957886784505683184e+07,-1.678447470000000237e-09,9.603000000000000114e+01,6.307000000000000000e+07,6.970000000000000000e+07
5.959724326038019359e+07,-1.677929960000000044e-09,9.603499999999999659e+01,6.307000000000000000e+07,6.970000000000000000e+07
5.961448741734898090e+07,-1.677444600000000174e-09,9.604000000000000625e+01,6.307000000000000000e+07,6.970000000000000000e+07
5.959919931813270599e+07,-1.677874890000000191e-09,9.604500000000000171e+01,6.307000000000000000e+07,6.970000000000000000e+07
5.961399769572822005e+07,-1.677458380000000141e-09,9.604999999999999716e+01,6.307000000000000000e+07,6.970000000000000000e+07
5.964305658497814089e+07,-1.676641100000000260e-09,9.605500000000000682e+01,6.307000000000000000e+07,6.970000000000000000e+07
5.962911169558241963e+07,-1.677033199999999932e-09,9.606000000000000227e+01,6.307000000000000000e+07,6.970000000000000000e+07
5.961234876481246203e+07,-1.677504780000000043e-09,9.606499999999999773e+01,6.307000000000000000e+07,6.970000000000000000e+07
5.962938654712262750e+07,-1.677025470000000033e-09,9.607000000000000739e+01,6.307000000000000000e+07,6.970000000000000000e+07
5.961315651633947343e+07,-1.677482050000000117e-09,9.607500000000000284e+01,6.307000000000000000e+07,6.970000000000000000e+07
5.957371243692752719e+07,-1.678592720000000010e-09,9.607999999999999829e+01,6.307000000000000000e+07,6.970000000000000000e+07
5.957373408600138873e+07,-1.678592110000000188e-09,9.608500000000000796e+01,6.307000000000000000e+07,6.970000000000000000e+07
5.956163931904917210e+07,-1.678932970000000111e-09,9.609000000000000341e+01,6.307000000000000000e+07,6.970000000000000000e+07
5.951841602163384855e+07,-1.680152240000000087e-09,9.609499999999999886e+01,6.307000000000000000e+07,6.970000000000000000e+07
5.950708201221412420e+07,-1.680472250000000188e-09,9.610000000000000853e+01,6.307000000000000000e+07,6.970000000000000000e+07
5.951030847680187970e+07,-1.680381140000000055e-09,9.610500000000000398e+01,6.307000000000000000e+07,6.970000000000000000e+07
5.948813151693224162e+07,-1.681007580000000148e-09,9.610999999999999943e+01,6.307000000000000000e+07,6.970000000000000000e+07
5.947556245191883296e+07,-1.681362830000000274e-09,9.611499999999999488e+01,6.307000000000000000e+07,6.970000000000000000e+07
5.950058694056484848e+07,-1.680655690000000100e-09,9.612000000000000455e+01,6.307000000000000000e+07,6.970000000000000000e+07
5.950744851757721603e+07,-1.680461900000000198e-09,9.612500000000000000e+01,6.307000000000000000e+07,6.970000000000000000e+07
5.950137006962201744e+07,-1.680633569999999997e-09,9.612999999999999545e+01,6.307000000000000000e+07,6.970000000000000000e+07
5.952818165615151823e+07,-1.679876610000000195e-09,9.613500000000000512e+01,6.307000000000000000e+07,6.970000000000000000e+07
5.954254416002558917e+07,-1.679471400000000024e-09,9.614000000000000057e+01,6.307000000000000000e+07,6.970000000000000000e+07
5.952252553790149093e+07,-1.680036240000000126e-09,9.614499999999999602e+01,6.307000000000000000e+07,6.970000000000000000e+07
5.953274758626409620e+07,-1.679747770000000111e-09,9.615000000000000568e+01,6.307000000000000000e+07,6.970000000000000000e+07
5.956691185757769644e+07,-1.678784360000000260e-09,9.615500000000000114e+01,6.307000000000000000e+07,6.970000000000000000e+07
5.955752936619479209e+07,-1.679048830000000069e-09,9.615999999999999659e+01,6.307000000000000000e+07,6.970000000000000000e+07
5.954398181979329139e+07,-1.679430850000000126e-09,9.616500000000000625e+01,6.307000000000000000e+07,6.970000000000000000e+07
5.954846187811680138e+07,-1.679304500000000175e-09,9.617000000000000171e+01,6.307000000000000000e+07,6.970000000000000000e+07
5.952378578515685350e+07,-1.680000670000000285e-09,9.617499999999999716e+01,6.307000000000000000e+07,6.970000000000000000e+07
5.948619442020447552e+07,-1.681062320000000185e-09,9.618000000000000682e+01,6.307000000000000000e+07,6.970000000000000000e+07
5.949434530343100429e+07,-1.680832010000000140e-09,9.618500000000000227e+01,6.307000000000000000e+07,6.970000000000000000e+07
5.948841214809295535e+07,-1.680999649999999977e-09,9.618999999999999773e+01,6.307000000000000000e+07,6.970000000000000000e+07
5.944393386068186909e+07,-1.682257440000000114e-09,9.619500000000000739e+01,6.307000000000000000e+07,6.970000000000000000e+07
5.942998443588137627e+07,-1.682652300000000087e-09,9.620000000000000284e+01,6.307000000000000000e+07,6.970000000000000000e+07
5.942995123582325131e+07,-1.682653240000000139e-09,9.620499999999999829e+01,6.307000000000000000e+07,6.970000000000000000e+07
5.939463467833195627e+07,-1.683653760000000280e-09,9.621000000000000796e+01,6.307000000000000000e+07,6.970000000000000000e+07
5.938951110322840512e+07,-1.683799010000000053e-09,9.621500000000000341e+01,6.307000000000000000e+07,6.970000000000000000e+07
5.941718820895846188e+07,-1.683014680000000129e-09,9.621999999999999886e+01,6.307000000000000000e+07,6.970000000000000000e+07
5.940691298523314297e+07,-1.683305780000000073e-09,9.622500000000000853e+01,6.307000000000000000e+07,6.970000000000000000e+07
5.938278530583903939e+07,-1.683989720000000089e-09,9.623000000000000398e+01,6.307000000000000000e+07,6.970000000000000000e+07
5.938832742735222727e+07,-1.683832570000000246e-09,9.623499999999999943e+01,6.307000000000000000e+07,6.970000000000000000e+07
5.937748396426432580e+07,-1.684140070000000040e-09,9.623999999999999488e+01,6.307000000000000000e+07,6.970000000000000000e+07
5.933874891985675693e+07,-1.685239440000000053e-09,9.624500000000000455e+01,6.307000000000000000e+07,6.970000000000000000e+07
5.932985704275157303e+07,-1.685492009999999997e-09,9.625000000000000000e+01,6.307000000000000000e+07,6.970000000000000000e+07
5.933983308239012212e+07,-1.685208650000000205e-09,9.625499999999999545e+01,6.307000000000000000e+07,6.970000000000000000e+07
5.931810492843644321e+07,-1.685825940000000069e-09,9.626000000000000512e+01,6.307000000000000000e+07,6.970000000000000000e+07
5.931205313743115962e+07,-1.685997950000000142e-09,9.626500000000000057e+01,6.307000000000000000e+07,6.970000000000000000e+07
5.933963202164975554e+07,-1.685214360000000206e-09,9.626999999999999602e+01,6.307000000000000000e+07,6.970000000000000000e+07
5.934237621342030168e+07,-1.685136430000000055e-09,9.627500000000000568e+01,6.307000000000000000e+07,6.970000000000000000e+07
5.934575318882239610e+07,-1.685040539999999928e-09,9.628000000000000114e+01,6.307000000000000000e+07,6.970000000000000000e+07
5.939367374223501980e+07,-1.683681000000000030e-09,9.628499999999999659e+01,6.307000000000000000e+07,6.970000000000000000e+07
5.943214817071652412e+07,-1.682591039999999957e-09,9.629000000000000625e+01,6.307000000000000000e+07,6.970000000000000000e+07
5.944303775797981024e+07,-1.682282800000000175e-09,9.629500000000000171e+01,6.307000000000000000e+07,6.970000000000000000e+07
5.949038761158366501e+07,-1.680943830000000092e-09,9.629999999999999716e+01,6.307000000000000000e+07,6.970000000000000000e+07
5.954553868330070376e+07,-1.679386940000000150e-09,9.630500000000000682e+01,6.307000000000000000e+07,6.970000000000000000e+07
5.956177058012693375e+07,-1.678929270000000172e-09,9.631000000000000227e+01,6.307000000000000000e+07,6.970000000000000000e+07
5.957903716343727708e+07,-1.678442700000000081e-09,9.631499999999999773e+01,6.307000000000000000e+07,6.970000000000000000e+07
5.961498709806487709e+07,-1.677430540000000200e-09,9.632000000000000739e+01,6.307000000000000000e+07,6.970000000000000000e+07
5.961368460506223142e+07,-1.677467190000000095e-09,9.632500000000000284e+01,6.307000000000000000e+07,6.970000000000000000e+07
5.959993495978297293e+07,-1.677854180000000165e-09,9.632999999999999829e+01,6.307000000000000000e+07,6.970000000000000000e+07
5.962566897690097243e+07,-1.677130030000000111e-09,9.633500000000000796e+01,6.307000000000000000e+07,6.970000000000000000e+07
5.963259783997850120e+07,-1.676935160000000154e-09,9.634000000000000341e+01,6.307000000000000000e+07,6.970000000000000000e+07
5.961762068889781833e+07,-1.677356440000000154e-09,9.634499999999999886e+01,6.307000000000000000e+07,6.970000000000000000e+07
5.963398473045581579e+07,-1.676896160000000130e-09,9.635000000000000853e+01,6.307000000000000000e+07,6.970000000000000000e+07
5.965619194017046690e+07,-1.676271930000000163e-09,9.635500000000000398e+01,6.307000000000000000e+07,6.970000000000000000e+07
5.965316492640389502e+07,-1.676356990000000022e-09,9.635999999999999943e+01,6.307000000000000000e+07,6.970000000000000000e+07
5.966312327178677917e+07,-1.676077190000000165e-09,9.636499999999999488e+01,6.307000000000000000e+07,6.970000000000000000e+07
5.969142517754467577e+07,-1.675282500000000206e-09,9.637000000000000455e+01,6.307000000000000000e+07,6.970000000000000000e+07
5.967952904544192553e+07,-1.675616440000000116e-09,9.637500000000000000e+01,6.307000000000000000e+07,6.970000000000000000e+07
5.965225076174134761e+07,-1.676382680000000105e-09,9.637999999999999545e+01,6.307000000000000000e+07,6.970000000000000000e+07
5.965580651798864454e+07,-1.676282760000000224e-09,9.638500000000000512e+01,6.307000000000000000e+07,6.970000000000000000e+07
5.964008568085556477e+07,-1.676724620000000290e-09,9.639000000000000057e+01,6.307000000000000000e+07,6.970000000000000000e+07
5.961825157684760541e+07,-1.677338690000000079e-09,9.639499999999999602e+01,6.307000000000000000e+07,6.970000000000000000e+07
5.965386346815058589e+07,-1.676337360000000051e-09,9.640000000000000568e+01,6.307000000000000000e+07,6.970000000000000000e+07
5.969577884939394146e+07,-1.675160320000000219e-09,9.640500000000000114e+01,6.307000000000000000e+07,6.970000000000000000e+07
5.968513168464895338e+07,-1.675459150000000062e-09,9.640999999999999659e+01,6.307000000000000000e+07,6.970000000000000000e+07
5.968855954094674438e+07,-1.675362930000000120e-09,9.641500000000000625e+01,6.307000000000000000e+07,6.970000000000000000e+07
5.972416668348399550e+07,-1.674364090000000224e-09,9.642000000000000171e+01,6.307000000000000000e+07,6.970000000000000000e+07
5.972251200912216306e+07,-1.674410480000000082e-09,9.642499999999999716e+01,6.307000000000000000e+07,6.970000000000000000e+07
5.971095610000947118e+07,-1.674734530000000189e-09,9.643000000000000682e+01,6.307000000000000000e+07,6.970000000000000000e+07
5.973902719223739952e+07,-1.673947580000000174e-09,9.643500000000000227e+01,6.307000000000000000e+07,6.970000000000000000e+07
5.975092528042229265e+07,-1.673614250000000087e-09,9.643999999999999773e+01,6.307000000000000000e+07,6.970000000000000000e+07
5.973416587787202746e+07,-1.674083810000000091e-09,9.644500000000000739e+01,6.307000000000000000e+07,6.970000000000000000e+07
5.974533205687829852e+07,-1.673770930000000111e-09,9.645000000000000284e+01,6.307000000000000000e+07,6.970000000000000000e+07
5.976609201130913198e+07,-1.673189540000000111e-09,9.645499999999999829e+01,6.307000000000000000e+07,6.970000000000000000e+07
5.975199599451299757e+07,-1.673584260000000081e-09,9.646000000000000796e+01,6.307000000000000000e+07,6.970000000000000000e+07
5.975313886973053962e+07,-1.673552249999999968e-09,9.646500000000000341e+01,6.307000000000000000e+07,6.970000000000000000e+07
5.978382610879372805e+07,-1.672693210000000176e-09,9.646999999999999886e+01,6.307000000000000000e+07,6.970000000000000000e+07
5.977863517078631371e+07,-1.672838459999999949e-09,9.647500000000000853e+01,6.307000000000000000e+07,6.970000000000000000e+07
5.976390389294898510e+07,-1.673250800000000035e-09,9.648000000000000398e+01,6.307000000000000000e+07,6.970000000000000000e+07
5.978417958995369822e+07,-1.672683320000000167e-09,9.648499999999999943e+01,6.307000000000000000e+07,6.970000000000000000e+07
5.978668374301899225e+07,-1.672613260000000126e-09,9.648999999999999488e+01,6.307000000000000000e+07,6.970000000000000000e+07
5.975576789860631526e+07,-1.673478620000000155e-09,9.649500000000000455e+01,6.307000000000000000e+07,6.970000000000000000e+07
5.975593858102974296e+07,-1.673473840000000161e-09,9.650000000000000000e+01,6.307000000000000000e+07,6.970000000000000000e+07
5.979355176053323597e+07,-1.672421140000000012e-09,9.650499999999999545e+01,6.307000000000000000e+07,6.970000000000000000e+07
5.982646591712559760e+07,-1.671501040000000153e-09,9.651000000000000512e+01,6.307000000000000000e+07,6.970000000000000000e+07
5.989650626434198767e+07,-1.669546460000000246e-09,9.651500000000000057e+01,6.307000000000000000e+07,6.970000000000000000e+07
6.000573990905673802e+07,-1.666507240000000182e-09,9.651999999999999602e+01,6.307000000000000000e+07,6.970000000000000000e+07
6.009554241734787822e+07,-1.664016930000000188e-09,9.652500000000000568e+01,6.307000000000000000e+07,6.970000000000000000e+07
6.017385659307525307e+07,-1.661851270000000286e-09,9.653000000000000114e+01,6.307000000000000000e+07,6.970000000000000000e+07
6.025295854980865121e+07,-1.659669540000000141e-09,9.653499999999999659e+01,6.307000000000000000e+07,6.970000000000000000e+07
6.028905163784402609e+07,-1.658675950000000058e-09,9.654000000000000625e+01,6.307000000000000000e+07,6.970000000000000000e+07
6.028829888642809540e+07,-1.658696660000000083e-09,9.654500000000000171e+01,6.307000000000000000e+07,6.970000000000000000e+07
6.030861122536242753e+07,-1.658138000000000008e-09,9.654999999999999716e+01,6.307000000000000000e+07,6.970000000000000000e+07
6.033434178967802972e+07,-1.657430860000000247e-09,9.655500000000000682e+01,6.307000000000000000e+07,6.970000000000000000e+07
6.030681126414722204e+07,-1.658187490000000026e-09,9.656000000000000227e+01,6.307000000000000000e+07,6.970000000000000000e+07
6.029314612054212391e+07,-1.658563309999999968e-09,9.656499999999999773e+01,6.307000000000000000e+07,6.970000000000000000e+07
6.029416292088174820e+07,-1.658535340000000068e-09,9.657000000000000739e+01,6.307000000000000000e+07,6.970000000000000000e+07
6.026412924148734659e+07,-1.659361900000000136e-09,9.657500000000000284e+01,6.307000000000000000e+07,6.970000000000000000e+07
6.023226863803829998e+07,-1.660239640000000099e-09,9.657999999999999829e+01,6.307000000000000000e+07,6.970000000000000000e+07
6.023065860743512958e+07,-1.660284020000000102e-09,9.658500000000000796e+01,6.307000000000000000e+07,6.970000000000000000e+07
6.020838024067890644e+07,-1.660898360000000059e-09,9.659000000000000341e+01,6.307000000000000000e+07,6.970000000000000000e+07
6.015900301227558404e+07,-1.662261590000000059e-09,9.659499999999999886e+01,6.307000000000000000e+07,6.970000000000000000e+07
6.014860350070045143e+07,-1.662548990000000063e-09,9.660000000000000853e+01,6.307000000000000000e+07,6.970000000000000000e+07
6.016583231598425657e+07,-1.662072910000000173e-09,9.660500000000000398e+01,6.307000000000000000e+07,6.970000000000000000e+07
6.016139750787306577e+07,-1.662195430000000020e-09,9.660999999999999943e+01,6.307000000000000000e+07,6.970000000000000000e+07
6.016947164910165220e+07,-1.661972380000000056e-09,9.661500000000000909e+01,6.307000000000000000e+07,6.970000000000000000e+07
6.018869577446164191e+07,-1.661441550000000084e-09,9.662000000000000455e+01,6.307000000000000000e+07,6.970000000000000000e+07
6.016050208318672329e+07,-1.662220170000000214e-09,9.662500000000000000e+01,6.307000000000000000e+07,6.970000000000000000e+07
6.013235901914308965e+07,-1.662998120000000048e-09,9.662999999999999545e+01,6.307000000000000000e+07,6.970000000000000000e+07
6.013135743135966361e+07,-1.663025820000000193e-09,9.663500000000000512e+01,6.307000000000000000e+07,6.970000000000000000e+07
6.010027345985025913e+07,-1.663885940000000040e-09,9.664000000000000057e+01,6.307000000000000000e+07,6.970000000000000000e+07
6.004512306935489923e+07,-1.665414189999999992e-09,9.664499999999999602e+01,6.307000000000000000e+07,6.970000000000000000e+07
6.003319727749690413e+07,-1.665745030000000155e-09,9.665000000000000568e+01,6.307000000000000000e+07,6.970000000000000000e+07
6.002070198040287197e+07,-1.666091809999999980e-09,9.665500000000000114e+01,6.307000000000000000e+07,6.970000000000000000e+07
5.996707579663877189e+07,-1.667581729999999998e-09,9.665999999999999659e+01,6.307000000000000000e+07,6.970000000000000000e+07
5.994573616049573570e+07,-1.668175360000000137e-09,9.666500000000000625e+01,6.307000000000000000e+07,6.970000000000000000e+07
5.994269658035008609e+07,-1.668259949999999970e-09,9.667000000000000171e+01,6.307000000000000000e+07,6.970000000000000000e+07
5.991319034059893340e+07,-1.669081540000000232e-09,9.667499999999999716e+01,6.307000000000000000e+07,6.970000000000000000e+07
5.989338701601568609e+07,-1.669633410000000252e-09,9.668000000000000682e+01,6.307000000000000000e+07,6.970000000000000000e+07
5.991900316924789548e+07,-1.668919620000000233e-09,9.668500000000000227e+01,6.307000000000000000e+07,6.970000000000000000e+07
5.993769536504498869e+07,-1.668399150000000089e-09,9.668999999999999773e+01,6.307000000000000000e+07,6.970000000000000000e+07
5.994556942296394706e+07,-1.668180000000000127e-09,9.669500000000000739e+01,6.307000000000000000e+07,6.970000000000000000e+07
5.998507943131241202e+07,-1.667081230000000099e-09,9.670000000000000284e+01,6.307000000000000000e+07,6.970000000000000000e+07
6.001874013138113916e+07,-1.666146270000000218e-09,9.670499999999999829e+01,6.307000000000000000e+07,6.970000000000000000e+07
6.001409935241726041e+07,-1.666275110000000095e-09,9.671000000000000796e+01,6.307000000000000000e+07,6.970000000000000000e+07
6.003659746930492669e+07,-1.665650690000000108e-09,9.671500000000000341e+01,6.307000000000000000e+07,6.970000000000000000e+07
6.007944822121546417e+07,-1.664462690000000050e-09,9.671999999999999886e+01,6.307000000000000000e+07,6.970000000000000000e+07
6.007299505673141032e+07,-1.664641489999999971e-09,9.672500000000000853e+01,6.307000000000000000e+07,6.970000000000000000e+07
6.007122609235034138e+07,-1.664690510000000170e-09,9.673000000000000398e+01,6.307000000000000000e+07,6.970000000000000000e+07
6.010654317544959486e+07,-1.663712380000000093e-09,9.673499999999999943e+01,6.307000000000000000e+07,6.970000000000000000e+07
6.012569276071628183e+07,-1.663182500000000010e-09,9.674000000000000909e+01,6.307000000000000000e+07,6.970000000000000000e+07
6.010653089194389433e+07,-1.663712719999999954e-09,9.674500000000000455e+01,6.307000000000000000e+07,6.970000000000000000e+07
6.011951410711312294e+07,-1.663353430000000028e-09,9.675000000000000000e+01,6.307000000000000000e+07,6.970000000000000000e+07
6.013400285249251127e+07,-1.662952659999999991e-09,9.675499999999999545e+01,6.307000000000000000e+07,6.970000000000000000e+07
6.010978908713271469e+07,-1.663622540000000034e-09,9.676000000000000512e+01,6.307000000000000000e+07,6.970000000000000000e+07
6.009706758161647618e+07,-1.663974700000000044e-09,9.676500000000000057e+01,6.307000000000000000e+07,6.970000000000000000e+07
6.010092218975210190e+07,-1.663867980000000063e-09,9.676999999999999602e+01,6.307000000000000000e+07,6.970000000000000000e+07
6.007786836705938727e+07,-1.664506460000000023e-09,9.677500000000000568e+01,6.307000000000000000e+07,6.970000000000000000e+07
6.006395465738426894e+07,-1.664892040000000223e-09,9.678000000000000114e+01,6.307000000000000000e+07,6.970000000000000000e+07
6.009193404898218811e+07,-1.664116850000000276e-09,9.678499999999999659e+01,6.307000000000000000e+07,6.970000000000000000e+07
6.010684918087378144e+07,-1.663703909999999999e-09,9.679000000000000625e+01,6.307000000000000000e+07,6.970000000000000000e+07
6.010435173297435045e+07,-1.663773040000000033e-09,9.679500000000000171e+01,6.307000000000000000e+07,6.970000000000000000e+07
6.014587865613488853e+07,-1.662624310000000168e-09,9.679999999999999716e+01,6.307000000000000000e+07,6.970000000000000000e+07
6.017437764409223944e+07,-1.661836880000000083e-09,9.680500000000000682e+01,6.307000000000000000e+07,6.970000000000000000e+07
6.015921473070082814e+07,-1.662255740000000055e-09,9.681000000000000227e+01,6.307000000000000000e+07,6.970000000000000000e+07
6.015910253784542531e+07,-1.662258840000000216e-09,9.681499999999999773e+01,6.307000000000000000e+07,6.970000000000000000e+07
6.016915776506596804e+07,-1.661981050000000214e-09,9.682000000000000739e+01,6.307000000000000000e+07,6.970000000000000000e+07
6.014101166780129820e+07,-1.662758860000000252e-09,9.682500000000000284e+01,6.307000000000000000e+07,6.970000000000000000e+07
6.010165329190518707e+07,-1.663847740000000063e-09,9.682999999999999829e+01,6.307000000000000000e+07,6.970000000000000000e+07
6.008789609370270371e+07,-1.664228680000000066e-09,9.683500000000000796e+01,6.307000000000000000e+07,6.970000000000000000e+07
6.006993028920631856e+07,-1.664726420000000078e-09,9.684000000000000341e+01,6.307000000000000000e+07,6.970000000000000000e+07
6.004633775884850323e+07,-1.665380500000000048e-09,9.684499999999999886e+01,6.307000000000000000e+07,6.970000000000000000e+07
6.005973613427598029e+07,-1.665008980000000236e-09,9.685000000000000853e+01,6.307000000000000000e+07,6.970000000000000000e+07
6.006756940815152973e+07,-1.664791850000000173e-09,9.685500000000000398e+01,6.307000000000000000e+07,6.970000000000000000e+07
6.002800186230873317e+07,-1.665889200000000079e-09,9.685999999999999943e+01,6.307000000000000000e+07,6.970000000000000000e+07
6.000837933005613834e+07,-1.666433939999999977e-09,9.686500000000000909e+01,6.307000000000000000e+07,6.970000000000000000e+07
6.001101394141069055e+07,-1.666360780000000189e-09,9.687000000000000455e+01,6.307000000000000000e+07,6.970000000000000000e+07
5.997933579927175492e+07,-1.667240870000000281e-09,9.687500000000000000e+01,6.307000000000000000e+07,6.970000000000000000e+07
5.994799798924823850e+07,-1.668112419999999967e-09,9.687999999999999545e+01,6.307000000000000000e+07,6.970000000000000000e+07
5.995177311505660415e+07,-1.668007380000000025e-09,9.688500000000000512e+01,6.307000000000000000e+07,6.970000000000000000e+07
5.993460092177378386e+07,-1.668485290000000209e-09,9.689000000000000057e+01,6.307000000000000000e+07,6.970000000000000000e+07
5.989758686638550460e+07,-1.669516340000000074e-09,9.689499999999999602e+01,6.307000000000000000e+07,6.970000000000000000e+07
5.989188436817625165e+07,-1.669675300000000123e-09,9.690000000000000568e+01,6.307000000000000000e+07,6.970000000000000000e+07
5.987782755601215363e+07,-1.670067270000000250e-09,9.690500000000000114e+01,6.307000000000000000e+07,6.970000000000000000e+07
5.984065260013590008e+07,-1.671104770000000103e-09,9.690999999999999659e+01,6.307000000000000000e+07,6.970000000000000000e+07
5.983282290450719744e+07,-1.671323450000000246e-09,9.691500000000000625e+01,6.307000000000000000e+07,6.970000000000000000e+07
5.984467386711399257e+07,-1.670992480000000125e-09,9.692000000000000171e+01,6.307000000000000000e+07,6.970000000000000000e+07
5.982137349837659299e+07,-1.671643330000000182e-09,9.692499999999999716e+01,6.307000000000000000e+07,6.970000000000000000e+07
5.981388085540286452e+07,-1.671852729999999931e-09,9.693000000000000682e+01,6.307000000000000000e+07,6.970000000000000000e+07
5.984052010699221492e+07,-1.671108470000000248e-09,9.693500000000000227e+01,6.307000000000000000e+07,6.970000000000000000e+07
5.984460188136227429e+07,-1.670994490000000187e-09,9.693999999999999773e+01,6.307000000000000000e+07,6.970000000000000000e+07
5.984219851620072126e+07,-1.671061600000000114e-09,9.694500000000000739e+01,6.307000000000000000e+07,6.970000000000000000e+07
5.986991106504320353e+07,-1.670288100000000251e-09,9.695000000000000284e+01,6.307000000000000000e+07,6.970000000000000000e+07
5.989111244758794457e+07,-1.669696820000000034e-09,9.695499999999999829e+01,6.307000000000000000e+07,6.970000000000000000e+07
5.987226145249040425e+07,-1.670222530000000153e-09,9.696000000000000796e+01,6.307000000000000000e+07,6.970000000000000000e+07
5.987754574849575758e+07,-1.670075130000000108e-09,9.696500000000000341e+01,6.307000000000000000e+07,6.970000000000000000e+07
5.989737698544755578e+07,-1.669522190000000078e-09,9.696999999999999886e+01,6.307000000000000000e+07,6.970000000000000000e+07
5.987540001108174026e+07,-1.670134980000000162e-09,9.697500000000000853e+01,6.307000000000000000e+07,6.970000000000000000e+07
5.986080877411959320e+07,-1.670542080000000066e-09,9.698000000000000398e+01,6.307000000000000000e+07,6.970000000000000000e+07
5.988595342983204126e+07,-1.669840660000000143e-09,9.698499999999999943e+01,6.307000000000000000e+07,6.970000000000000000e+07
5.988768997992229462e+07,-1.669792240000000135e-09,9.699000000000000909e+01,6.307000000000000000e+07,6.970000000000000000e+07
5.986922896030503511e+07,-1.670307130000000238e-09,9.699500000000000455e+01,6.307000000000000000e+07,6.970000000000000000e+07
5.988817237282071263e+07,-1.669778790000000191e-09,9.700000000000000000e+01,6.307000000000000000e+07,6.970000000000000000e+07
5.989776553541989625e+07,-1.669511360000000017e-09,9.700499999999999545e+01,6.307000000000000000e+07,6.970000000000000000e+07
5.987063189781899005e+07,-1.670267990000000003e-09,9.701000000000000512e+01,6.307000000000000000e+07,6.970000000000000000e+07
5.989178285517819971e+07,-1.669678130000000115e-09,9.701500000000000057e+01,6.307000000000000000e+07,6.970000000000000000e+07
5.997719966754638404e+07,-1.667300250000000102e-09,9.701999999999999602e+01,6.307000000000000000e+07,6.970000000000000000e+07
6.007342450280485302e+07,-1.664629590000000107e-09,9.702500000000000568e+01,6.307000000000000000e+07,6.970000000000000000e+07
6.021433606035229564e+07,-1.660734080000000093e-09,9.703000000000000114e+01,6.307000000000000000e+07,6.970000000000000000e+07
6.039642899349176139e+07,-1.655727030000000035e-09,9.703499999999999659e+01,6.307000000000000000e+07,6.970000000000000000e+07
6.056067496810193360e+07,-1.651236550000000117e-09,9.704000000000000625e+01,6.307000000000000000e+07,6.970000000000000000e+07
6.071646448124472052e+07,-1.646999719999999993e-09,9.704500000000000171e+01,6.307000000000000000e+07,6.970000000000000000e+07
6.090751107345754653e+07,-1.641833630000000150e-09,9.704999999999999716e+01,6.307000000000000000e+07,6.970000000000000000e+07
6.108808969119488448e+07,-1.636980310000000003e-09,9.705500000000000682e+01,6.307000000000000000e+07,6.970000000000000000e+07
6.122680129509624094e+07,-1.633271670000000084e-09,9.706000000000000227e+01,6.307000000000000000e+07,6.970000000000000000e+07
6.139196896660526097e+07,-1.628877549999999905e-09,9.706499999999999773e+01,6.307000000000000000e+07,6.970000000000000000e+07
6.157160221654073894e+07,-1.624125350000000022e-09,9.707000000000000739e+01,6.307000000000000000e+07,6.970000000000000000e+07
6.171262024935477227e+07,-1.620414100000000264e-09,9.707500000000000284e+01,6.307000000000000000e+07,6.970000000000000000e+07
6.189060613796743751e+07,-1.615754090000000155e-09,9.707999999999999829e+01,6.307000000000000000e+07,6.970000000000000000e+07
6.210596096739722788e+07,-1.610151400000000102e-09,9.708500000000000796e+01,6.307000000000000000e+07,6.970000000000000000e+07
6.228232638340631127e+07,-1.605591920000000110e-09,9.709000000000000341e+01,6.307000000000000000e+07,6.970000000000000000e+07
6.242063801070420444e+07,-1.602034250000000009e-09,9.709499999999999886e+01,6.307000000000000000e+07,6.970000000000000000e+07
6.259259243958848715e+07,-1.597633139999999919e-09,9.710000000000000853e+01,6.307000000000000000e+07,6.970000000000000000e+07
6.274213562622375786e+07,-1.593825250000000208e-09,9.710500000000000398e+01,6.307000000000000000e+07,6.970000000000000000e+07
6.284369452197925001e+07,-1.591249540000000081e-09,9.710999999999999943e+01,6.307000000000000000e+07,6.970000000000000000e+07
6.296194866928914189e+07,-1.588260880000000046e-09,9.711500000000000909e+01,6.307000000000000000e+07,6.970000000000000000e+07
6.308237172458347678e+07,-1.585228920000000064e-09,9.712000000000000455e+01,6.307000000000000000e+07,6.970000000000000000e+07
6.315119020764003694e+07,-1.583501430000000127e-09,9.712500000000000000e+01,6.307000000000000000e+07,6.970000000000000000e+07
6.323799930906162411e+07,-1.581327700000000050e-09,9.712999999999999545e+01,6.307000000000000000e+07,6.970000000000000000e+07
6.336539947822648287e+07,-1.578148340000000230e-09,9.713500000000000512e+01,6.307000000000000000e+07,6.970000000000000000e+07
6.346460004266344011e+07,-1.575681560000000209e-09,9.714000000000000057e+01,6.307000000000000000e+07,6.970000000000000000e+07
6.353635942823503166e+07,-1.573901950000000119e-09,9.714499999999999602e+01,6.307000000000000000e+07,6.970000000000000000e+07
6.364535585725504905e+07,-1.571206550000000136e-09,9.715000000000000568e+01,6.307000000000000000e+07,6.970000000000000000e+07
6.376021059997560829e+07,-1.568376250000000165e-09,9.715500000000000114e+01,6.307000000000000000e+07,6.970000000000000000e+07
6.383692596806798875e+07,-1.566491470000000174e-09,9.715999999999999659e+01,6.307000000000000000e+07,6.970000000000000000e+07
6.395089226331314445e+07,-1.563699839999999998e-09,9.716500000000000625e+01,6.307000000000000000e+07,6.970000000000000000e+07
6.408569354373871535e+07,-1.560410670000000081e-09,9.717000000000000171e+01,6.307000000000000000e+07,6.970000000000000000e+07
6.416341034685681015e+07,-1.558520650000000115e-09,9.717499999999999716e+01,6.307000000000000000e+07,6.970000000000000000e+07
6.424675564966534078e+07,-1.556498830000000115e-09,9.718000000000000682e+01,6.307000000000000000e+07,6.970000000000000000e+07
6.435534819747523218e+07,-1.553872410000000118e-09,9.718500000000000227e+01,6.307000000000000000e+07,6.970000000000000000e+07
6.442455389314293116e+07,-1.552203220000000154e-09,9.718999999999999773e+01,6.307000000000000000e+07,6.970000000000000000e+07
6.446788210113720596e+07,-1.551160000000000256e-09,9.719500000000000739e+01,6.307000000000000000e+07,6.970000000000000000e+07
6.454201371095686406e+07,-1.549378370000000059e-09,9.720000000000000284e+01,6.307000000000000000e+07,6.970000000000000000e+07
6.460140246673090756e+07,-1.547954010000000095e-09,9.720499999999999829e+01,6.307000000000000000e+07,6.970000000000000000e+07
6.462588839027646184e+07,-1.547367510000000078e-09,9.721000000000000796e+01,6.307000000000000000e+07,6.970000000000000000e+07
6.467619594095946103e+07,-1.546163910000000010e-09,9.721500000000000341e+01,6.307000000000000000e+07,6.970000000000000000e+07
6.473524866074584424e+07,-1.544753470000000223e-09,9.721999999999999886e+01,6.307000000000000000e+07,6.970000000000000000e+07
6.474300187713269889e+07,-1.544568480000000025e-09,9.722500000000000853e+01,6.307000000000000000e+07,6.970000000000000000e+07
6.476610320912479609e+07,-1.544017550000000056e-09,9.723000000000000398e+01,6.307000000000000000e+07,6.970000000000000000e+07
6.482388187522577494e+07,-1.542641340000000138e-09,9.723499999999999943e+01,6.307000000000000000e+07,6.970000000000000000e+07
6.483356125895961374e+07,-1.542411030000000092e-09,9.724000000000000909e+01,6.307000000000000000e+07,6.970000000000000000e+07
6.481082174807489663e+07,-1.542952200000000011e-09,9.724500000000000455e+01,6.307000000000000000e+07,6.970000000000000000e+07
6.482580651049983501e+07,-1.542595540000000014e-09,9.725000000000000000e+01,6.307000000000000000e+07,6.970000000000000000e+07
6.482688570098213106e+07,-1.542569859999999975e-09,9.725499999999999545e+01,6.307000000000000000e+07,6.970000000000000000e+07
6.477902991899823397e+07,-1.543709440000000026e-09,9.726000000000000512e+01,6.307000000000000000e+07,6.970000000000000000e+07
6.475099090222030133e+07,-1.544377909999999992e-09,9.726500000000000057e+01,6.307000000000000000e+07,6.970000000000000000e+07
6.475287724877353013e+07,-1.544332920000000167e-09,9.726999999999999602e+01,6.307000000000000000e+07,6.970000000000000000e+07
6.471548696870186925e+07,-1.545225180000000085e-09,9.727500000000000568e+01,6.307000000000000000e+07,6.970000000000000000e+07
6.469350777877324820e+07,-1.545750160000000260e-09,9.728000000000000114e+01,6.307000000000000000e+07,6.970000000000000000e+07
6.469772971590469778e+07,-1.545649290000000077e-09,9.728499999999999659e+01,6.307000000000000000e+07,6.970000000000000000e+07
6.466153321340947598e+07,-1.546514519999999940e-09,9.729000000000000625e+01,6.307000000000000000e+07,6.970000000000000000e+07
6.460191871316286176e+07,-1.547941639999999998e-09,9.729500000000000171e+01,6.307000000000000000e+07,6.970000000000000000e+07
6.460211820267655700e+07,-1.547936860000000211e-09,9.729999999999999716e+01,6.307000000000000000e+07,6.970000000000000000e+07
6.460646262192782015e+07,-1.547832770000000159e-09,9.730500000000000682e+01,6.307000000000000000e+07,6.970000000000000000e+07
6.457261965952149779e+07,-1.548643999999999972e-09,9.731000000000000227e+01,6.307000000000000000e+07,6.970000000000000000e+07
6.456831897963459790e+07,-1.548747150000000180e-09,9.731499999999999773e+01,6.307000000000000000e+07,6.970000000000000000e+07
6.459523193654412776e+07,-1.548101879999999958e-09,9.732000000000000739e+01,6.307000000000000000e+07,6.970000000000000000e+07
6.460417827522994578e+07,-1.547887500000000152e-09,9.732500000000000284e+01,6.307000000000000000e+07,6.970000000000000000e+07
6.461788552637875080e+07,-1.547559150000000121e-09,9.732999999999999829e+01,6.307000000000000000e+07,6.970000000000000000e+07
6.464292634080111980e+07,-1.546959669999999979e-09,9.733500000000000796e+01,6.307000000000000000e+07,6.970000000000000000e+07
6.463331757680772990e+07,-1.547189650000000002e-09,9.734000000000000341e+01,6.307000000000000000e+07,6.970000000000000000e+07
6.459824548839715868e+07,-1.548029660000000221e-09,9.734499999999999886e+01,6.307000000000000000e+07,6.970000000000000000e+07
6.457674159516756982e+07,-1.548545150000000101e-09,9.735000000000000853e+01,6.307000000000000000e+07,6.970000000000000000e+07
6.455536703379991651e+07,-1.549057880000000301e-09,9.735500000000000398e+01,6.307000000000000000e+07,6.970000000000000000e+07
6.450433223028559238e+07,-1.550283470000000306e-09,9.735999999999999943e+01,6.307000000000000000e+07,6.970000000000000000e+07
6.447383004014978558e+07,-1.551016900000000135e-09,9.736500000000000909e+01,6.307000000000000000e+07,6.970000000000000000e+07
6.444400994860847294e+07,-1.551734600000000201e-09,9.737000000000000455e+01,6.307000000000000000e+07,6.970000000000000000e+07
6.436228075825768709e+07,-1.553705040000000243e-09,9.737500000000000000e+01,6.307000000000000000e+07,6.970000000000000000e+07
6.429122670733677596e+07,-1.555422180000000190e-09,9.737999999999999545e+01,6.307000000000000000e+07,6.970000000000000000e+07
6.426296941753561795e+07,-1.556106120000000000e-09,9.738500000000000512e+01,6.307000000000000000e+07,6.970000000000000000e+07
6.421259237960655987e+07,-1.557326940000000056e-09,9.739000000000000057e+01,6.307000000000000000e+07,6.970000000000000000e+07
6.414913143743911386e+07,-1.558867560000000106e-09,9.739499999999999602e+01,6.307000000000000000e+07,6.970000000000000000e+07
6.412929162919137627e+07,-1.559349830000000067e-09,9.740000000000000568e+01,6.307000000000000000e+07,6.970000000000000000e+07
6.411325293257866055e+07,-1.559739920000000091e-09,9.740500000000000114e+01,6.307000000000000000e+07,6.970000000000000000e+07
6.406271873414527625e+07,-1.560970280000000046e-09,9.740999999999999659e+01,6.307000000000000000e+07,6.970000000000000000e+07
6.404167729891930521e+07,-1.561483150000000042e-09,9.741500000000000625e+01,6.307000000000000000e+07,6.970000000000000000e+07
6.403211154045496136e+07,-1.561716420000000038e-09,9.742000000000000171e+01,6.307000000000000000e+07,6.970000000000000000e+07
6.400146476312315464e+07,-1.562464240000000069e-09,9.742499999999999716e+01,6.307000000000000000e+07,6.970000000000000000e+07
6.401412694480198622e+07,-1.562155180000000150e-09,9.743000000000000682e+01,6.307000000000000000e+07,6.970000000000000000e+07
6.408102384148590267e+07,-1.560524379999999974e-09,9.743500000000000227e+01,6.307000000000000000e+07,6.970000000000000000e+07
6.410223167496522516e+07,-1.560008090000000046e-09,9.743999999999999773e+01,6.307000000000000000e+07,6.970000000000000000e+07
6.410043851558690518e+07,-1.560051730000000267e-09,9.744500000000000739e+01,6.307000000000000000e+07,6.970000000000000000e+07
6.414499478305549920e+07,-1.558968090000000223e-09,9.745000000000000284e+01,6.307000000000000000e+07,6.970000000000000000e+07
6.415102156364099681e+07,-1.558821630000000023e-09,9.745499999999999829e+01,6.307000000000000000e+07,6.970000000000000000e+07
6.411464067052219808e+07,-1.559706160000000041e-09,9.746000000000000796e+01,6.307000000000000000e+07,6.970000000000000000e+07
6.411441129499993473e+07,-1.559711740000000083e-09,9.746500000000000341e+01,6.307000000000000000e+07,6.970000000000000000e+07
6.414286144409416616e+07,-1.559019940000000001e-09,9.746999999999999886e+01,6.307000000000000000e+07,6.970000000000000000e+07
6.414809362321890891e+07,-1.558892780000000163e-09,9.747500000000000853e+01,6.307000000000000000e+07,6.970000000000000000e+07
6.417603949701515585e+07,-1.558213950000000162e-09,9.748000000000000398e+01,6.307000000000000000e+07,6.970000000000000000e+07
6.426867390589009225e+07,-1.555968000000000143e-09,9.748499999999999943e+01,6.307000000000000000e+07,6.970000000000000000e+07
6.433119469423067570e+07,-1.554455820000000225e-09,9.749000000000000909e+01,6.307000000000000000e+07,6.970000000000000000e+07
6.439092648395200074e+07,-1.553013840000000145e-09,9.749500000000000455e+01,6.307000000000000000e+07,6.970000000000000000e+07
6.449157355357154459e+07,-1.550590170000000053e-09,9.750000000000000000e+01,6.307000000000000000e+07,6.970000000000000000e+07
6.459712298883963376e+07,-1.548056560000000111e-09,9.750499999999999545e+01,6.307000000000000000e+07,6.970000000000000000e+07
6.466476663045072556e+07,-1.546437190000000187e-09,9.751000000000000512e+01,6.307000000000000000e+07,6.970000000000000000e+07
6.477953516019395739e+07,-1.543697400000000158e-09,9.751500000000000057e+01,6.307000000000000000e+07,6.970000000000000000e+07
6.492217788275521249e+07,-1.540305690000000062e-09,9.751999999999999602e+01,6.307000000000000000e+07,6.970000000000000000e+07
6.502295020790210366e+07,-1.537918530000000069e-09,9.752500000000000568e+01,6.307000000000000000e+07,6.970000000000000000e+07
6.513257863389457017e+07,-1.535329970000000188e-09,9.753000000000000114e+01,6.307000000000000000e+07,6.970000000000000000e+07
6.527769057766278088e+07,-1.531916940000000038e-09,9.753499999999999659e+01,6.307000000000000000e+07,6.970000000000000000e+07
6.538183814015921950e+07,-1.529476730000000091e-09,9.754000000000000625e+01,6.307000000000000000e+07,6.970000000000000000e+07
6.545501963450950384e+07,-1.527766710000000222e-09,9.754500000000000171e+01,6.307000000000000000e+07,6.970000000000000000e+07
6.557126244476170093e+07,-1.525058330000000114e-09,9.754999999999999716e+01,6.307000000000000000e+07,6.970000000000000000e+07
6.567523593204593658e+07,-1.522643940000000208e-09,9.755500000000000682e+01,6.307000000000000000e+07,6.970000000000000000e+07
6.572756005231387913e+07,-1.521431800000000148e-09,9.756000000000000227e+01,6.307000000000000000e+07,6.970000000000000000e+07
6.580852351996630430e+07,-1.519560000000000076e-09,9.756499999999999773e+01,6.307000000000000000e+07,6.970000000000000000e+07
6.587454762877681851e+07,-1.518036990000000097e-09,9.757000000000000739e+01,6.307000000000000000e+07,6.970000000000000000e+07
6.589065311698304117e+07,-1.517665940000000104e-09,9.757500000000000284e+01,6.307000000000000000e+07,6.970000000000000000e+07
6.592595950421463698e+07,-1.516853160000000003e-09,9.757999999999999829e+01,6.307000000000000000e+07,6.970000000000000000e+07
6.600047285378771275e+07,-1.515140660000000047e-09,9.758500000000000796e+01,6.307000000000000000e+07,6.970000000000000000e+07
6.604244536075694859e+07,-1.514177730000000266e-09,9.759000000000000341e+01,6.307000000000000000e+07,6.970000000000000000e+07
6.606922512737634778e+07,-1.513563990000000086e-09,9.759499999999999886e+01,6.307000000000000000e+07,6.970000000000000000e+07
6.612508677677793801e+07,-1.512285350000000127e-09,9.760000000000000853e+01,6.307000000000000000e+07,6.970000000000000000e+07
6.616714442653300613e+07,-1.511324099999999972e-09,9.760500000000000398e+01,6.307000000000000000e+07,6.970000000000000000e+07
6.617950564849028736e+07,-1.511041810000000190e-09,9.760999999999999943e+01,6.307000000000000000e+07,6.970000000000000000e+07
6.622043233691249788e+07,-1.510107930000000157e-09,9.761500000000000909e+01,6.307000000000000000e+07,6.970000000000000000e+07
6.626147773034560680e+07,-1.509172500000000043e-09,9.762000000000000455e+01,6.307000000000000000e+07,6.970000000000000000e+07
6.625358132905703783e+07,-1.509352370000000181e-09,9.762500000000000000e+01,6.307000000000000000e+07,6.970000000000000000e+07
6.626699934909240156e+07,-1.509046750000000076e-09,9.762999999999999545e+01,6.307000000000000000e+07,6.970000000000000000e+07
6.634081517749415338e+07,-1.507367670000000102e-09,9.763500000000000512e+01,6.307000000000000000e+07,6.970000000000000000e+07
6.639173054347845167e+07,-1.506211680000000156e-09,9.764000000000000057e+01,6.307000000000000000e+07,6.970000000000000000e+07
6.645259892260135710e+07,-1.504832040000000054e-09,9.764499999999999602e+01,6.307000000000000000e+07,6.970000000000000000e+07
6.654711743208462000e+07,-1.502694690000000118e-09,9.765000000000000568e+01,6.307000000000000000e+07,6.970000000000000000e+07
6.660826542764991522e+07,-1.501315179999999975e-09,9.765500000000000114e+01,6.307000000000000000e+07,6.970000000000000000e+07
6.662542419658050686e+07,-1.500928529999999972e-09,9.765999999999999659e+01,6.307000000000000000e+07,6.970000000000000000e+07
6.666761290231912583e+07,-1.499978710000000069e-09,9.766500000000000625e+01,6.307000000000000000e+07,6.970000000000000000e+07
6.671891469355595857e+07,-1.498825340000000007e-09,9.767000000000000171e+01,6.307000000000000000e+07,6.970000000000000000e+07
6.672127669721779972e+07,-1.498772280000000215e-09,9.767499999999999716e+01,6.307000000000000000e+07,6.970000000000000000e+07
6.672821009483713657e+07,-1.498616550000000080e-09,9.768000000000000682e+01,6.307000000000000000e+07,6.970000000000000000e+07
6.676067638071893901e+07,-1.497887760000000035e-09,9.768500000000000227e+01,6.307000000000000000e+07,6.970000000000000000e+07
6.674390939300719649e+07,-1.498264050000000003e-09,9.768999999999999773e+01,6.307000000000000000e+07,6.970000000000000000e+07
6.672650966959874332e+07,-1.498654740000000218e-09,9.769500000000000739e+01,6.307000000000000000e+07,6.970000000000000000e+07
6.675401785924978554e+07,-1.498037169999999934e-09,9.770000000000000284e+01,6.307000000000000000e+07,6.970000000000000000e+07
6.676200102380864322e+07,-1.497858039999999991e-09,9.770499999999999829e+01,6.307000000000000000e+07,6.970000000000000000e+07
6.675267526365470886e+07,-1.498067300000000150e-09,9.771000000000000796e+01,6.307000000000000000e+07,6.970000000000000000e+07
6.679420351886559278e+07,-1.497135899999999998e-09,9.771500000000000341e+01,6.307000000000000000e+07,6.970000000000000000e+07
6.683462966560769826e+07,-1.496230330000000138e-09,9.771999999999999886e+01,6.307000000000000000e+07,6.970000000000000000e+07
6.682446953299357742e+07,-1.496457820000000236e-09,9.772500000000000853e+01,6.307000000000000000e+07,6.970000000000000000e+07
6.681384152422256023e+07,-1.496695860000000181e-09,9.773000000000000398e+01,6.307000000000000000e+07,6.970000000000000000e+07
6.682930469020424038e+07,-1.496349549999999968e-09,9.773499999999999943e+01,6.307000000000000000e+07,6.970000000000000000e+07
6.679611441925918311e+07,-1.497093070000000076e-09,9.774000000000000909e+01,6.307000000000000000e+07,6.970000000000000000e+07
6.675906432711840421e+07,-1.497923930000000067e-09,9.774500000000000455e+01,6.307000000000000000e+07,6.970000000000000000e+07
6.678295805763102323e+07,-1.497388000000000124e-09,9.775000000000000000e+01,6.307000000000000000e+07,6.970000000000000000e+07
6.679792949664240330e+07,-1.497052390000000012e-09,9.775499999999999545e+01,6.307000000000000000e+07,6.970000000000000000e+07
6.679870990315590054e+07,-1.497034900000000062e-09,9.776000000000000512e+01,6.307000000000000000e+07,6.970000000000000000e+07
6.684136772143458575e+07,-1.496079500000000117e-09,9.776500000000000057e+01,6.307000000000000000e+07,6.970000000000000000e+07
6.688192033081830293e+07,-1.495172380000000177e-09,9.776999999999999602e+01,6.307000000000000000e+07,6.970000000000000000e+07
6.688468756142521650e+07,-1.495110520000000269e-09,9.777500000000000568e+01,6.307000000000000000e+07,6.970000000000000000e+07
6.691961298888809234e+07,-1.494330220000000099e-09,9.778000000000000114e+01,6.307000000000000000e+07,6.970000000000000000e+07
6.700143756274390966e+07,-1.492505290000000162e-09,9.778499999999999659e+01,6.307000000000000000e+07,6.970000000000000000e+07
6.702847205943612754e+07,-1.491903320000000094e-09,9.779000000000000625e+01,6.307000000000000000e+07,6.970000000000000000e+07
6.705091759515983611e+07,-1.491403900000000043e-09,9.779500000000000171e+01,6.307000000000000000e+07,6.970000000000000000e+07
6.710661449968459457e+07,-1.490166069999999899e-09,9.779999999999999716e+01,6.307000000000000000e+07,6.970000000000000000e+07
6.712174673982293904e+07,-1.489830119999999928e-09,9.780500000000000682e+01,6.307000000000000000e+07,6.970000000000000000e+07
6.710044374798358977e+07,-1.490303110000000115e-09,9.781000000000000227e+01,6.307000000000000000e+07,6.970000000000000000e+07
6.713751909626023471e+07,-1.489480120000000234e-09,9.781499999999999773e+01,6.307000000000000000e+07,6.970000000000000000e+07
6.718526705565860868e+07,-1.488421560000000037e-09,9.782000000000000739e+01,6.307000000000000000e+07,6.970000000000000000e+07
6.718517587580814958e+07,-1.488423580000000143e-09,9.782500000000000284e+01,6.307000000000000000e+07,6.970000000000000000e+07
6.720388466410174966e+07,-1.488009219999999951e-09,9.782999999999999829e+01,6.307000000000000000e+07,6.970000000000000000e+07
6.725265745345161855e+07,-1.486930090000000146e-09,9.783500000000000796e+01,6.307000000000000000e+07,6.970000000000000000e+07
6.725825412799552083e+07,-1.486806360000000285e-09,9.784000000000000341e+01,6.307000000000000000e+07,6.970000000000000000e+07
6.725795285274001956e+07,-1.486813020000000174e-09,9.784499999999999886e+01,6.307000000000000000e+07,6.970000000000000000e+07
6.730020341284580529e+07,-1.485879610000000167e-09,9.785000000000000853e+01,6.307000000000000000e+07,6.970000000000000000e+07
6.734694171678480506e+07,-1.484848420000000092e-09,9.785500000000000398e+01,6.307000000000000000e+07,6.970000000000000000e+07
6.737947230742095411e+07,-1.484131539999999956e-09,9.785999999999999943e+01,6.307000000000000000e+07,6.970000000000000000e+07
6.744331965623275936e+07,-1.482726540000000207e-09,9.786500000000000909e+01,6.307000000000000000e+07,6.970000000000000000e+07
6.749861955198223889e+07,-1.481511780000000056e-09,9.787000000000000455e+01,6.307000000000000000e+07,6.970000000000000000e+07
6.749196881004443765e+07,-1.481657770000000023e-09,9.787500000000000000e+01,6.307000000000000000e+07,6.970000000000000000e+07
6.753914864539262652e+07,-1.480622750000000051e-09,9.787999999999999545e+01,6.307000000000000000e+07,6.970000000000000000e+07
6.763538575165909529e+07,-1.478515999999999943e-09,9.788500000000000512e+01,6.307000000000000000e+07,6.970000000000000000e+07
6.766470482328090072e+07,-1.477875360000000080e-09,9.789000000000000057e+01,6.307000000000000000e+07,6.970000000000000000e+07
6.763526589878185093e+07,-1.478518620000000034e-09,9.789499999999999602e+01,6.307000000000000000e+07,6.970000000000000000e+07
6.759526335655365884e+07,-1.479393600000000110e-09,9.790000000000000568e+01,6.307000000000000000e+07,6.970000000000000000e+07
6.748721218559901416e+07,-1.481762199999999935e-09,9.790500000000000114e+01,6.307000000000000000e+07,6.970000000000000000e+07
6.731920790550461411e+07,-1.485460140000000166e-09,9.790999999999999659e+01,6.307000000000000000e+07,6.970000000000000000e+07
6.718401628830789030e+07,-1.488449270000000226e-09,9.791500000000000625e+01,6.307000000000000000e+07,6.970000000000000000e+07
6.704519534720557928e+07,-1.491531190000000046e-09,9.792000000000000171e+01,6.307000000000000000e+07,6.970000000000000000e+07
6.684715130129411072e+07,-1.495950060000000049e-09,9.792499999999999716e+01,6.307000000000000000e+07,6.970000000000000000e+07
6.666731111734079570e+07,-1.499985500000000124e-09,9.793000000000000682e+01,6.307000000000000000e+07,6.970000000000000000e+07
6.651928565045570582e+07,-1.503323420000000072e-09,9.793500000000000227e+01,6.307000000000000000e+07,6.970000000000000000e+07
6.634353209010773152e+07,-1.507305940000000152e-09,9.793999999999999773e+01,6.307000000000000000e+07,6.970000000000000000e+07
6.618438327191036195e+07,-1.510930450000000219e-09,9.794500000000000739e+01,6.307000000000000000e+07,6.970000000000000000e+07
6.607599746706914157e+07,-1.513408860000000142e-09,9.795000000000000284e+01,6.307000000000000000e+07,6.970000000000000000e+07
6.594800313865012676e+07,-1.516346140000000011e-09,9.795499999999999829e+01,6.307000000000000000e+07,6.970000000000000000e+07
6.578576414615461975e+07,-1.520085710000000194e-09,9.796000000000000796e+01,6.307000000000000000e+07,6.970000000000000000e+07
6.566597068179887533e+07,-1.522858779999999996e-09,9.796500000000000341e+01,6.307000000000000000e+07,6.970000000000000000e+07
6.554923874293261021e+07,-1.525570730000000291e-09,9.796999999999999886e+01,6.307000000000000000e+07,6.970000000000000000e+07
6.538231520961926877e+07,-1.529465570000000007e-09,9.797500000000000853e+01,6.307000000000000000e+07,6.970000000000000000e+07
6.523138442895934731e+07,-1.533004409999999979e-09,9.798000000000000398e+01,6.307000000000000000e+07,6.970000000000000000e+07
6.511500517797776312e+07,-1.535744330000000174e-09,9.798499999999999943e+01,6.307000000000000000e+07,6.970000000000000000e+07
6.497509127895747870e+07,-1.539051320000000064e-09,9.799000000000000909e+01,6.307000000000000000e+07,6.970000000000000000e+07
6.483250160149245709e+07,-1.542436240000000105e-09,9.799500000000000455e+01,6.307000000000000000e+07,6.970000000000000000e+07
6.473635040201726556e+07,-1.544727180000000156e-09,9.800000000000000000e+01,6.307000000000000000e+07,6.970000000000000000e+07
6.461420464072011411e+07,-1.547647310000000142e-09,9.800499999999999545e+01,6.307000000000000000e+07,6.970000000000000000e+07
6.446751054723930359e+07,-1.551168939999999962e-09,9.801000000000000512e+01,6.307000000000000000e+07,6.970000000000000000e+07
6.439319038405669481e+07,-1.552959240000000111e-09,9.801500000000000057e+01,6.307000000000000000e+07,6.970000000000000000e+07
6.433293663714614511e+07,-1.554413730000000084e-09,9.801999999999999602e+01,6.307000000000000000e+07,6.970000000000000000e+07
6.423072251032984257e+07,-1.556887360000000014e-09,9.802500000000000568e+01,6.307000000000000000e+07,6.970000000000000000e+07
6.415360610980468243e+07,-1.558758830000000063e-09,9.803000000000000114e+01,6.307000000000000000e+07,6.970000000000000000e+07
6.410293105075274408e+07,-1.559991070000000121e-09,9.803499999999999659e+01,6.307000000000000000e+07,6.970000000000000000e+07
6.400887234660661221e+07,-1.562283420000000042e-09,9.804000000000000625e+01,6.307000000000000000e+07,6.970000000000000000e+07
6.391222203392261267e+07,-1.564645960000000169e-09,9.804500000000000171e+01,6.307000000000000000e+07,6.970000000000000000e+07
6.384833028347949684e+07,-1.566211670000000111e-09,9.804999999999999716e+01,6.307000000000000000e+07,6.970000000000000000e+07
6.376128468735830486e+07,-1.568349830000000139e-09,9.805500000000000682e+01,6.307000000000000000e+07,6.970000000000000000e+07
6.363929856510564685e+07,-1.571356100000000039e-09,9.806000000000000227e+01,6.307000000000000000e+07,6.970000000000000000e+07
6.356270688270656019e+07,-1.573249550000000188e-09,9.806499999999999773e+01,6.307000000000000000e+07,6.970000000000000000e+07
6.348070830479320139e+07,-1.575281730000000017e-09,9.807000000000000739e+01,6.307000000000000000e+07,6.970000000000000000e+07
6.336631214038786292e+07,-1.578125610000000098e-09,9.807500000000000284e+01,6.307000000000000000e+07,6.970000000000000000e+07
6.328835535398917645e+07,-1.580069500000000155e-09,9.807999999999999829e+01,6.307000000000000000e+07,6.970000000000000000e+07
6.325406555227551609e+07,-1.580926050000000022e-09,9.808500000000000796e+01,6.307000000000000000e+07,6.970000000000000000e+07
6.318907927912937105e+07,-1.582551940000000246e-09,9.809000000000000341e+01,6.307000000000000000e+07,6.970000000000000000e+07
6.312600281573534757e+07,-1.584133250000000197e-09,9.809499999999999886e+01,6.307000000000000000e+07,6.970000000000000000e+07
6.310247402588584274e+07,-1.584723920000000178e-09,9.810000000000000853e+01,6.307000000000000000e+07,6.970000000000000000e+07
6.305265096863310784e+07,-1.585976140000000111e-09,9.810500000000000398e+01,6.307000000000000000e+07,6.970000000000000000e+07
6.298260658480380476e+07,-1.587739940000000084e-09,9.810999999999999943e+01,6.307000000000000000e+07,6.970000000000000000e+07
6.294928359403244406e+07,-1.588580429999999960e-09,9.811500000000000909e+01,6.307000000000000000e+07,6.970000000000000000e+07
6.291199334360912442e+07,-1.589522040000000100e-09,9.812000000000000455e+01,6.307000000000000000e+07,6.970000000000000000e+07
6.283063127480875701e+07,-1.591580380000000037e-09,9.812500000000000000e+01,6.307000000000000000e+07,6.970000000000000000e+07
6.276742059544689953e+07,-1.593183200000000062e-09,9.812999999999999545e+01,6.307000000000000000e+07,6.970000000000000000e+07
6.272711961037375778e+07,-1.594206790000000196e-09,9.813500000000000512e+01,6.307000000000000000e+07,6.970000000000000000e+07
6.266279912705958635e+07,-1.595843170000000000e-09,9.814000000000000057e+01,6.307000000000000000e+07,6.970000000000000000e+07
6.260934448097720742e+07,-1.597205670000000056e-09,9.814499999999999602e+01,6.307000000000000000e+07,6.970000000000000000e+07
6.259411259556666017e+07,-1.597594339999999958e-09,9.815000000000000568e+01,6.307000000000000000e+07,6.970000000000000000e+07
6.254800637674423307e+07,-1.598771979999999981e-09,9.815500000000000114e+01,6.307000000000000000e+07,6.970000000000000000e+07
6.245740834145795554e+07,-1.601091089999999996e-09,9.815999999999999659e+01,6.307000000000000000e+07,6.970000000000000000e+07
6.240634095353655517e+07,-1.602401270000000248e-09,9.816500000000000625e+01,6.307000000000000000e+07,6.970000000000000000e+07
6.236011340386174619e+07,-1.603589130000000096e-09,9.817000000000000171e+01,6.307000000000000000e+07,6.970000000000000000e+07
6.227494768032545596e+07,-1.605782160000000121e-09,9.817499999999999716e+01,6.307000000000000000e+07,6.970000000000000000e+07
6.221696723890929669e+07,-1.607278600000000025e-09,9.818000000000000682e+01,6.307000000000000000e+07,6.970000000000000000e+07
6.220184749563761801e+07,-1.607669290000000034e-09,9.818500000000000227e+01,6.307000000000000000e+07,6.970000000000000000e+07
6.214588034462027997e+07,-1.609117120000000118e-09,9.818999999999999773e+01,6.307000000000000000e+07,6.970000000000000000e+07
6.208276925705219805e+07,-1.610752890000000307e-09,9.819500000000000739e+01,6.307000000000000000e+07,6.970000000000000000e+07
6.205731299418139458e+07,-1.611413629999999959e-09,9.820000000000000284e+01,6.307000000000000000e+07,6.970000000000000000e+07
6.199957623289644718e+07,-1.612914250000000079e-09,9.820499999999999829e+01,6.307000000000000000e+07,6.970000000000000000e+07
6.191436095986998081e+07,-1.615134169999999949e-09,9.821000000000000796e+01,6.307000000000000000e+07,6.970000000000000000e+07
6.188044141794081032e+07,-1.616019500000000015e-09,9.821500000000000341e+01,6.307000000000000000e+07,6.970000000000000000e+07
6.185921584783623368e+07,-1.616573999999999964e-09,9.821999999999999886e+01,6.307000000000000000e+07,6.970000000000000000e+07
6.180408675568210334e+07,-1.618015980000000044e-09,9.822500000000000853e+01,6.307000000000000000e+07,6.970000000000000000e+07
6.178723672543388605e+07,-1.618457230000000081e-09,9.823000000000000398e+01,6.307000000000000000e+07,6.970000000000000000e+07
6.181812712599879503e+07,-1.617648490000000193e-09,9.823499999999999943e+01,6.307000000000000000e+07,6.970000000000000000e+07
6.182247818816418201e+07,-1.617534640000000090e-09,9.824000000000000909e+01,6.307000000000000000e+07,6.970000000000000000e+07
6.182259093792468309e+07,-1.617531690000000184e-09,9.824500000000000455e+01,6.307000000000000000e+07,6.970000000000000000e+07
6.183622598869973421e+07,-1.617175019999999936e-09,9.825000000000000000e+01,6.307000000000000000e+07,6.970000000000000000e+07
6.180327277871327847e+07,-1.618037290000000054e-09,9.825499999999999545e+01,6.307000000000000000e+07,6.970000000000000000e+07
6.174140877866762131e+07,-1.619658540000000288e-09,9.826000000000000512e+01,6.307000000000000000e+07,6.970000000000000000e+07
6.169470670521517098e+07,-1.620884599999999906e-09,9.826500000000000057e+01,6.307000000000000000e+07,6.970000000000000000e+07
6.164905653146971017e+07,-1.622084840000000102e-09,9.826999999999999602e+01,6.307000000000000000e+07,6.970000000000000000e+07
6.158223419052416086e+07,-1.623844950000000181e-09,9.827500000000000568e+01,6.307000000000000000e+07,6.970000000000000000e+07
6.153528139511903375e+07,-1.625083980000000293e-09,9.828000000000000114e+01,6.307000000000000000e+07,6.970000000000000000e+07
6.150474142204288393e+07,-1.625890910000000183e-09,9.828499999999999659e+01,6.307000000000000000e+07,6.970000000000000000e+07
6.143578476203806698e+07,-1.627715840000000121e-09,9.829000000000000625e+01,6.307000000000000000e+07,6.970000000000000000e+07
6.137414199870097637e+07,-1.629350680000000096e-09,9.829500000000000171e+01,6.307000000000000000e+07,6.970000000000000000e+07
6.136802572562366724e+07,-1.629513070000000121e-09,9.829999999999999716e+01,6.307000000000000000e+07,6.970000000000000000e+07
6.136394888743877411e+07,-1.629621330000000138e-09,9.830500000000000682e+01,6.307000000000000000e+07,6.970000000000000000e+07
6.134123154851920903e+07,-1.630224850000000079e-09,9.831000000000000227e+01,6.307000000000000000e+07,6.970000000000000000e+07
6.135397372631420195e+07,-1.629886280000000224e-09,9.831499999999999773e+01,6.307000000000000000e+07,6.970000000000000000e+07
6.136390821969611943e+07,-1.629622410000000193e-09,9.832000000000000739e+01,6.307000000000000000e+07,6.970000000000000000e+07
6.133822827116112411e+07,-1.630304669999999964e-09,9.832500000000000284e+01,6.307000000000000000e+07,6.970000000000000000e+07
6.134189981961125880e+07,-1.630207090000000167e-09,9.832999999999999829e+01,6.307000000000000000e+07,6.970000000000000000e+07
6.136001152095576376e+07,-1.629725900000000054e-09,9.833500000000000796e+01,6.307000000000000000e+07,6.970000000000000000e+07
6.133566807962782681e+07,-1.630372720000000149e-09,9.834000000000000341e+01,6.307000000000000000e+07,6.970000000000000000e+07
6.130659997734721750e+07,-1.631145749999999987e-09,9.834499999999999886e+01,6.307000000000000000e+07,6.970000000000000000e+07
6.130592495832315832e+07,-1.631163710000000170e-09,9.835000000000000853e+01,6.307000000000000000e+07,6.970000000000000000e+07
6.126817012506799400e+07,-1.632168870000000301e-09,9.835500000000000398e+01,6.307000000000000000e+07,6.970000000000000000e+07
6.121721356788691878e+07,-1.633527470000000148e-09,9.835999999999999943e+01,6.307000000000000000e+07,6.970000000000000000e+07
6.121258757042171061e+07,-1.633650920000000210e-09,9.836500000000000909e+01,6.307000000000000000e+07,6.970000000000000000e+07
6.119854860542950779e+07,-1.634025679999999979e-09,9.837000000000000455e+01,6.307000000000000000e+07,6.970000000000000000e+07
6.115717085288622230e+07,-1.635131230000000225e-09,9.837500000000000000e+01,6.307000000000000000e+07,6.970000000000000000e+07
6.115358944754207879e+07,-1.635226990000000186e-09,9.837999999999999545e+01,6.307000000000000000e+07,6.970000000000000000e+07
6.116617857993088663e+07,-1.634890430000000186e-09,9.838500000000000512e+01,6.307000000000000000e+07,6.970000000000000000e+07
6.113343802760640532e+07,-1.635766010000000039e-09,9.839000000000000057e+01,6.307000000000000000e+07,6.970000000000000000e+07
6.109547833953291178e+07,-1.636782340000000092e-09,9.839499999999999602e+01,6.307000000000000000e+07,6.970000000000000000e+07
6.108022379207627475e+07,-1.637191120000000036e-09,9.840000000000000568e+01,6.307000000000000000e+07,6.970000000000000000e+07
6.103751258707955480e+07,-1.638336749999999947e-09,9.840500000000000114e+01,6.307000000000000000e+07,6.970000000000000000e+07
6.098172205821458995e+07,-1.639835620000000129e-09,9.840999999999999659e+01,6.307000000000000000e+07,6.970000000000000000e+07
6.097260611167819053e+07,-1.640080790000000197e-09,9.841500000000000625e+01,6.307000000000000000e+07,6.970000000000000000e+07
6.097751158519365638e+07,-1.639948849999999952e-09,9.842000000000000171e+01,6.307000000000000000e+07,6.970000000000000000e+07
6.095565421295917779e+07,-1.640536900000000256e-09,9.842499999999999716e+01,6.307000000000000000e+07,6.970000000000000000e+07
6.096197100196321309e+07,-1.640366910000000083e-09,9.843000000000000682e+01,6.307000000000000000e+07,6.970000000000000000e+07
6.098237731260420382e+07,-1.639818000000000013e-09,9.843500000000000227e+01,6.307000000000000000e+07,6.970000000000000000e+07
6.097165143187319487e+07,-1.640106470000000235e-09,9.843999999999999773e+01,6.307000000000000000e+07,6.970000000000000000e+07
6.098289498096626252e+07,-1.639804080000000043e-09,9.844500000000000739e+01,6.307000000000000000e+07,6.970000000000000000e+07
6.103372726209852844e+07,-1.638438360000000118e-09,9.845000000000000284e+01,6.307000000000000000e+07,6.970000000000000000e+07
6.105977469846820831e+07,-1.637739420000000076e-09,9.845499999999999829e+01,6.307000000000000000e+07,6.970000000000000000e+07
6.106471658204073459e+07,-1.637606880000000260e-09,9.846000000000000796e+01,6.307000000000000000e+07,6.970000000000000000e+07
6.110565824585478008e+07,-1.636509660000000106e-09,9.846500000000000341e+01,6.307000000000000000e+07,6.970000000000000000e+07
6.114753948599305004e+07,-1.635388780000000020e-09,9.846999999999999886e+01,6.307000000000000000e+07,6.970000000000000000e+07
6.114564386081714928e+07,-1.635439480000000258e-09,9.847500000000000853e+01,6.307000000000000000e+07,6.970000000000000000e+07
6.117514367777770013e+07,-1.634650839999999953e-09,9.848000000000000398e+01,6.307000000000000000e+07,6.970000000000000000e+07
6.123549918885008991e+07,-1.633039679999999999e-09,9.848499999999999943e+01,6.307000000000000000e+07,6.970000000000000000e+07
6.127041684997244179e+07,-1.632109020000000041e-09,9.849000000000000909e+01,6.307000000000000000e+07,6.970000000000000000e+07
6.132446331390004605e+07,-1.630670609999999941e-09,9.849500000000000455e+01,6.307000000000000000e+07,6.970000000000000000e+07
6.142171944968742877e+07,-1.628088580000000198e-09,9.850000000000000000e+01,6.307000000000000000e+07,6.970000000000000000e+07
6.148809465359233320e+07,-1.626331090000000210e-09,9.850499999999999545e+01,6.307000000000000000e+07,6.970000000000000000e+07
6.154074593095050007e+07,-1.624939679999999996e-09,9.851000000000000512e+01,6.307000000000000000e+07,6.970000000000000000e+07
6.161956805791943520e+07,-1.622861100000000059e-09,9.851500000000000057e+01,6.307000000000000000e+07,6.970000000000000000e+07
6.168013378371673822e+07,-1.621267560000000015e-09,9.851999999999999602e+01,6.307000000000000000e+07,6.970000000000000000e+07
6.169190430033474416e+07,-1.620958230000000133e-09,9.852500000000000568e+01,6.307000000000000000e+07,6.970000000000000000e+07
6.172287086478599906e+07,-1.620144990000000051e-09,9.853000000000000114e+01,6.307000000000000000e+07,6.970000000000000000e+07
6.175398713382849842e+07,-1.619328640000000177e-09,9.853499999999999659e+01,6.307000000000000000e+07,6.970000000000000000e+07
6.173877860964196175e+07,-1.619727540000000156e-09,9.854000000000000625e+01,6.307000000000000000e+07,6.970000000000000000e+07
6.174209304053068161e+07,-1.619640589999999943e-09,9.854500000000000171e+01,6.307000000000000000e+07,6.970000000000000000e+07
6.178894403133352101e+07,-1.618412510000000012e-09,9.854999999999999716e+01,6.307000000000000000e+07,6.970000000000000000e+07
6.180634468952190876e+07,-1.617956870000000186e-09,9.855500000000000682e+01,6.307000000000000000e+07,6.970000000000000000e+07
6.180888511005847901e+07,-1.617890370000000080e-09,9.856000000000000227e+01,6.307000000000000000e+07,6.970000000000000000e+07
6.183636708424703777e+07,-1.617171330000000041e-09,9.856499999999999773e+01,6.307000000000000000e+07,6.970000000000000000e+07
6.184506195350727439e+07,-1.616943969999999903e-09,9.857000000000000739e+01,6.307000000000000000e+07,6.970000000000000000e+07
6.181439873202349246e+07,-1.617746060000000152e-09,9.857500000000000284e+01,6.307000000000000000e+07,6.970000000000000000e+07
6.180821732214230299e+07,-1.617907849999999986e-09,9.857999999999999829e+01,6.307000000000000000e+07,6.970000000000000000e+07
6.182972634991636127e+07,-1.617345019999999946e-09,9.858500000000000796e+01,6.307000000000000000e+07,6.970000000000000000e+07
6.181680912535779923e+07,-1.617682980000000186e-09,9.859000000000000341e+01,6.307000000000000000e+07,6.970000000000000000e+07
6.178718289643780887e+07,-1.618458640000000159e-09,9.859499999999999886e+01,6.307000000000000000e+07,6.970000000000000000e+07
6.178176382734567672e+07,-1.618600599999999958e-09,9.860000000000000853e+01,6.307000000000000000e+07,6.970000000000000000e+07
6.173343243360086530e+07,-1.619867810000000078e-09,9.860500000000000398e+01,6.307000000000000000e+07,6.970000000000000000e+07
6.166740941977941245e+07,-1.621602090000000278e-09,9.860999999999999943e+01,6.307000000000000000e+07,6.970000000000000000e+07
6.165512935810283571e+07,-1.621925070000000168e-09,9.861500000000000909e+01,6.307000000000000000e+07,6.970000000000000000e+07
6.168203986650871485e+07,-1.621217460000000174e-09,9.862000000000000455e+01,6.307000000000000000e+07,6.970000000000000000e+07
6.171168300465989113e+07,-1.620438710000000085e-09,9.862500000000000000e+01,6.307000000000000000e+07,6.970000000000000000e+07
6.176320205737672746e+07,-1.619087040000000090e-09,9.862999999999999545e+01,6.307000000000000000e+07,6.970000000000000000e+07
6.180783988318119943e+07,-1.617917730000000158e-09,9.863500000000000512e+01,6.307000000000000000e+07,6.970000000000000000e+07
6.180455429602406174e+07,-1.618003740000000113e-09,9.864000000000000057e+01,6.307000000000000000e+07,6.970000000000000000e+07
6.181282107317750901e+07,-1.617787350000000038e-09,9.864499999999999602e+01,6.307000000000000000e+07,6.970000000000000000e+07
6.185311576071016490e+07,-1.616733430000000038e-09,9.865000000000000568e+01,6.307000000000000000e+07,6.970000000000000000e+07
6.185992109136093408e+07,-1.616555570000000169e-09,9.865500000000000114e+01,6.307000000000000000e+07,6.970000000000000000e+07
6.185475439765654504e+07,-1.616690600000000116e-09,9.865999999999999659e+01,6.307000000000000000e+07,6.970000000000000000e+07
6.188002135875568539e+07,-1.616030470000000286e-09,9.866500000000000625e+01,6.307000000000000000e+07,6.970000000000000000e+07
6.189376411970835924e+07,-1.615671649999999973e-09,9.867000000000000171e+01,6.307000000000000000e+07,6.970000000000000000e+07
6.187576824567130208e+07,-1.616141550000000044e-09,9.867499999999999716e+01,6.307000000000000000e+07,6.970000000000000000e+07
6.188186246262250096e+07,-1.615982390000000138e-09,9.868000000000000682e+01,6.307000000000000000e+07,6.970000000000000000e+07
6.189378710474511236e+07,-1.615671050000000195e-09,9.868500000000000227e+01,6.307000000000000000e+07,6.970000000000000000e+07
6.186846756371737272e+07,-1.616332260000000080e-09,9.868999999999999773e+01,6.307000000000000000e+07,6.970000000000000000e+07
6.183962010783518851e+07,-1.617086260000000138e-09,9.869500000000000739e+01,6.307000000000000000e+07,6.970000000000000000e+07
6.182194616772432625e+07,-1.617548560000000061e-09,9.870000000000000284e+01,6.307000000000000000e+07,6.970000000000000000e+07
6.176564432048656046e+07,-1.619023020000000072e-09,9.870499999999999829e+01,6.307000000000000000e+07,6.970000000000000000e+07
6.170005911914564669e+07,-1.620743990000000123e-09,9.871000000000000796e+01,6.307000000000000000e+07,6.970000000000000000e+07
6.167256235805288702e+07,-1.621466600000000142e-09,9.871500000000000341e+01,6.307000000000000000e+07,6.970000000000000000e+07
6.162783137516035140e+07,-1.622643499999999971e-09,9.871999999999999886e+01,6.307000000000000000e+07,6.970000000000000000e+07
6.154519780238838494e+07,-1.624822140000000206e-09,9.872500000000000853e+01,6.307000000000000000e+07,6.970000000000000000e+07
6.147778731311920285e+07,-1.626603760000000152e-09,9.873000000000000398e+01,6.307000000000000000e+07,6.970000000000000000e+07
6.141645104988474399e+07,-1.628228240000000298e-09,9.873499999999999943e+01,6.307000000000000000e+07,6.970000000000000000e+07
6.131613451732254773e+07,-1.630892110000000032e-09,9.874000000000000909e+01,6.307000000000000000e+07,6.970000000000000000e+07
6.123762764156773686e+07,-1.632982920000000063e-09,9.874500000000000455e+01,6.307000000000000000e+07,6.970000000000000000e+07
6.120404714454720914e+07,-1.633878880000000126e-09,9.875000000000000000e+01,6.307000000000000000e+07,6.970000000000000000e+07
6.115718095142666996e+07,-1.635130960000000056e-09,9.875499999999999545e+01,6.307000000000000000e+07,6.970000000000000000e+07
6.110202014887996018e+07,-1.636607100000000107e-09,9.876000000000000512e+01,6.307000000000000000e+07,6.970000000000000000e+07
6.108210566241626441e+07,-1.637140679999999921e-09,9.876500000000000057e+01,6.307000000000000000e+07,6.970000000000000000e+07
6.104874540860016644e+07,-1.638035300000000220e-09,9.876999999999999602e+01,6.307000000000000000e+07,6.970000000000000000e+07
6.097685643536358327e+07,-1.639966470000000068e-09,9.877500000000000568e+01,6.307000000000000000e+07,6.970000000000000000e+07
6.093867645923571289e+07,-1.640993960000000204e-09,9.878000000000000114e+01,6.307000000000000000e+07,6.970000000000000000e+07
6.090675244416360557e+07,-1.641854080000000258e-09,9.878499999999999659e+01,6.307000000000000000e+07,6.970000000000000000e+07
6.083483127952306718e+07,-1.643795140000000116e-09,9.879000000000000625e+01,6.307000000000000000e+07,6.970000000000000000e+07
6.080758579010877758e+07,-1.644531660000000060e-09,9.879500000000000171e+01,6.307000000000000000e+07,6.970000000000000000e+07
6.081745840557181090e+07,-1.644264699999999913e-09,9.879999999999999716e+01,6.307000000000000000e+07,6.970000000000000000e+07
6.080688695882964134e+07,-1.644550560000000295e-09,9.880500000000000682e+01,6.307000000000000000e+07,6.970000000000000000e+07
6.080863739506693929e+07,-1.644503220000000135e-09,9.881000000000000227e+01,6.307000000000000000e+07,6.970000000000000000e+07
6.084267407811559737e+07,-1.643583250000000234e-09,9.881499999999999773e+01,6.307000000000000000e+07,6.970000000000000000e+07
6.085163642038106918e+07,-1.643341180000000121e-09,9.882000000000000739e+01,6.307000000000000000e+07,6.970000000000000000e+07
6.081599336074233055e+07,-1.644304310000000173e-09,9.882500000000000284e+01,6.307000000000000000e+07,6.970000000000000000e+07
6.079646370802823454e+07,-1.644832510000000217e-09,9.882999999999999829e+01,6.307000000000000000e+07,6.970000000000000000e+07
6.077930113735029846e+07,-1.645296970000000042e-09,9.883500000000000796e+01,6.307000000000000000e+07,6.970000000000000000e+07
6.073862467904344946e+07,-1.646398819999999936e-09,9.884000000000000341e+01,6.307000000000000000e+07,6.970000000000000000e+07
6.072161383719278872e+07,-1.646860050000000055e-09,9.884499999999999886e+01,6.307000000000000000e+07,6.970000000000000000e+07
6.074328115074452758e+07,-1.646272610000000194e-09,9.885000000000000853e+01,6.307000000000000000e+07,6.970000000000000000e+07
6.072693517825973034e+07,-1.646715740000000127e-09,9.885500000000000398e+01,6.307000000000000000e+07,6.970000000000000000e+07
6.070345064698071778e+07,-1.647352810000000010e-09,9.885999999999999943e+01,6.307000000000000000e+07,6.970000000000000000e+07
6.072622824277163297e+07,-1.646734910000000117e-09,9.886500000000000909e+01,6.307000000000000000e+07,6.970000000000000000e+07
6.074295608584345132e+07,-1.646281420000000148e-09,9.887000000000000455e+01,6.307000000000000000e+07,6.970000000000000000e+07
6.073352961033476144e+07,-1.646536940000000206e-09,9.887500000000000000e+01,6.307000000000000000e+07,6.970000000000000000e+07
6.076023473039706051e+07,-1.645813259999999970e-09,9.887999999999999545e+01,6.307000000000000000e+07,6.970000000000000000e+07
6.080060965987318009e+07,-1.644720350000000197e-09,9.888500000000000512e+01,6.307000000000000000e+07,6.970000000000000000e+07
6.079192547055838257e+07,-1.644955300000000026e-09,9.889000000000000057e+01,6.307000000000000000e+07,6.970000000000000000e+07
6.078880427789781988e+07,-1.645039760000000107e-09,9.889499999999999602e+01,6.307000000000000000e+07,6.970000000000000000e+07
6.080591010096711665e+07,-1.644576980000000114e-09,9.890000000000000568e+01,6.307000000000000000e+07,6.970000000000000000e+07
6.077768426253154129e+07,-1.645340740000000016e-09,9.890500000000000114e+01,6.307000000000000000e+07,6.970000000000000000e+07
6.073704427522806823e+07,-1.646441660000000109e-09,9.890999999999999659e+01,6.307000000000000000e+07,6.970000000000000000e+07
6.073660528876380622e+07,-1.646453560000000180e-09,9.891500000000000625e+01,6.307000000000000000e+07,6.970000000000000000e+07
6.071232004450941086e+07,-1.647112150000000181e-09,9.892000000000000171e+01,6.307000000000000000e+07,6.970000000000000000e+07
6.066355826189708710e+07,-1.648436110000000194e-09,9.892499999999999716e+01,6.307000000000000000e+07,6.970000000000000000e+07
6.065017349891881645e+07,-1.648799900000000106e-09,9.893000000000000682e+01,6.307000000000000000e+07,6.970000000000000000e+07
6.064270938429675251e+07,-1.649002840000000236e-09,9.893500000000000227e+01,6.307000000000000000e+07,6.970000000000000000e+07
6.059261712407467514e+07,-1.650366080000000073e-09,9.893999999999999773e+01,6.307000000000000000e+07,6.970000000000000000e+07
6.055768602541466802e+07,-1.651318050000000041e-09,9.894500000000000739e+01,6.307000000000000000e+07,6.970000000000000000e+07
6.056248498050372303e+07,-1.651187200000000103e-09,9.895000000000000284e+01,6.307000000000000000e+07,6.970000000000000000e+07
6.052836969227104634e+07,-1.652117850000000016e-09,9.895499999999999829e+01,6.307000000000000000e+07,6.970000000000000000e+07
6.047405417551211268e+07,-1.653601719999999967e-09,9.896000000000000796e+01,6.307000000000000000e+07,6.970000000000000000e+07
6.044596598492724448e+07,-1.654370120000000065e-09,9.896500000000000341e+01,6.307000000000000000e+07,6.970000000000000000e+07
6.039834228777009994e+07,-1.655674580000000066e-09,9.896999999999999886e+01,6.307000000000000000e+07,6.970000000000000000e+07
6.033028356711369008e+07,-1.657542349999999970e-09,9.897500000000000853e+01,6.307000000000000000e+07,6.970000000000000000e+07
6.030483066720148176e+07,-1.658241950000000264e-09,9.898000000000000398e+01,6.307000000000000000e+07,6.970000000000000000e+07
6.028783219725937396e+07,-1.658709500000000206e-09,9.898499999999999943e+01,6.307000000000000000e+07,6.970000000000000000e+07
6.023923941647163779e+07,-1.660047520000000193e-09,9.899000000000000909e+01,6.307000000000000000e+07,6.970000000000000000e+07
6.021168356660102308e+07,-1.660807240000000088e-09,9.899500000000000455e+01,6.307000000000000000e+07,6.970000000000000000e+07
6.020636695575957745e+07,-1.660953900000000145e-09,9.900000000000000000e+01,6.307000000000000000e+07,6.970000000000000000e+07
6.017327472119405121e+07,-1.661867340000000114e-09,9.900499999999999545e+01,6.307000000000000000e+07,6.970000000000000000e+07
6.012275166010040045e+07,-1.663263860000000138e-09,9.901000000000000512e+01,6.307000000000000000e+07,6.970000000000000000e+07
6.009057163427691162e+07,-1.664154580000000020e-09,9.901500000000000057e+01,6.307000000000000000e+07,6.970000000000000000e+07
6.003023098420272022e+07,-1.665827340000000171e-09,9.901999999999999602e+01,6.307000000000000000e+07,6.970000000000000000e+07
5.994436383759141713e+07,-1.668213550000000068e-09,9.902500000000000568e+01,6.307000000000000000e+07,6.970000000000000000e+07
5.989850856607073545e+07,-1.669490649999999991e-09,9.903000000000000114e+01,6.307000000000000000e+07,6.970000000000000000e+07
5.986749849841836840e+07,-1.670355410000000035e-09,9.903499999999999659e+01,6.307000000000000000e+07,6.970000000000000000e+07
5.980019999698486924e+07,-1.672235210000000176e-09,9.904000000000000625e+01,6.307000000000000000e+07,6.970000000000000000e+07
5.975328775734964758e+07,-1.673548080000000004e-09,9.904500000000000171e+01,6.307000000000000000e+07,6.970000000000000000e+07
5.973177601284050941e+07,-1.674150790000000266e-09,9.904999999999999716e+01,6.307000000000000000e+07,6.970000000000000000e+07
5.967328862542919815e+07,-1.675791670000000057e-09,9.905500000000000682e+01,6.307000000000000000e+07,6.970000000000000000e+07
5.959379924850193411e+07,-1.678026930000000019e-09,9.906000000000000227e+01,6.307000000000000000e+07,6.970000000000000000e+07
5.954444699116044492e+07,-1.679417729999999997e-09,9.906499999999999773e+01,6.307000000000000000e+07,6.970000000000000000e+07
5.948112190532214195e+07,-1.681205680000000017e-09,9.907000000000000739e+01,6.307000000000000000e+07,6.970000000000000000e+07
5.939070646623206139e+07,-1.683765120000000045e-09,9.907500000000000284e+01,6.307000000000000000e+07,6.970000000000000000e+07
5.933355929134939611e+07,-1.685386840000000097e-09,9.907999999999999829e+01,6.307000000000000000e+07,6.970000000000000000e+07
5.928864991663096100e+07,-1.686663470000000201e-09,9.908500000000000796e+01,6.307000000000000000e+07,6.970000000000000000e+07
5.921719837986482680e+07,-1.688698600000000143e-09,9.909000000000000341e+01,6.307000000000000000e+07,6.970000000000000000e+07
5.916575072661014646e+07,-1.690167010000000087e-09,9.909499999999999886e+01,6.307000000000000000e+07,6.970000000000000000e+07
5.914048728721703589e+07,-1.690889010000000077e-09,9.910000000000000853e+01,6.307000000000000000e+07,6.970000000000000000e+07
5.908701300070275366e+07,-1.692419280000000136e-09,9.910500000000000398e+01,6.307000000000000000e+07,6.970000000000000000e+07
5.903382282073676586e+07,-1.693944170000000011e-09,9.910999999999999943e+01,6.307000000000000000e+07,6.970000000000000000e+07
5.901907941060218215e+07,-1.694367330000000113e-09,9.911500000000000909e+01,6.307000000000000000e+07,6.970000000000000000e+07
5.898454403219215572e+07,-1.695359380000000160e-09,9.912000000000000455e+01,6.307000000000000000e+07,6.970000000000000000e+07
5.893338053975692391e+07,-1.696831220000000081e-09,9.912500000000000000e+01,6.307000000000000000e+07,6.970000000000000000e+07
5.891426396280280501e+07,-1.697381810000000189e-09,9.912999999999999545e+01,6.307000000000000000e+07,6.970000000000000000e+07
5.889363431545495987e+07,-1.697976380000000173e-09,9.913500000000000512e+01,6.307000000000000000e+07,6.970000000000000000e+07
5.883427116534370184e+07,-1.699689620000000117e-09,9.914000000000000057e+01,6.307000000000000000e+07,6.970000000000000000e+07
5.880703196375656873e+07,-1.700476909999999992e-09,9.914499999999999602e+01,6.307000000000000000e+07,6.970000000000000000e+07
5.881255291365385801e+07,-1.700317280000000061e-09,9.915000000000000568e+01,6.307000000000000000e+07,6.970000000000000000e+07
5.878422800586786121e+07,-1.701136570000000210e-09,9.915500000000000114e+01,6.307000000000000000e+07,6.970000000000000000e+07
5.875245035172653943e+07,-1.702056670000000069e-09,9.915999999999999659e+01,6.307000000000000000e+07,6.970000000000000000e+07
5.875286112479873002e+07,-1.702044770000000205e-09,9.916500000000000625e+01,6.307000000000000000e+07,6.970000000000000000e+07
5.873540867812491208e+07,-1.702550510000000079e-09,9.917000000000000171e+01,6.307000000000000000e+07,6.970000000000000000e+07
5.868704096060262620e+07,-1.703953690000000198e-09,9.917499999999999716e+01,6.307000000000000000e+07,6.970000000000000000e+07
5.867605370867981762e+07,-1.704272760000000248e-09,9.918000000000000682e+01,6.307000000000000000e+07,6.970000000000000000e+07
5.867440771427173913e+07,-1.704320570000000020e-09,9.918500000000000227e+01,6.307000000000000000e+07,6.970000000000000000e+07
5.864053575588489324e+07,-1.705305020000000127e-09,9.918999999999999773e+01,6.307000000000000000e+07,6.970000000000000000e+07
5.863851455038508028e+07,-1.705363800000000170e-09,9.919500000000000739e+01,6.307000000000000000e+07,6.970000000000000000e+07
5.866365404555499554e+07,-1.704632990000000018e-09,9.920000000000000284e+01,6.307000000000000000e+07,6.970000000000000000e+07
5.865172230166696012e+07,-1.704979770000000051e-09,9.920499999999999829e+01,6.307000000000000000e+07,6.970000000000000000e+07
5.862952878445150703e+07,-1.705625170000000231e-09,9.921000000000000796e+01,6.307000000000000000e+07,6.970000000000000000e+07
5.863378221480716765e+07,-1.705501439999999957e-09,9.921500000000000341e+01,6.307000000000000000e+07,6.970000000000000000e+07
5.863930781738848984e+07,-1.705340730000000177e-09,9.921999999999999886e+01,6.307000000000000000e+07,6.970000000000000000e+07
5.861929530427262932e+07,-1.705922930000000064e-09,9.922500000000000853e+01,6.307000000000000000e+07,6.970000000000000000e+07
5.860981630142132938e+07,-1.706198830000000125e-09,9.923000000000000398e+01,6.307000000000000000e+07,6.970000000000000000e+07
5.859204911401174963e+07,-1.706716210000000153e-09,9.923499999999999943e+01,6.307000000000000000e+07,6.970000000000000000e+07
5.854496831991256773e+07,-1.708088719999999925e-09,9.924000000000000909e+01,6.307000000000000000e+07,6.970000000000000000e+07
5.852960852231368423e+07,-1.708536970000000126e-09,9.924500000000000455e+01,6.307000000000000000e+07,6.970000000000000000e+07
5.853976684512378275e+07,-1.708240489999999998e-09,9.925000000000000000e+01,6.307000000000000000e+07,6.970000000000000000e+07
5.851318853917155415e+07,-1.709016420000000139e-09,9.925499999999999545e+01,6.307000000000000000e+07,6.970000000000000000e+07
5.848661622687304765e+07,-1.709792880000000160e-09,9.926000000000000512e+01,6.307000000000000000e+07,6.970000000000000000e+07
5.850744260890865326e+07,-1.709184260000000040e-09,9.926500000000000057e+01,6.307000000000000000e+07,6.970000000000000000e+07
5.850343543581049144e+07,-1.709301330000000012e-09,9.926999999999999602e+01,6.307000000000000000e+07,6.970000000000000000e+07
5.846904568910971284e+07,-1.710306690000000001e-09,9.927500000000000568e+01,6.307000000000000000e+07,6.970000000000000000e+07
5.846344172539226711e+07,-1.710470630000000106e-09,9.928000000000000114e+01,6.307000000000000000e+07,6.970000000000000000e+07
5.845289166016646475e+07,-1.710779349999999959e-09,9.928499999999999659e+01,6.307000000000000000e+07,6.970000000000000000e+07
5.841924282188450545e+07,-1.711764740000000116e-09,9.929000000000000625e+01,6.307000000000000000e+07,6.970000000000000000e+07
5.841554800843551010e+07,-1.711873009999999971e-09,9.929500000000000171e+01,6.307000000000000000e+07,6.970000000000000000e+07
5.842392010832729191e+07,-1.711627700000000107e-09,9.929999999999999716e+01,6.307000000000000000e+07,6.970000000000000000e+07
5.838686128868129104e+07,-1.712714089999999994e-09,9.930500000000000682e+01,6.307000000000000000e+07,6.970000000000000000e+07
5.834895402906470746e+07,-1.713826780000000199e-09,9.931000000000000227e+01,6.307000000000000000e+07,6.970000000000000000e+07
5.834765384113078564e+07,-1.713864970000000131e-09,9.931499999999999773e+01,6.307000000000000000e+07,6.970000000000000000e+07
5.833121906968880445e+07,-1.714347850000000121e-09,9.932000000000000739e+01,6.307000000000000000e+07,6.970000000000000000e+07
5.830314061469245702e+07,-1.715173470000000137e-09,9.932500000000000284e+01,6.307000000000000000e+07,6.970000000000000000e+07
5.831826510859312862e+07,-1.714728650000000120e-09,9.932999999999999829e+01,6.307000000000000000e+07,6.970000000000000000e+07
5.833556646743068099e+07,-1.714220090000000092e-09,9.933500000000000796e+01,6.307000000000000000e+07,6.970000000000000000e+07
5.830797305789144337e+07,-1.715031320000000112e-09,9.934000000000000341e+01,6.307000000000000000e+07,6.970000000000000000e+07
5.829522380235960335e+07,-1.715406400000000066e-09,9.934499999999999886e+01,6.307000000000000000e+07,6.970000000000000000e+07
5.829920250247228146e+07,-1.715289330000000095e-09,9.935000000000000853e+01,6.307000000000000000e+07,6.970000000000000000e+07
5.828207555922569335e+07,-1.715793390000000136e-09,9.935500000000000398e+01,6.307000000000000000e+07,6.970000000000000000e+07
5.828249099086739123e+07,-1.715781160000000043e-09,9.935999999999999943e+01,6.307000000000000000e+07,6.970000000000000000e+07
5.832650388299367577e+07,-1.714486440000000004e-09,9.936500000000000909e+01,6.307000000000000000e+07,6.970000000000000000e+07
5.834416278786893189e+07,-1.713967520000000147e-09,9.937000000000000455e+01,6.307000000000000000e+07,6.970000000000000000e+07
5.833192374239610136e+07,-1.714327140000000095e-09,9.937500000000000000e+01,6.307000000000000000e+07,6.970000000000000000e+07
5.834705840912801027e+07,-1.713882460000000081e-09,9.937999999999999545e+01,6.307000000000000000e+07,6.970000000000000000e+07
5.837052128973121941e+07,-1.713193540000000214e-09,9.938500000000000512e+01,6.307000000000000000e+07,6.970000000000000000e+07
5.837080987403187901e+07,-1.713185070000000119e-09,9.939000000000000057e+01,6.307000000000000000e+07,6.970000000000000000e+07
5.837802097866723686e+07,-1.712973450000000200e-09,9.939499999999999602e+01,6.307000000000000000e+07,6.970000000000000000e+07
5.839959814068527520e+07,-1.712340550000000075e-09,9.940000000000000568e+01,6.307000000000000000e+07,6.970000000000000000e+07
5.837828884817236662e+07,-1.712965590000000135e-09,9.940500000000000114e+01,6.307000000000000000e+07,6.970000000000000000e+07
5.834974390705847740e+07,-1.713803580000000041e-09,9.940999999999999659e+01,6.307000000000000000e+07,6.970000000000000000e+07
5.834786423681964725e+07,-1.713858790000000105e-09,9.941500000000000625e+01,6.307000000000000000e+07,6.970000000000000000e+07
5.832197925901284069e+07,-1.714619450000000052e-09,9.942000000000000171e+01,6.307000000000000000e+07,6.970000000000000000e+07
5.830177380581526458e+07,-1.715213679999999968e-09,9.942499999999999716e+01,6.307000000000000000e+07,6.970000000000000000e+07
5.834365695171265304e+07,-1.713982380000000169e-09,9.943000000000000682e+01,6.307000000000000000e+07,6.970000000000000000e+07
5.838662947586281598e+07,-1.712720890000000093e-09,9.943500000000000227e+01,6.307000000000000000e+07,6.970000000000000000e+07
5.841213378432407230e+07,-1.711973070000000062e-09,9.943999999999999773e+01,6.307000000000000000e+07,6.970000000000000000e+07
5.846706876262845099e+07,-1.710364519999999948e-09,9.944500000000000739e+01,6.307000000000000000e+07,6.970000000000000000e+07
5.853912156615659595e+07,-1.708259320000000127e-09,9.945000000000000284e+01,6.307000000000000000e+07,6.970000000000000000e+07
5.857880370976283401e+07,-1.707102120000000168e-09,9.945499999999999829e+01,6.307000000000000000e+07,6.970000000000000000e+07
5.862455250779860467e+07,-1.705769950000000185e-09,9.946000000000000796e+01,6.307000000000000000e+07,6.970000000000000000e+07
5.870513669065465778e+07,-1.703428450000000106e-09,9.946500000000000341e+01,6.307000000000000000e+07,6.970000000000000000e+07
5.877273939326903224e+07,-1.701469100000000042e-09,9.946999999999999886e+01,6.307000000000000000e+07,6.970000000000000000e+07
5.883048663590192795e+07,-1.699798960000000189e-09,9.947500000000000853e+01,6.307000000000000000e+07,6.970000000000000000e+07
5.891773714057786763e+07,-1.697281750000000098e-09,9.948000000000000398e+01,6.307000000000000000e+07,6.970000000000000000e+07
5.899415647541630268e+07,-1.695083140000000032e-09,9.948499999999999943e+01,6.307000000000000000e+07,6.970000000000000000e+07
5.902320665585814416e+07,-1.694248850000000064e-09,9.949000000000000909e+01,6.307000000000000000e+07,6.970000000000000000e+07
5.906156837758579850e+07,-1.693148400000000204e-09,9.949500000000000455e+01,6.307000000000000000e+07,6.970000000000000000e+07
5.911229436059372127e+07,-1.691695460000000104e-09,9.950000000000000000e+01,6.307000000000000000e+07,6.970000000000000000e+07
5.911661323618488014e+07,-1.691571870000000039e-09,9.950499999999999545e+01,6.307000000000000000e+07,6.970000000000000000e+07
5.911652167324892431e+07,-1.691574490000000130e-09,9.951000000000000512e+01,6.307000000000000000e+07,6.970000000000000000e+07
5.914385776399017125e+07,-1.690792649999999925e-09,9.951500000000000057e+01,6.307000000000000000e+07,6.970000000000000000e+07
5.914865215600386262e+07,-1.690655600000000078e-09,9.951999999999999602e+01,6.307000000000000000e+07,6.970000000000000000e+07
5.914641700853640586e+07,-1.690719490000000137e-09,9.952500000000000568e+01,6.307000000000000000e+07,6.970000000000000000e+07
5.920060698145535588e+07,-1.689171870000000130e-09,9.953000000000000114e+01,6.307000000000000000e+07,6.970000000000000000e+07
5.925990927461966127e+07,-1.687481490000000070e-09,9.953499999999999659e+01,6.307000000000000000e+07,6.970000000000000000e+07
5.929546304855871201e+07,-1.686469670000000048e-09,9.954000000000000625e+01,6.307000000000000000e+07,6.970000000000000000e+07
5.933896652383896708e+07,-1.685233260000000027e-09,9.954500000000000171e+01,6.307000000000000000e+07,6.970000000000000000e+07
5.938826112032569200e+07,-1.683834450000000142e-09,9.954999999999999716e+01,6.307000000000000000e+07,6.970000000000000000e+07
5.940141749958987534e+07,-1.683461510000000208e-09,9.955500000000000682e+01,6.307000000000000000e+07,6.970000000000000000e+07
5.940323474730912596e+07,-1.683410010000000128e-09,9.956000000000000227e+01,6.307000000000000000e+07,6.970000000000000000e+07
5.943247595885028690e+07,-1.682581759999999976e-09,9.956499999999999773e+01,6.307000000000000000e+07,6.970000000000000000e+07
5.944575371074958891e+07,-1.682205940000000034e-09,9.957000000000000739e+01,6.307000000000000000e+07,6.970000000000000000e+07
5.944202084134735912e+07,-1.682311579999999960e-09,9.957500000000000284e+01,6.307000000000000000e+07,6.970000000000000000e+07
5.947727492874295264e+07,-1.681314420000000104e-09,9.957999999999999829e+01,6.307000000000000000e+07,6.970000000000000000e+07
5.951390718900205940e+07,-1.680279530000000090e-09,9.958500000000000796e+01,6.307000000000000000e+07,6.970000000000000000e+07
5.950693434901037812e+07,-1.680476420000000153e-09,9.959000000000000341e+01,6.307000000000000000e+07,6.970000000000000000e+07
5.951615319581626356e+07,-1.680216120000000102e-09,9.959499999999999886e+01,6.307000000000000000e+07,6.970000000000000000e+07
5.953156315555599332e+07,-1.679781190000000094e-09,9.960000000000000853e+01,6.307000000000000000e+07,6.970000000000000000e+07
5.951551242371144891e+07,-1.680234210000000243e-09,9.960500000000000398e+01,6.307000000000000000e+07,6.970000000000000000e+07
5.953106522673560679e+07,-1.679795240000000230e-09,9.960999999999999943e+01,6.307000000000000000e+07,6.970000000000000000e+07
5.960971563972002268e+07,-1.677578880000000089e-09,9.961500000000000909e+01,6.307000000000000000e+07,6.970000000000000000e+07
5.967347521724471450e+07,-1.675786430000000082e-09,9.962000000000000455e+01,6.307000000000000000e+07,6.970000000000000000e+07
5.970235510268267989e+07,-1.674975800000000047e-09,9.962500000000000000e+01,6.307000000000000000e+07,6.970000000000000000e+07
5.974649645200508833e+07,-1.673738310000000177e-09,9.962999999999999545e+01,6.307000000000000000e+07,6.970000000000000000e+07
5.977187168592989445e+07,-1.673027750000000070e-09,9.963500000000000512e+01,6.307000000000000000e+07,6.970000000000000000e+07
5.976914764413928241e+07,-1.673103999999999975e-09,9.964000000000000057e+01,6.307000000000000000e+07,6.970000000000000000e+07
5.978677274689556658e+07,-1.672610769999999994e-09,9.964499999999999602e+01,6.307000000000000000e+07,6.970000000000000000e+07
5.981281293091768026e+07,-1.671882579999999934e-09,9.965000000000000568e+01,6.307000000000000000e+07,6.970000000000000000e+07
5.979939682381603122e+07,-1.672257670000000139e-09,9.965500000000000114e+01,6.307000000000000000e+07,6.970000000000000000e+07
5.979810306663509458e+07,-1.672293850000000009e-09,9.965999999999999659e+01,6.307000000000000000e+07,6.970000000000000000e+07
5.983559142084949464e+07,-1.671246120000000080e-09,9.966500000000000625e+01,6.307000000000000000e+07,6.970000000000000000e+07
5.984872253859321028e+07,-1.670879440000000115e-09,9.967000000000000171e+01,6.307000000000000000e+07,6.970000000000000000e+07
5.984982075996129215e+07,-1.670848780000000226e-09,9.967499999999999716e+01,6.307000000000000000e+07,6.970000000000000000e+07
5.987200586534908414e+07,-1.670229660000000068e-09,9.968000000000000682e+01,6.307000000000000000e+07,6.970000000000000000e+07
5.987769489819943905e+07,-1.670070970000000189e-09,9.968500000000000227e+01,6.307000000000000000e+07,6.970000000000000000e+07
5.984574328778222203e+07,-1.670962620000000078e-09,9.968999999999999773e+01,6.307000000000000000e+07,6.970000000000000000e+07
5.985281259678573161e+07,-1.670765260000000196e-09,9.969500000000000739e+01,6.307000000000000000e+07,6.970000000000000000e+07
5.988164440887901187e+07,-1.669960820000000024e-09,9.970000000000000284e+01,6.307000000000000000e+07,6.970000000000000000e+07
5.987335336827458441e+07,-1.670192070000000121e-09,9.970499999999999829e+01,6.307000000000000000e+07,6.970000000000000000e+07
5.988442712778442353e+07,-1.669883220000000103e-09,9.971000000000000796e+01,6.307000000000000000e+07,6.970000000000000000e+07
5.993691759297174960e+07,-1.668420800000000166e-09,9.971500000000000341e+01,6.307000000000000000e+07,6.970000000000000000e+07
5.996242610470456630e+07,-1.667711040000000107e-09,9.971999999999999886e+01,6.307000000000000000e+07,6.970000000000000000e+07
5.996444504174362123e+07,-1.667654889999999993e-09,9.972500000000000853e+01,6.307000000000000000e+07,6.970000000000000000e+07
5.998918814861997217e+07,-1.666967050000000180e-09,9.973000000000000398e+01,6.307000000000000000e+07,6.970000000000000000e+07
6.000245914078542590e+07,-1.666598360000000153e-09,9.973499999999999943e+01,6.307000000000000000e+07,6.970000000000000000e+07
5.997380620024681836e+07,-1.667394590000000148e-09,9.974000000000000909e+01,6.307000000000000000e+07,6.970000000000000000e+07
5.996655329510033131e+07,-1.667596260000000204e-09,9.974500000000000455e+01,6.307000000000000000e+07,6.970000000000000000e+07
5.998047767408759147e+07,-1.667209130000000131e-09,9.975000000000000000e+01,6.307000000000000000e+07,6.970000000000000000e+07
5.996774323098056763e+07,-1.667563170000000037e-09,9.975499999999999545e+01,6.307000000000000000e+07,6.970000000000000000e+07
5.995634854061961174e+07,-1.667880090000000022e-09,9.976000000000000512e+01,6.307000000000000000e+07,6.970000000000000000e+07
5.997733996118926257e+07,-1.667296350000000100e-09,9.976500000000000057e+01,6.307000000000000000e+07,6.970000000000000000e+07
5.997102487938746810e+07,-1.667471920000000314e-09,9.976999999999999602e+01,6.307000000000000000e+07,6.970000000000000000e+07
5.994380795509719849e+07,-1.668229020000000119e-09,9.977500000000000568e+01,6.307000000000000000e+07,6.970000000000000000e+07
5.994586408905845135e+07,-1.668171800000000201e-09,9.978000000000000114e+01,6.307000000000000000e+07,6.970000000000000000e+07
5.993505030390726775e+07,-1.668472780000000109e-09,9.978499999999999659e+01,6.307000000000000000e+07,6.970000000000000000e+07
5.989830334282188118e+07,-1.669496370000000243e-09,9.979000000000000625e+01,6.307000000000000000e+07,6.970000000000000000e+07
5.989399254450361431e+07,-1.669616530000000124e-09,9.979500000000000171e+01,6.307000000000000000e+07,6.970000000000000000e+07
5.990960383660145104e+07,-1.669181459999999906e-09,9.979999999999999716e+01,6.307000000000000000e+07,6.970000000000000000e+07
5.988576550686503202e+07,-1.669845900000000118e-09,9.980500000000000682e+01,6.307000000000000000e+07,6.970000000000000000e+07
5.986614659987257421e+07,-1.670393129999999941e-09,9.981000000000000227e+01,6.307000000000000000e+07,6.970000000000000000e+07
5.987971315318018943e+07,-1.670014680000000071e-09,9.981499999999999773e+01,6.307000000000000000e+07,6.970000000000000000e+07
5.986161861458808184e+07,-1.670519480000000100e-09,9.982000000000000739e+01,6.307000000000000000e+07,6.970000000000000000e+07
5.982797244287692010e+07,-1.671458950000000219e-09,9.982500000000000284e+01,6.307000000000000000e+07,6.970000000000000000e+07
5.983525917103992403e+07,-1.671255400000000060e-09,9.982999999999999829e+01,6.307000000000000000e+07,6.970000000000000000e+07
5.982459584043532610e+07,-1.671553290000000265e-09,9.983500000000000796e+01,6.307000000000000000e+07,6.970000000000000000e+07
5.980611861089140922e+07,-1.672069720000000197e-09,9.984000000000000341e+01,6.307000000000000000e+07,6.970000000000000000e+07
5.982068784710244089e+07,-1.671662489999999920e-09,9.984499999999999886e+01,6.307000000000000000e+07,6.970000000000000000e+07
5.984029845085555315e+07,-1.671114660000000112e-09,9.985000000000000853e+01,6.307000000000000000e+07,6.970000000000000000e+07
5.981758865609677881e+07,-1.671749100000000066e-09,9.985500000000000398e+01,6.307000000000000000e+07,6.970000000000000000e+07
5.979804799916359782e+07,-1.672295390000000045e-09,9.985999999999999943e+01,6.307000000000000000e+07,6.970000000000000000e+07
5.981816366935096681e+07,-1.671733030000000031e-09,9.986500000000000909e+01,6.307000000000000000e+07,6.970000000000000000e+07
5.981375348954185843e+07,-1.671856290000000073e-09,9.987000000000000455e+01,6.307000000000000000e+07,6.970000000000000000e+07
5.979858401736933738e+07,-1.672280400000000064e-09,9.987500000000000000e+01,6.307000000000000000e+07,6.970000000000000000e+07
5.982366460374530405e+07,-1.671579310000000164e-09,9.987999999999999545e+01,6.307000000000000000e+07,6.970000000000000000e+07
5.984061392640089244e+07,-1.671105850000000158e-09,9.988500000000000512e+01,6.307000000000000000e+07,6.970000000000000000e+07
5.982354399604092538e+07,-1.671582680000000080e-09,9.989000000000000057e+01,6.307000000000000000e+07,6.970000000000000000e+07
5.984189985489176959e+07,-1.671069940000000043e-09,9.989499999999999602e+01,6.307000000000000000e+07,6.970000000000000000e+07
5.988867629340406507e+07,-1.669764740000000055e-09,9.990000000000000568e+01,6.307000000000000000e+07,6.970000000000000000e+07
5.989908047184494138e+07,-1.669474710000000121e-09,9.990500000000000114e+01,6.307000000000000000e+07,6.970000000000000000e+07
5.993131140550929308e+07,-1.668576870000000162e-09,9.990999999999999659e+01,6.307000000000000000e+07,6.970000000000000000e+07
5.999228787140955776e+07,-1.666880920000000104e-09,9.991500000000000625e+01,6.307000000000000000e+07,6.970000000000000000e+07
6.000795045335556567e+07,-1.666445850000000093e-09,9.992000000000000171e+01,6.307000000000000000e+07,6.970000000000000000e+07
5.999720856987407804e+07,-1.666744210000000117e-09,9.992499999999999716e+01,6.307000000000000000e+07,6.970000000000000000e+07
6.001444547702632099e+07,-1.666265500000000092e-09,9.993000000000000682e+01,6.307000000000000000e+07,6.970000000000000000e+07
6.002615807911539823e+07,-1.665940370000000137e-09,9.993500000000000227e+01,6.307000000000000000e+07,6.970000000000000000e+07
6.000170164825873822e+07,-1.666619400000000202e-09,9.993999999999999773e+01,6.307000000000000000e+07,6.970000000000000000e+07
5.999738063435626775e+07,-1.666739430000000124e-09,9.994500000000000739e+01,6.307000000000000000e+07,6.970000000000000000e+07
6.001042297032402456e+07,-1.666377190000000085e-09,9.995000000000000284e+01,6.307000000000000000e+07,6.970000000000000000e+07
5.998989962058068067e+07,-1.666947280000000206e-09,9.995499999999999829e+01,6.307000000000000000e+07,6.970000000000000000e+07
5.996835493897212297e+07,-1.667546160000000157e-09,9.996000000000000796e+01,6.307000000000000000e+07,6.970000000000000000e+07
5.997421264789093286e+07,-1.667383290000000268e-09,9.996500000000000341e+01,6.307000000000000000e+07,6.970000000000000000e+07
5.995327373742107302e+07,-1.667965630000000158e-09,9.996999999999999886e+01,6.307000000000000000e+07,6.970000000000000000e+07
5.992808940896988660e+07,-1.668666580000000055e-09,9.997500000000000853e+01,6.307000000000000000e+07,6.970000000000000000e+07
5.993812287884601951e+07,-1.668387250000000225e-09,9.998000000000000398e+01,6.307000000000000000e+07,6.970000000000000000e+07
5.993869554134204984e+07,-1.668371310000000148e-09,9.998499999999999943e+01,6.307000000000000000e+07,6.970000000000000000e+07
5.989926847838673741e+07,-1.669469469999999940e-09,9.999000000000000909e+01,6.307000000000000000e+07,6.970000000000000000e+07
5.989707059779606760e+07,-1.669530730000000071e-09,9.999500000000000455e+01,6.307000000000000000e+07,6.970000000000000000e+07
5.991078648837544024e+07,-1.669148510000000156e-09,1.000000000000000000e+02,6.307000000000000000e+07,6.970000000000000000e+07
5.988279224908994883e+07,-1.669928810000000119e-09,1.000049999999999955e+02,6.307000000000000000e+07,6.970000000000000000e+07
5.987180584215191007e+07,-1.670235240000000110e-09,1.000100000000000051e+02,6.307000000000000000e+07,6.970000000000000000e+07
5.990436914433293790e+07,-1.669327320000000122e-09,1.000150000000000006e+02,6.307000000000000000e+07,6.970000000000000000e+07
5.991210163762120903e+07,-1.669111870000000098e-09,1.000199999999999960e+02,6.307000000000000000e+07,6.970000000000000000e+07
5.988981974038649350e+07,-1.669732860000000108e-09,1.000250000000000057e+02,6.307000000000000000e+07,6.970000000000000000e+07
5.989982353511986881e+07,-1.669454000000000096e-09,1.000300000000000011e+02,6.307000000000000000e+07,6.970000000000000000e+07
5.989835895387803763e+07,-1.669494819999999956e-09,1.000349999999999966e+02,6.307000000000000000e+07,6.970000000000000000e+07
5.987444532388695329e+07,-1.670161610000000089e-09,1.000400000000000063e+02,6.307000000000000000e+07,6.970000000000000000e+07
5.989229436940502375e+07,-1.669663870000000077e-09,1.000450000000000017e+02,6.307000000000000000e+07,6.970000000000000000e+07
5.991507816566033661e+07,-1.669028950000000053e-09,1.000499999999999972e+02,6.307000000000000000e+07,6.970000000000000000e+07
5.989683919468028098e+07,-1.669537180000000265e-09,1.000550000000000068e+02,6.307000000000000000e+07,6.970000000000000000e+07
5.989321590621508658e+07,-1.669638179999999995e-09,1.000600000000000023e+02,6.307000000000000000e+07,6.970000000000000000e+07
5.992283030052803457e+07,-1.668813030000000004e-09,1.000649999999999977e+02,6.307000000000000000e+07,6.970000000000000000e+07
5.993578958989655226e+07,-1.668452200000000042e-09,1.000700000000000074e+02,6.307000000000000000e+07,6.970000000000000000e+07
5.994075168387956917e+07,-1.668314080000000185e-09,1.000750000000000028e+02,6.307000000000000000e+07,6.970000000000000000e+07
5.997851341731041670e+07,-1.667263729999999958e-09,1.000799999999999983e+02,6.307000000000000000e+07,6.970000000000000000e+07
6.001248367682948709e+07,-1.666319970000000167e-09,1.000850000000000080e+02,6.307000000000000000e+07,6.970000000000000000e+07
6.002491970556528121e+07,-1.665974740000000215e-09,1.000900000000000034e+02,6.307000000000000000e+07,6.970000000000000000e+07
6.006764229212044179e+07,-1.664789830000000067e-09,1.000949999999999989e+02,6.307000000000000000e+07,6.970000000000000000e+07
6.011407029568656534e+07,-1.663504059999999986e-09,1.001000000000000085e+02,6.307000000000000000e+07,6.970000000000000000e+07
6.011198056478679925e+07,-1.663561890000000139e-09,1.001050000000000040e+02,6.307000000000000000e+07,6.970000000000000000e+07
6.011771565738070011e+07,-1.663403190000000008e-09,1.001099999999999994e+02,6.307000000000000000e+07,6.970000000000000000e+07
6.013268264398859441e+07,-1.662989170000000090e-09,1.001150000000000091e+02,6.307000000000000000e+07,6.970000000000000000e+07
6.009975369137645513e+07,-1.663900330000000036e-09,1.001200000000000045e+02,6.307000000000000000e+07,6.970000000000000000e+07
6.004103588655117154e+07,-1.665527560000000025e-09,1.001250000000000000e+02,6.307000000000000000e+07,6.970000000000000000e+07
6.001840080142810196e+07,-1.666155690000000201e-09,1.001299999999999955e+02,6.307000000000000000e+07,6.970000000000000000e+07
5.998843530946417153e+07,-1.666987970000000107e-09,1.001350000000000051e+02,6.307000000000000000e+07,6.970000000000000000e+07
5.994615408644569665e+07,-1.668163730000000234e-09,1.001400000000000006e+02,6.307000000000000000e+07,6.970000000000000000e+07
5.992934533944253623e+07,-1.668631610000000199e-09,1.001449999999999960e+02,6.307000000000000000e+07,6.970000000000000000e+07
5.991678230006482452e+07,-1.668981480000000141e-09,1.001500000000000057e+02,6.307000000000000000e+07,6.970000000000000000e+07
5.986091985713497549e+07,-1.670538979999999905e-09,1.001550000000000011e+02,6.307000000000000000e+07,6.970000000000000000e+07
5.981952556811246276e+07,-1.671694970000000058e-09,1.001599999999999966e+02,6.307000000000000000e+07,6.970000000000000000e+07
5.981259613080450147e+07,-1.671888640000000045e-09,1.001650000000000063e+02,6.307000000000000000e+07,6.970000000000000000e+07
5.978823187634095550e+07,-1.672569950000000134e-09,1.001700000000000017e+02,6.307000000000000000e+07,6.970000000000000000e+07
5.975732621532747895e+07,-1.673434979999999933e-09,1.001749999999999972e+02,6.307000000000000000e+07,6.970000000000000000e+07
5.977468994614282995e+07,-1.672948870000000030e-09,1.001800000000000068e+02,6.307000000000000000e+07,6.970000000000000000e+07
5.980316970793393999e+07,-1.672152170000000010e-09,1.001850000000000023e+02,6.307000000000000000e+07,6.970000000000000000e+07
5.980057512844326347e+07,-1.672224720000000182e-09,1.001899999999999977e+02,6.307000000000000000e+07,6.970000000000000000e+07
5.984020463243608922e+07,-1.671117280000000203e-09,1.001950000000000074e+02,6.307000000000000000e+07,6.970000000000000000e+07
5.989209421062354743e+07,-1.669669450000000119e-09,1.002000000000000028e+02,6.307000000000000000e+07,6.970000000000000000e+07
5.989231589193430543e+07,-1.669663270000000093e-09,1.002049999999999983e+02,6.307000000000000000e+07,6.970000000000000000e+07
5.988621415697047859e+07,-1.669833390000000018e-09,1.002100000000000080e+02,6.307000000000000000e+07,6.970000000000000000e+07
5.991387344743606448e+07,-1.669062510000000246e-09,1.002150000000000034e+02,6.307000000000000000e+07,6.970000000000000000e+07
5.992128021575495601e+07,-1.668856200000000199e-09,1.002199999999999989e+02,6.307000000000000000e+07,6.970000000000000000e+07
5.995582622599981725e+07,-1.667894620000000022e-09,1.002250000000000085e+02,6.307000000000000000e+07,6.970000000000000000e+07
6.005540675794243813e+07,-1.665129010000000158e-09,1.002300000000000040e+02,6.307000000000000000e+07,6.970000000000000000e+07
6.016016621532002836e+07,-1.662229450000000194e-09,1.002349999999999994e+02,6.307000000000000000e+07,6.970000000000000000e+07
6.023129274170639366e+07,-1.660266540000000196e-09,1.002400000000000091e+02,6.307000000000000000e+07,6.970000000000000000e+07
6.030476447983278334e+07,-1.658243770000000099e-09,1.002450000000000045e+02,6.307000000000000000e+07,6.970000000000000000e+07
6.036557257949884981e+07,-1.656573370000000121e-09,1.002500000000000000e+02,6.307000000000000000e+07,6.970000000000000000e+07
6.036181402510611713e+07,-1.656676520000000122e-09,1.002549999999999955e+02,6.307000000000000000e+07,6.970000000000000000e+07
6.035952596332415193e+07,-1.656739320000000082e-09,1.002600000000000051e+02,6.307000000000000000e+07,6.970000000000000000e+07
6.037558431415029615e+07,-1.656298670000000029e-09,1.002650000000000006e+02,6.307000000000000000e+07,6.970000000000000000e+07
6.034364511086463928e+07,-1.657175330000000144e-09,1.002699999999999960e+02,6.307000000000000000e+07,6.970000000000000000e+07
6.031311178039498627e+07,-1.658014270000000147e-09,1.002750000000000057e+02,6.307000000000000000e+07,6.970000000000000000e+07
6.031914473436425626e+07,-1.657848440000000101e-09,1.002800000000000011e+02,6.307000000000000000e+07,6.970000000000000000e+07
6.030739099341078103e+07,-1.658171550000000156e-09,1.002849999999999966e+02,6.307000000000000000e+07,6.970000000000000000e+07
6.025370533625554293e+07,-1.659648969999999912e-09,1.002900000000000063e+02,6.307000000000000000e+07,6.970000000000000000e+07
6.023656767459411174e+07,-1.660121150000000006e-09,1.002950000000000017e+02,6.307000000000000000e+07,6.970000000000000000e+07
6.022701186902756244e+07,-1.660384550000000219e-09,1.002999999999999972e+02,6.307000000000000000e+07,6.970000000000000000e+07
6.017661765068534762e+07,-1.661775020000000174e-09,1.003050000000000068e+02,6.307000000000000000e+07,6.970000000000000000e+07
6.014084854419182986e+07,-1.662763370000000076e-09,1.003100000000000023e+02,6.307000000000000000e+07,6.970000000000000000e+07
6.013765533360924572e+07,-1.662851660000000262e-09,1.003149999999999977e+02,6.307000000000000000e+07,6.970000000000000000e+07
6.010233564588088542e+07,-1.663828850000000080e-09,1.003200000000000074e+02,6.307000000000000000e+07,6.970000000000000000e+07
6.006779275117014349e+07,-1.664785660000000102e-09,1.003250000000000028e+02,6.307000000000000000e+07,6.970000000000000000e+07
6.007082338062410802e+07,-1.664701670000000047e-09,1.003299999999999983e+02,6.307000000000000000e+07,6.970000000000000000e+07
6.007344146424639970e+07,-1.664629120000000081e-09,1.003350000000000080e+02,6.307000000000000000e+07,6.970000000000000000e+07
6.003739981791737676e+07,-1.665628430000000002e-09,1.003400000000000034e+02,6.307000000000000000e+07,6.970000000000000000e+07
6.002815212283886969e+07,-1.665885030000000115e-09,1.003449999999999989e+02,6.307000000000000000e+07,6.970000000000000000e+07
6.003240477170690149e+07,-1.665767020000000299e-09,1.003500000000000085e+02,6.307000000000000000e+07,6.970000000000000000e+07
6.000544465402612835e+07,-1.666515440000000108e-09,1.003550000000000040e+02,6.307000000000000000e+07,6.970000000000000000e+07
5.998713371961127967e+07,-1.667024140000000139e-09,1.003599999999999994e+02,6.307000000000000000e+07,6.970000000000000000e+07
5.999556032853568345e+07,-1.666790000000000197e-09,1.003650000000000091e+02,6.307000000000000000e+07,6.970000000000000000e+07
5.997397309489600360e+07,-1.667389950000000158e-09,1.003700000000000045e+02,6.307000000000000000e+07,6.970000000000000000e+07
5.994675349514300376e+07,-1.668147050000000170e-09,1.003750000000000000e+02,6.307000000000000000e+07,6.970000000000000000e+07
5.996465035889623314e+07,-1.667649179999999992e-09,1.003799999999999955e+02,6.307000000000000000e+07,6.970000000000000000e+07
5.996438930790805072e+07,-1.667656440000000073e-09,1.003850000000000051e+02,6.307000000000000000e+07,6.970000000000000000e+07
5.993575079309383035e+07,-1.668453280000000097e-09,1.003900000000000006e+02,6.307000000000000000e+07,6.970000000000000000e+07
5.994341880755336583e+07,-1.668239849999999973e-09,1.003949999999999960e+02,6.307000000000000000e+07,6.970000000000000000e+07
5.996340517331039906e+07,-1.667683810000000195e-09,1.004000000000000057e+02,6.307000000000000000e+07,6.970000000000000000e+07
5.993475071506951749e+07,-1.668481120000000245e-09,1.004050000000000011e+02,6.307000000000000000e+07,6.970000000000000000e+07
5.990572312860346586e+07,-1.669289590000000171e-09,1.004099999999999966e+02,6.307000000000000000e+07,6.970000000000000000e+07
5.990156053089530766e+07,-1.669405590000000132e-09,1.004150000000000063e+02,6.307000000000000000e+07,6.970000000000000000e+07
5.986993758966121078e+07,-1.670287360000000263e-09,1.004200000000000017e+02,6.307000000000000000e+07,6.970000000000000000e+07
5.983037001188895106e+07,-1.671391970000000044e-09,1.004249999999999972e+02,6.307000000000000000e+07,6.970000000000000000e+07
5.983709124527526647e+07,-1.671204230000000210e-09,1.004300000000000068e+02,6.307000000000000000e+07,6.970000000000000000e+07
5.983151588721797615e+07,-1.671359960000000138e-09,1.004350000000000023e+02,6.307000000000000000e+07,6.970000000000000000e+07
5.981500427441011369e+07,-1.671821330000000054e-09,1.004399999999999977e+02,6.307000000000000000e+07,6.970000000000000000e+07
5.983286121017538011e+07,-1.671322380000000236e-09,1.004450000000000074e+02,6.307000000000000000e+07,6.970000000000000000e+07
5.985422443783940375e+07,-1.670725850000000000e-09,1.004500000000000028e+02,6.307000000000000000e+07,6.970000000000000000e+07
5.985475179063421488e+07,-1.670711129999999981e-09,1.004549999999999983e+02,6.307000000000000000e+07,6.970000000000000000e+07
5.987420656722211093e+07,-1.670168270000000186e-09,1.004600000000000080e+02,6.307000000000000000e+07,6.970000000000000000e+07
5.992485124030210078e+07,-1.668756750000000137e-09,1.004650000000000034e+02,6.307000000000000000e+07,6.970000000000000000e+07
5.993786205877649039e+07,-1.668394510000000099e-09,1.004699999999999989e+02,6.307000000000000000e+07,6.970000000000000000e+07
5.994707009414280206e+07,-1.668138240000000008e-09,1.004750000000000085e+02,6.307000000000000000e+07,6.970000000000000000e+07
5.999119665183852613e+07,-1.666911239999999926e-09,1.004800000000000040e+02,6.307000000000000000e+07,6.970000000000000000e+07
6.000949314175806940e+07,-1.666403010000000127e-09,1.004849999999999994e+02,6.307000000000000000e+07,6.970000000000000000e+07
5.998639316646526009e+07,-1.667044720000000206e-09,1.004900000000000091e+02,6.307000000000000000e+07,6.970000000000000000e+07
5.999767113039740175e+07,-1.666731360000000157e-09,1.004950000000000045e+02,6.307000000000000000e+07,6.970000000000000000e+07
6.001608286982312799e+07,-1.666220040000000035e-09,1.005000000000000000e+02,6.307000000000000000e+07,6.970000000000000000e+07
5.999240916046892852e+07,-1.666877549999999981e-09,1.005049999999999955e+02,6.307000000000000000e+07,6.970000000000000000e+07
5.999505928687760234e+07,-1.666803920000000167e-09,1.005100000000000051e+02,6.307000000000000000e+07,6.970000000000000000e+07
6.001988819015068561e+07,-1.666114400000000109e-09,1.005150000000000006e+02,6.307000000000000000e+07,6.970000000000000000e+07
6.001448437577512115e+07,-1.666264420000000244e-09,1.005199999999999960e+02,6.307000000000000000e+07,6.970000000000000000e+07
6.000947621640828252e+07,-1.666403480000000152e-09,1.005250000000000057e+02,6.307000000000000000e+07,6.970000000000000000e+07
6.004882533959066868e+07,-1.665311510000000017e-09,1.005300000000000011e+02,6.307000000000000000e+07,6.970000000000000000e+07
6.006753080136837065e+07,-1.664792920000000183e-09,1.005349999999999966e+02,6.307000000000000000e+07,6.970000000000000000e+07
6.005212091720342636e+07,-1.665220120000000084e-09,1.005400000000000063e+02,6.307000000000000000e+07,6.970000000000000000e+07
6.007169448607862741e+07,-1.664677530000000251e-09,1.005450000000000017e+02,6.307000000000000000e+07,6.970000000000000000e+07
6.008450705663995445e+07,-1.664322550000000087e-09,1.005499999999999972e+02,6.307000000000000000e+07,6.970000000000000000e+07
6.005217645361607522e+07,-1.665218580000000048e-09,1.005550000000000068e+02,6.307000000000000000e+07,6.970000000000000000e+07
6.003628497005534172e+07,-1.665659360000000060e-09,1.005600000000000023e+02,6.307000000000000000e+07,6.970000000000000000e+07
6.004401262151564658e+07,-1.665444990000000091e-09,1.005649999999999977e+02,6.307000000000000000e+07,6.970000000000000000e+07
6.002142644881369919e+07,-1.666071700000000146e-09,1.005700000000000074e+02,6.307000000000000000e+07,6.970000000000000000e+07
6.001218835543060303e+07,-1.666328170000000300e-09,1.005750000000000028e+02,6.307000000000000000e+07,6.970000000000000000e+07
6.005200443532094359e+07,-1.665223349999999997e-09,1.005799999999999983e+02,6.307000000000000000e+07,6.970000000000000000e+07
6.007115319968426973e+07,-1.664692530000000070e-09,1.005850000000000080e+02,6.307000000000000000e+07,6.970000000000000000e+07
6.005825181972149014e+07,-1.665050130000000118e-09,1.005900000000000034e+02,6.307000000000000000e+07,6.970000000000000000e+07
6.008552910692042112e+07,-1.664294240000000120e-09,1.005949999999999989e+02,6.307000000000000000e+07,6.970000000000000000e+07
6.013501429219863564e+07,-1.662924690000000298e-09,1.006000000000000085e+02,6.307000000000000000e+07,6.970000000000000000e+07
6.016240045860113204e+07,-1.662167720000000038e-09,1.006050000000000040e+02,6.307000000000000000e+07,6.970000000000000000e+07
6.021536724593769759e+07,-1.660705640000000168e-09,1.006099999999999994e+02,6.307000000000000000e+07,6.970000000000000000e+07
6.027950860675042868e+07,-1.658938540000000177e-09,1.006150000000000091e+02,6.307000000000000000e+07,6.970000000000000000e+07
6.028857984842281044e+07,-1.658688930000000184e-09,1.006200000000000045e+02,6.307000000000000000e+07,6.970000000000000000e+07
6.028609453422695398e+07,-1.658757309999999978e-09,1.006250000000000000e+02,6.307000000000000000e+07,6.970000000000000000e+07
6.032352204626266658e+07,-1.657728140000000009e-09,1.006299999999999955e+02,6.307000000000000000e+07,6.970000000000000000e+07
6.034697276501893252e+07,-1.657083950000000256e-09,1.006350000000000051e+02,6.307000000000000000e+07,6.970000000000000000e+07
6.036234817405647039e+07,-1.656661860000000164e-09,1.006400000000000006e+02,6.307000000000000000e+07,6.970000000000000000e+07
6.040076827844426036e+07,-1.655608079999999960e-09,1.006449999999999960e+02,6.307000000000000000e+07,6.970000000000000000e+07
6.042753751772075146e+07,-1.654874650000000132e-09,1.006500000000000057e+02,6.307000000000000000e+07,6.970000000000000000e+07
6.039574687594090402e+07,-1.655745730000000206e-09,1.006550000000000011e+02,6.307000000000000000e+07,6.970000000000000000e+07
6.036315451640170813e+07,-1.656639730000000017e-09,1.006599999999999966e+02,6.307000000000000000e+07,6.970000000000000000e+07
6.036972156132133305e+07,-1.656459520000000225e-09,1.006650000000000063e+02,6.307000000000000000e+07,6.970000000000000000e+07
6.036867742919045687e+07,-1.656488170000000052e-09,1.006700000000000017e+02,6.307000000000000000e+07,6.970000000000000000e+07
6.036381330643602461e+07,-1.656621650000000126e-09,1.006749999999999972e+02,6.307000000000000000e+07,6.970000000000000000e+07
6.037881487314969301e+07,-1.656210050000000235e-09,1.006800000000000068e+02,6.307000000000000000e+07,6.970000000000000000e+07
6.036424218356104940e+07,-1.656609880000000014e-09,1.006850000000000023e+02,6.307000000000000000e+07,6.970000000000000000e+07
6.033466249589233100e+07,-1.657422050000000292e-09,1.006899999999999977e+02,6.307000000000000000e+07,6.970000000000000000e+07
6.034586350618965179e+07,-1.657114410000000081e-09,1.006950000000000074e+02,6.307000000000000000e+07,6.970000000000000000e+07
6.035665702269893885e+07,-1.656818069999999956e-09,1.007000000000000028e+02,6.307000000000000000e+07,6.970000000000000000e+07
6.031963373918393999e+07,-1.657834999999999994e-09,1.007049999999999983e+02,6.307000000000000000e+07,6.970000000000000000e+07
6.030229455838909000e+07,-1.658311689999999913e-09,1.007100000000000080e+02,6.307000000000000000e+07,6.970000000000000000e+07
6.030313347986432165e+07,-1.658288620000000127e-09,1.007150000000000034e+02,6.307000000000000000e+07,6.970000000000000000e+07
6.026833729854795337e+07,-1.659246040000000179e-09,1.007199999999999989e+02,6.307000000000000000e+07,6.970000000000000000e+07
6.023441318155923486e+07,-1.660180530000000241e-09,1.007250000000000085e+02,6.307000000000000000e+07,6.970000000000000000e+07
6.024200647761813551e+07,-1.659971270000000081e-09,1.007300000000000040e+02,6.307000000000000000e+07,6.970000000000000000e+07
6.022738765892284364e+07,-1.660374189999999977e-09,1.007349999999999994e+02,6.307000000000000000e+07,6.970000000000000000e+07
6.019325127592688054e+07,-1.661315810000000161e-09,1.007400000000000091e+02,6.307000000000000000e+07,6.970000000000000000e+07
6.019618732037382573e+07,-1.661234780000000056e-09,1.007450000000000045e+02,6.307000000000000000e+07,6.970000000000000000e+07
6.019678195588458329e+07,-1.661218370000000161e-09,1.007500000000000000e+02,6.307000000000000000e+07,6.970000000000000000e+07
6.014886109304422885e+07,-1.662541870000000192e-09,1.007549999999999955e+02,6.307000000000000000e+07,6.970000000000000000e+07
6.012464765378203243e+07,-1.663211409999999962e-09,1.007600000000000051e+02,6.307000000000000000e+07,6.970000000000000000e+07
6.013764303738396615e+07,-1.662852000000000122e-09,1.007650000000000006e+02,6.307000000000000000e+07,6.970000000000000000e+07
6.011481870257373154e+07,-1.663483349999999960e-09,1.007699999999999960e+02,6.307000000000000000e+07,6.970000000000000000e+07
6.008471319679731131e+07,-1.664316840000000086e-09,1.007750000000000057e+02,6.307000000000000000e+07,6.970000000000000000e+07
6.008355760272252560e+07,-1.664348850000000198e-09,1.007800000000000011e+02,6.307000000000000000e+07,6.970000000000000000e+07
6.005702438488154113e+07,-1.665084160000000130e-09,1.007849999999999966e+02,6.307000000000000000e+07,6.970000000000000000e+07
6.002183822557631880e+07,-1.666060270000000100e-09,1.007900000000000063e+02,6.307000000000000000e+07,6.970000000000000000e+07
6.002792907450463623e+07,-1.665891220000000186e-09,1.007950000000000017e+02,6.307000000000000000e+07,6.970000000000000000e+07
6.001764254613228887e+07,-1.666176740000000087e-09,1.007999999999999972e+02,6.307000000000000000e+07,6.970000000000000000e+07
5.997556475540734828e+07,-1.667345700000000115e-09,1.008050000000000068e+02,6.307000000000000000e+07,6.970000000000000000e+07
5.996119790960873663e+07,-1.667745200000000078e-09,1.008100000000000023e+02,6.307000000000000000e+07,6.970000000000000000e+07
5.996483913685338944e+07,-1.667643930000000180e-09,1.008149999999999977e+02,6.307000000000000000e+07,6.970000000000000000e+07
5.994868189004693925e+07,-1.668093389999999980e-09,1.008200000000000074e+02,6.307000000000000000e+07,6.970000000000000000e+07
5.995202902426406741e+07,-1.668000259999999948e-09,1.008250000000000028e+02,6.307000000000000000e+07,6.970000000000000000e+07
5.999414685104491562e+07,-1.666829270000000183e-09,1.008299999999999983e+02,6.307000000000000000e+07,6.970000000000000000e+07
6.000359001479058713e+07,-1.666566950000000026e-09,1.008350000000000080e+02,6.307000000000000000e+07,6.970000000000000000e+07
5.999451938066553324e+07,-1.666818920000000193e-09,1.008400000000000034e+02,6.307000000000000000e+07,6.970000000000000000e+07
6.002508220089862496e+07,-1.665970230000000184e-09,1.008449999999999989e+02,6.307000000000000000e+07,6.970000000000000000e+07
6.006715700367913395e+07,-1.664803280000000218e-09,1.008500000000000085e+02,6.307000000000000000e+07,6.970000000000000000e+07
6.005981368857207149e+07,-1.665006830000000171e-09,1.008550000000000040e+02,6.307000000000000000e+07,6.970000000000000000e+07
6.008165950686547905e+07,-1.664401430000000126e-09,1.008599999999999994e+02,6.307000000000000000e+07,6.970000000000000000e+07
6.011641784781901538e+07,-1.663439100000000123e-09,1.008650000000000091e+02,6.307000000000000000e+07,6.970000000000000000e+07
6.010859856568019837e+07,-1.663655490000000198e-09,1.008700000000000045e+02,6.307000000000000000e+07,6.970000000000000000e+07
6.010159730272205919e+07,-1.663849289999999937e-09,1.008750000000000000e+02,6.307000000000000000e+07,6.970000000000000000e+07
6.012024783033089340e+07,-1.663333130000000175e-09,1.008799999999999955e+02,6.307000000000000000e+07,6.970000000000000000e+07
6.009569771114057302e+07,-1.664012630000000058e-09,1.008850000000000051e+02,6.307000000000000000e+07,6.970000000000000000e+07
6.004635470499787480e+07,-1.665380030000000022e-09,1.008900000000000006e+02,6.307000000000000000e+07,6.970000000000000000e+07
6.004841319245863706e+07,-1.665322940000000063e-09,1.008949999999999960e+02,6.307000000000000000e+07,6.970000000000000000e+07
6.005386206867394596e+07,-1.665171840000000080e-09,1.009000000000000057e+02,6.307000000000000000e+07,6.970000000000000000e+07
6.002406688971569389e+07,-1.665998410000000192e-09,1.009050000000000011e+02,6.307000000000000000e+07,6.970000000000000000e+07
6.001624495712000877e+07,-1.666215540000000255e-09,1.009099999999999966e+02,6.307000000000000000e+07,6.970000000000000000e+07
6.003474090386625379e+07,-1.665702200000000026e-09,1.009150000000000063e+02,6.307000000000000000e+07,6.970000000000000000e+07
6.001667395239079744e+07,-1.666203630000000139e-09,1.009200000000000017e+02,6.307000000000000000e+07,6.970000000000000000e+07
6.001930929214685410e+07,-1.666130469999999937e-09,1.009249999999999972e+02,6.307000000000000000e+07,6.970000000000000000e+07
6.005921706672501564e+07,-1.665023370000000025e-09,1.009300000000000068e+02,6.307000000000000000e+07,6.970000000000000000e+07
6.007081832871918380e+07,-1.664701810000000050e-09,1.009350000000000023e+02,6.307000000000000000e+07,6.970000000000000000e+07
6.005313681704983115e+07,-1.665191950000000121e-09,1.009399999999999977e+02,6.307000000000000000e+07,6.970000000000000000e+07
6.010444168518309295e+07,-1.663770550000000107e-09,1.009450000000000074e+02,6.307000000000000000e+07,6.970000000000000000e+07
6.017769896799337864e+07,-1.661745160000000127e-09,1.009500000000000028e+02,6.307000000000000000e+07,6.970000000000000000e+07
6.023251497523374110e+07,-1.660232850000000251e-09,1.009549999999999983e+02,6.307000000000000000e+07,6.970000000000000000e+07
6.032974270613560826e+07,-1.657557210000000199e-09,1.009600000000000080e+02,6.307000000000000000e+07,6.970000000000000000e+07
6.044694885019084066e+07,-1.654343219999999969e-09,1.009650000000000034e+02,6.307000000000000000e+07,6.970000000000000000e+07
6.053429774639405310e+07,-1.651956060000000182e-09,1.009699999999999989e+02,6.307000000000000000e+07,6.970000000000000000e+07
6.063599347236552089e+07,-1.649185480000000099e-09,1.009750000000000085e+02,6.307000000000000000e+07,6.970000000000000000e+07
6.078585004613433778e+07,-1.645119709999999951e-09,1.009800000000000040e+02,6.307000000000000000e+07,6.970000000000000000e+07
6.092818533710578084e+07,-1.641276519999999948e-09,1.009849999999999994e+02,6.307000000000000000e+07,6.970000000000000000e+07
6.106893910703103989e+07,-1.637493650000000024e-09,1.009900000000000091e+02,6.307000000000000000e+07,6.970000000000000000e+07
6.124928238043914735e+07,-1.632672190000000148e-09,1.009950000000000045e+02,6.307000000000000000e+07,6.970000000000000000e+07
6.140706515672179312e+07,-1.628477110000000097e-09,1.010000000000000000e+02,6.307000000000000000e+07,6.970000000000000000e+07
6.150926451004318893e+07,-1.625771350000000080e-09,1.010049999999999955e+02,6.307000000000000000e+07,6.970000000000000000e+07
6.162559406071258336e+07,-1.622702410000000179e-09,1.010100000000000051e+02,6.307000000000000000e+07,6.970000000000000000e+07
6.176511327777364105e+07,-1.619036940000000043e-09,1.010150000000000006e+02,6.307000000000000000e+07,6.970000000000000000e+07
6.186351337615980208e+07,-1.616461699999999942e-09,1.010199999999999960e+02,6.307000000000000000e+07,6.970000000000000000e+07
6.195888440649405122e+07,-1.613973540000000013e-09,1.010250000000000057e+02,6.307000000000000000e+07,6.970000000000000000e+07
6.208717538605090976e+07,-1.610638580000000222e-09,1.010300000000000011e+02,6.307000000000000000e+07,6.970000000000000000e+07
6.218920053065050393e+07,-1.607996229999999987e-09,1.010349999999999966e+02,6.307000000000000000e+07,6.970000000000000000e+07
6.230088287391031533e+07,-1.605113690000000155e-09,1.010400000000000063e+02,6.307000000000000000e+07,6.970000000000000000e+07
6.246588737890238315e+07,-1.600873760000000076e-09,1.010450000000000017e+02,6.307000000000000000e+07,6.970000000000000000e+07
6.260325898918786645e+07,-1.597360930000000165e-09,1.010499999999999972e+02,6.307000000000000000e+07,6.970000000000000000e+07
6.269203157007710636e+07,-1.595099050000000114e-09,1.010550000000000068e+02,6.307000000000000000e+07,6.970000000000000000e+07
6.279665256415028125e+07,-1.592441570000000101e-09,1.010600000000000023e+02,6.307000000000000000e+07,6.970000000000000000e+07
6.291028475642091036e+07,-1.589565210000000088e-09,1.010649999999999977e+02,6.307000000000000000e+07,6.970000000000000000e+07
6.296791496968922764e+07,-1.588110390000000092e-09,1.010700000000000074e+02,6.307000000000000000e+07,6.970000000000000000e+07
6.302515950501904637e+07,-1.586667940000000193e-09,1.010750000000000028e+02,6.307000000000000000e+07,6.970000000000000000e+07
6.311014891975620389e+07,-1.584531200000000080e-09,1.010799999999999983e+02,6.307000000000000000e+07,6.970000000000000000e+07
6.315334942409102619e+07,-1.583447290000000074e-09,1.010850000000000080e+02,6.307000000000000000e+07,6.970000000000000000e+07
6.316309684949862957e+07,-1.583202930000000099e-09,1.010900000000000034e+02,6.307000000000000000e+07,6.970000000000000000e+07
6.321987443698434532e+07,-1.581781060000000060e-09,1.010949999999999989e+02,6.307000000000000000e+07,6.970000000000000000e+07
6.325416517924497277e+07,-1.580923560000000097e-09,1.011000000000000085e+02,6.307000000000000000e+07,6.970000000000000000e+07
6.323157309764919430e+07,-1.581488410000000036e-09,1.011050000000000040e+02,6.307000000000000000e+07,6.970000000000000000e+07
6.322774462265893817e+07,-1.581584169999999997e-09,1.011099999999999994e+02,6.307000000000000000e+07,6.970000000000000000e+07
6.323893229992148280e+07,-1.581304370000000141e-09,1.011150000000000091e+02,6.307000000000000000e+07,6.970000000000000000e+07
6.321599942326778919e+07,-1.581878020000000197e-09,1.011200000000000045e+02,6.307000000000000000e+07,6.970000000000000000e+07
6.320640745095334202e+07,-1.582118080000000248e-09,1.011250000000000000e+02,6.307000000000000000e+07,6.970000000000000000e+07
6.323610621804174036e+07,-1.581375040000000004e-09,1.011299999999999955e+02,6.307000000000000000e+07,6.970000000000000000e+07
6.325348980256333947e+07,-1.580940440000000018e-09,1.011350000000000051e+02,6.307000000000000000e+07,6.970000000000000000e+07
6.325167099845735729e+07,-1.580985900000000075e-09,1.011400000000000006e+02,6.307000000000000000e+07,6.970000000000000000e+07
6.329706713102744520e+07,-1.579852030000000232e-09,1.011449999999999960e+02,6.307000000000000000e+07,6.970000000000000000e+07
6.332150430643535405e+07,-1.579242330000000058e-09,1.011500000000000057e+02,6.307000000000000000e+07,6.970000000000000000e+07
6.331454077564693242e+07,-1.579416020000000170e-09,1.011550000000000011e+02,6.307000000000000000e+07,6.970000000000000000e+07
6.333785010321250558e+07,-1.578834770000000172e-09,1.011599999999999966e+02,6.307000000000000000e+07,6.970000000000000000e+07
6.336946028376425803e+07,-1.578047210000000129e-09,1.011650000000000063e+02,6.307000000000000000e+07,6.970000000000000000e+07
6.336541031919774413e+07,-1.578148070000000061e-09,1.011700000000000017e+02,6.307000000000000000e+07,6.970000000000000000e+07
6.340125076085463166e+07,-1.577255950000000147e-09,1.011749999999999972e+02,6.307000000000000000e+07,6.970000000000000000e+07
6.349126209124420583e+07,-1.575019880000000092e-09,1.011800000000000068e+02,6.307000000000000000e+07,6.970000000000000000e+07
6.353999968153752387e+07,-1.573811780000000037e-09,1.011850000000000023e+02,6.307000000000000000e+07,6.970000000000000000e+07
6.355808318990392983e+07,-1.573364000000000069e-09,1.011899999999999977e+02,6.307000000000000000e+07,6.970000000000000000e+07
6.362390434069633484e+07,-1.571736300000000054e-09,1.011950000000000074e+02,6.307000000000000000e+07,6.970000000000000000e+07
6.369656505508220941e+07,-1.569943370000000184e-09,1.012000000000000028e+02,6.307000000000000000e+07,6.970000000000000000e+07
6.376092123360269517e+07,-1.568358770000000053e-09,1.012049999999999983e+02,6.307000000000000000e+07,6.970000000000000000e+07
6.386394547674409300e+07,-1.565828720000000253e-09,1.012100000000000080e+02,6.307000000000000000e+07,6.970000000000000000e+07
6.398358539506841451e+07,-1.562900849999999909e-09,1.012150000000000034e+02,6.307000000000000000e+07,6.970000000000000000e+07
6.407388652031580359e+07,-1.560698210000000089e-09,1.012199999999999989e+02,6.307000000000000000e+07,6.970000000000000000e+07
6.414656617978781462e+07,-1.558929900000000084e-09,1.012250000000000085e+02,6.307000000000000000e+07,6.970000000000000000e+07
6.421911149840943515e+07,-1.557168850000000161e-09,1.012300000000000040e+02,6.307000000000000000e+07,6.970000000000000000e+07
6.420680920788052678e+07,-1.557467210000000185e-09,1.012349999999999994e+02,6.307000000000000000e+07,6.970000000000000000e+07
6.414328234042878449e+07,-1.559009710000000131e-09,1.012400000000000091e+02,6.307000000000000000e+07,6.970000000000000000e+07
6.410373235199408233e+07,-1.559971570000000109e-09,1.012450000000000045e+02,6.307000000000000000e+07,6.970000000000000000e+07
6.405726617104063928e+07,-1.561103150000000297e-09,1.012500000000000000e+02,6.307000000000000000e+07,6.970000000000000000e+07
6.397967923493508995e+07,-1.562996270000000010e-09,1.012549999999999955e+02,6.307000000000000000e+07,6.970000000000000000e+07
6.392479621046648920e+07,-1.564338189999999999e-09,1.012600000000000051e+02,6.307000000000000000e+07,6.970000000000000000e+07
6.386686670620877296e+07,-1.565757100000000088e-09,1.012650000000000006e+02,6.307000000000000000e+07,6.970000000000000000e+07
6.376017238557262719e+07,-1.568377190000000217e-09,1.012699999999999960e+02,6.307000000000000000e+07,6.970000000000000000e+07
6.365462365957446396e+07,-1.570977789999999965e-09,1.012750000000000057e+02,6.307000000000000000e+07,6.970000000000000000e+07
6.357322530970888585e+07,-1.572989250000000137e-09,1.012800000000000011e+02,6.307000000000000000e+07,6.970000000000000000e+07
6.349581357497063279e+07,-1.574906980000000085e-09,1.012849999999999966e+02,6.307000000000000000e+07,6.970000000000000000e+07
6.342358011966317147e+07,-1.576700650000000149e-09,1.012900000000000063e+02,6.307000000000000000e+07,6.970000000000000000e+07
6.337310071450889111e+07,-1.577956560000000183e-09,1.012950000000000017e+02,6.307000000000000000e+07,6.970000000000000000e+07
6.330392182482215017e+07,-1.579680960000000004e-09,1.012999999999999972e+02,6.307000000000000000e+07,6.970000000000000000e+07
6.318895031002299488e+07,-1.582555170000000159e-09,1.013050000000000068e+02,6.307000000000000000e+07,6.970000000000000000e+07
6.310153151897204667e+07,-1.584747590000000154e-09,1.013100000000000023e+02,6.307000000000000000e+07,6.970000000000000000e+07
6.305016748614966124e+07,-1.586038610000000048e-09,1.013149999999999977e+02,6.307000000000000000e+07,6.970000000000000000e+07
6.298665576678389311e+07,-1.587637870000000138e-09,1.013200000000000074e+02,6.307000000000000000e+07,6.970000000000000000e+07
6.296924008664391190e+07,-1.588076970000000110e-09,1.013250000000000028e+02,6.307000000000000000e+07,6.970000000000000000e+07
6.298833676462297887e+07,-1.587595499999999990e-09,1.013299999999999983e+02,6.307000000000000000e+07,6.970000000000000000e+07
6.295855786925877631e+07,-1.588346419999999976e-09,1.013350000000000080e+02,6.307000000000000000e+07,6.970000000000000000e+07
6.288996930082750320e+07,-1.590078689999999907e-09,1.013400000000000034e+02,6.307000000000000000e+07,6.970000000000000000e+07
6.284582723252228647e+07,-1.591195540000000032e-09,1.013449999999999989e+02,6.307000000000000000e+07,6.970000000000000000e+07
6.277245442255292088e+07,-1.593055440000000240e-09,1.013500000000000085e+02,6.307000000000000000e+07,6.970000000000000000e+07
6.265778797456695139e+07,-1.595970800000000070e-09,1.013550000000000040e+02,6.307000000000000000e+07,6.970000000000000000e+07
6.257083918451500684e+07,-1.598188570000000081e-09,1.013599999999999994e+02,6.307000000000000000e+07,6.970000000000000000e+07
6.250583491968975216e+07,-1.599850640000000175e-09,1.013650000000000091e+02,6.307000000000000000e+07,6.970000000000000000e+07
6.240760592946895957e+07,-1.602368790000000110e-09,1.013700000000000045e+02,6.307000000000000000e+07,6.970000000000000000e+07
6.232041709659186006e+07,-1.604610569999999958e-09,1.013750000000000000e+02,6.307000000000000000e+07,6.970000000000000000e+07
6.227970500594926625e+07,-1.605659500000000063e-09,1.013799999999999955e+02,6.307000000000000000e+07,6.970000000000000000e+07
6.224294519475064427e+07,-1.606607780000000137e-09,1.013850000000000051e+02,6.307000000000000000e+07,6.970000000000000000e+07
6.220019041717493534e+07,-1.607712120000000163e-09,1.013900000000000006e+02,6.307000000000000000e+07,6.970000000000000000e+07
6.219265710452906042e+07,-1.607906859999999953e-09,1.013949999999999960e+02,6.307000000000000000e+07,6.970000000000000000e+07
6.216734448240417242e+07,-1.608561549999999952e-09,1.014000000000000057e+02,6.307000000000000000e+07,6.970000000000000000e+07
6.210178009784508497e+07,-1.610259799999999916e-09,1.014050000000000011e+02,6.307000000000000000e+07,6.970000000000000000e+07
6.206056542710906267e+07,-1.611329180000000129e-09,1.014099999999999966e+02,6.307000000000000000e+07,6.970000000000000000e+07
6.202821648681213707e+07,-1.612169519999999957e-09,1.014150000000000063e+02,6.307000000000000000e+07,6.970000000000000000e+07
6.196140666867322475e+07,-1.613907840000000162e-09,1.014200000000000017e+02,6.307000000000000000e+07,6.970000000000000000e+07
6.189862276988005638e+07,-1.615544829999999995e-09,1.014249999999999972e+02,6.307000000000000000e+07,6.970000000000000000e+07
6.186324050554070622e+07,-1.616468830000000271e-09,1.014300000000000068e+02,6.307000000000000000e+07,6.970000000000000000e+07
6.179129287646062672e+07,-1.618350989999999964e-09,1.014350000000000023e+02,6.307000000000000000e+07,6.970000000000000000e+07
6.170529442779964954e+07,-1.620606480000000088e-09,1.014399999999999977e+02,6.307000000000000000e+07,6.970000000000000000e+07
6.167755029747174680e+07,-1.621335470000000197e-09,1.014450000000000074e+02,6.307000000000000000e+07,6.970000000000000000e+07
6.164793461294553429e+07,-1.622114360000000289e-09,1.014500000000000028e+02,6.307000000000000000e+07,6.970000000000000000e+07
6.158328507461837679e+07,-1.623817239999999992e-09,1.014549999999999983e+02,6.307000000000000000e+07,6.970000000000000000e+07
6.155722228574585170e+07,-1.624504750000000195e-09,1.014600000000000080e+02,6.307000000000000000e+07,6.970000000000000000e+07
6.153752957624438405e+07,-1.625024610000000103e-09,1.014650000000000034e+02,6.307000000000000000e+07,6.970000000000000000e+07
6.149136936655428261e+07,-1.626244480000000064e-09,1.014699999999999989e+02,6.307000000000000000e+07,6.970000000000000000e+07
6.146962766027025133e+07,-1.626819680000000201e-09,1.014750000000000085e+02,6.307000000000000000e+07,6.970000000000000000e+07
6.148752791902692616e+07,-1.626346080000000191e-09,1.014800000000000040e+02,6.307000000000000000e+07,6.970000000000000000e+07
6.149436988603980839e+07,-1.626165129999999999e-09,1.014849999999999994e+02,6.307000000000000000e+07,6.970000000000000000e+07
6.148283754239203036e+07,-1.626470150000000119e-09,1.014900000000000091e+02,6.307000000000000000e+07,6.970000000000000000e+07
6.149220577682869881e+07,-1.626222360000000168e-09,1.014950000000000045e+02,6.307000000000000000e+07,6.970000000000000000e+07
6.147223456840827316e+07,-1.626750689999999964e-09,1.015000000000000000e+02,6.307000000000000000e+07,6.970000000000000000e+07
6.141392468129950017e+07,-1.628295220000000060e-09,1.015049999999999955e+02,6.307000000000000000e+07,6.970000000000000000e+07
6.138598328909020126e+07,-1.629036380000000202e-09,1.015100000000000051e+02,6.307000000000000000e+07,6.970000000000000000e+07
6.136676187044736743e+07,-1.629546630000000107e-09,1.015150000000000006e+02,6.307000000000000000e+07,6.970000000000000000e+07
6.130522251834007353e+07,-1.631182400000000089e-09,1.015199999999999960e+02,6.307000000000000000e+07,6.970000000000000000e+07
6.126093667763893306e+07,-1.632361589999999986e-09,1.015250000000000057e+02,6.307000000000000000e+07,6.970000000000000000e+07
6.125842834040816128e+07,-1.632428430000000158e-09,1.015300000000000011e+02,6.307000000000000000e+07,6.970000000000000000e+07
6.124029066577143222e+07,-1.632911910000000133e-09,1.015349999999999966e+02,6.307000000000000000e+07,6.970000000000000000e+07
6.120171726143270731e+07,-1.633941080000000101e-09,1.015400000000000063e+02,6.307000000000000000e+07,6.970000000000000000e+07
6.119615622536624968e+07,-1.634089560000000200e-09,1.015450000000000017e+02,6.307000000000000000e+07,6.970000000000000000e+07
6.116747422005048394e+07,-1.634855799999999983e-09,1.015499999999999972e+02,6.307000000000000000e+07,6.970000000000000000e+07
6.109811632246747613e+07,-1.636711670000000022e-09,1.015550000000000068e+02,6.307000000000000000e+07,6.970000000000000000e+07
6.106215642690737545e+07,-1.637675540000000062e-09,1.015600000000000023e+02,6.307000000000000000e+07,6.970000000000000000e+07
6.105529473378118128e+07,-1.637859590000000002e-09,1.015649999999999977e+02,6.307000000000000000e+07,6.970000000000000000e+07
6.102207918565498292e+07,-1.638751110000000139e-09,1.015700000000000074e+02,6.307000000000000000e+07,6.970000000000000000e+07
6.099832605343727767e+07,-1.639389250000000032e-09,1.015750000000000028e+02,6.307000000000000000e+07,6.970000000000000000e+07
6.099518363121540844e+07,-1.639473710000000113e-09,1.015799999999999983e+02,6.307000000000000000e+07,6.970000000000000000e+07
6.094810469404566288e+07,-1.640740110000000141e-09,1.015850000000000080e+02,6.307000000000000000e+07,6.970000000000000000e+07
6.088910898001530021e+07,-1.642329830000000126e-09,1.015900000000000034e+02,6.307000000000000000e+07,6.970000000000000000e+07
6.087132122267961502e+07,-1.642809750000000165e-09,1.015949999999999989e+02,6.307000000000000000e+07,6.970000000000000000e+07
6.084624137159986794e+07,-1.643486890000000082e-09,1.016000000000000085e+02,6.307000000000000000e+07,6.970000000000000000e+07
6.079007917579546571e+07,-1.645005260000000070e-09,1.016050000000000040e+02,6.307000000000000000e+07,6.970000000000000000e+07
6.078217567074771971e+07,-1.645219160000000013e-09,1.016099999999999994e+02,6.307000000000000000e+07,6.970000000000000000e+07
6.079897908299891651e+07,-1.644764460000000031e-09,1.016150000000000091e+02,6.307000000000000000e+07,6.970000000000000000e+07
6.078214094272249937e+07,-1.645220100000000064e-09,1.016200000000000045e+02,6.307000000000000000e+07,6.970000000000000000e+07
6.078667734988468885e+07,-1.645097320000000093e-09,1.016250000000000000e+02,6.307000000000000000e+07,6.970000000000000000e+07
6.081595859406275302e+07,-1.644305250000000018e-09,1.016299999999999955e+02,6.307000000000000000e+07,6.970000000000000000e+07
6.079973983548124880e+07,-1.644743880000000171e-09,1.016350000000000051e+02,6.307000000000000000e+07,6.970000000000000000e+07
6.076999484907446802e+07,-1.645548929999999958e-09,1.016400000000000006e+02,6.307000000000000000e+07,6.970000000000000000e+07
6.078073486047928035e+07,-1.645258160000000037e-09,1.016449999999999960e+02,6.307000000000000000e+07,6.970000000000000000e+07
6.077062303355379403e+07,-1.645531920000000078e-09,1.016500000000000057e+02,6.307000000000000000e+07,6.970000000000000000e+07
6.073051104154174030e+07,-1.646618780000000197e-09,1.016550000000000011e+02,6.307000000000000000e+07,6.970000000000000000e+07
6.072984385440124571e+07,-1.646636870000000132e-09,1.016599999999999966e+02,6.307000000000000000e+07,6.970000000000000000e+07
6.073554842721318454e+07,-1.646482210000000213e-09,1.016650000000000063e+02,6.307000000000000000e+07,6.970000000000000000e+07
6.068923317715545744e+07,-1.647738730000000070e-09,1.016700000000000017e+02,6.307000000000000000e+07,6.970000000000000000e+07
6.065552169171258062e+07,-1.648654520000000168e-09,1.016749999999999972e+02,6.307000000000000000e+07,6.970000000000000000e+07
6.064883052891827375e+07,-1.648836409999999998e-09,1.016800000000000068e+02,6.307000000000000000e+07,6.970000000000000000e+07
6.060589752110000700e+07,-1.650004440000000019e-09,1.016850000000000023e+02,6.307000000000000000e+07,6.970000000000000000e+07
6.055820127608241886e+07,-1.651304000000000112e-09,1.016899999999999977e+02,6.307000000000000000e+07,6.970000000000000000e+07
6.055479858356755227e+07,-1.651396790000000078e-09,1.016950000000000074e+02,6.307000000000000000e+07,6.970000000000000000e+07
6.054661080628280342e+07,-1.651620110000000211e-09,1.017000000000000028e+02,6.307000000000000000e+07,6.970000000000000000e+07
6.051686937689731270e+07,-1.652431810000000050e-09,1.017049999999999983e+02,6.307000000000000000e+07,6.970000000000000000e+07
6.051880019856702536e+07,-1.652379090000000119e-09,1.017100000000000080e+02,6.307000000000000000e+07,6.970000000000000000e+07
6.052991690537749231e+07,-1.652075620000000079e-09,1.017150000000000034e+02,6.307000000000000000e+07,6.970000000000000000e+07
6.050871894637329876e+07,-1.652654389999999989e-09,1.017199999999999989e+02,6.307000000000000000e+07,6.970000000000000000e+07
6.050362796391768754e+07,-1.652793450000000311e-09,1.017250000000000085e+02,6.307000000000000000e+07,6.970000000000000000e+07
6.051694811626657099e+07,-1.652429659999999985e-09,1.017300000000000040e+02,6.307000000000000000e+07,6.970000000000000000e+07
6.050841872084730864e+07,-1.652662590000000121e-09,1.017349999999999994e+02,6.307000000000000000e+07,6.970000000000000000e+07
6.050432460105475038e+07,-1.652774420000000118e-09,1.017400000000000091e+02,6.307000000000000000e+07,6.970000000000000000e+07
6.053373086883646250e+07,-1.651971530000000026e-09,1.017450000000000045e+02,6.307000000000000000e+07,6.970000000000000000e+07
6.053563564884258807e+07,-1.651919550000000083e-09,1.017500000000000000e+02,6.307000000000000000e+07,6.970000000000000000e+07
6.050586545977471769e+07,-1.652732330000000184e-09,1.017549999999999955e+02,6.307000000000000000e+07,6.970000000000000000e+07
6.050692898727712780e+07,-1.652703280000000229e-09,1.017600000000000051e+02,6.307000000000000000e+07,6.970000000000000000e+07
6.052930577789146453e+07,-1.652092300000000143e-09,1.017650000000000006e+02,6.307000000000000000e+07,6.970000000000000000e+07
6.051287005269013345e+07,-1.652541019999999956e-09,1.017699999999999960e+02,6.307000000000000000e+07,6.970000000000000000e+07
6.050632344930673391e+07,-1.652719820000000084e-09,1.017750000000000057e+02,6.307000000000000000e+07,6.970000000000000000e+07
6.051866468543889374e+07,-1.652382790000000264e-09,1.017800000000000011e+02,6.307000000000000000e+07,6.970000000000000000e+07
6.049275474344408512e+07,-1.653090530000000217e-09,1.017849999999999966e+02,6.307000000000000000e+07,6.970000000000000000e+07
6.047137875130569190e+07,-1.653674880000000168e-09,1.017900000000000063e+02,6.307000000000000000e+07,6.970000000000000000e+07
6.049181942207096517e+07,-1.653116089999999927e-09,1.017950000000000017e+02,6.307000000000000000e+07,6.970000000000000000e+07
6.048800598148954660e+07,-1.653220310000000145e-09,1.017999999999999972e+02,6.307000000000000000e+07,6.970000000000000000e+07
6.045160017289883643e+07,-1.654215929999999965e-09,1.018050000000000068e+02,6.307000000000000000e+07,6.970000000000000000e+07
6.046105264953906089e+07,-1.653957310000000160e-09,1.018100000000000023e+02,6.307000000000000000e+07,6.970000000000000000e+07
6.047903191358765960e+07,-1.653465620000000009e-09,1.018149999999999977e+02,6.307000000000000000e+07,6.970000000000000000e+07
6.045464736184534431e+07,-1.654132549999999939e-09,1.018200000000000074e+02,6.307000000000000000e+07,6.970000000000000000e+07
6.045286096580107510e+07,-1.654181430000000135e-09,1.018250000000000028e+02,6.307000000000000000e+07,6.970000000000000000e+07
6.047475488614247739e+07,-1.653582560000000228e-09,1.018299999999999983e+02,6.307000000000000000e+07,6.970000000000000000e+07
6.046972117490176857e+07,-1.653720210000000060e-09,1.018350000000000080e+02,6.307000000000000000e+07,6.970000000000000000e+07
6.046080443946757168e+07,-1.653964100000000215e-09,1.018400000000000034e+02,6.307000000000000000e+07,6.970000000000000000e+07
6.048195164129267633e+07,-1.653385799999999918e-09,1.018449999999999989e+02,6.307000000000000000e+07,6.970000000000000000e+07
6.047297936962494254e+07,-1.653631110000000195e-09,1.018500000000000085e+02,6.307000000000000000e+07,6.970000000000000000e+07
6.043015282610402256e+07,-1.654803030000000173e-09,1.018550000000000040e+02,6.307000000000000000e+07,6.970000000000000000e+07
6.042017957143217325e+07,-1.655076180000000185e-09,1.018599999999999994e+02,6.307000000000000000e+07,6.970000000000000000e+07
6.042157413209333271e+07,-1.655037980000000002e-09,1.018650000000000091e+02,6.307000000000000000e+07,6.970000000000000000e+07
6.039157243336813897e+07,-1.655860180000000086e-09,1.018700000000000045e+02,6.307000000000000000e+07,6.970000000000000000e+07
6.039010595317269862e+07,-1.655900390000000124e-09,1.018750000000000000e+02,6.307000000000000000e+07,6.970000000000000000e+07
6.042539161484816670e+07,-1.654933420000000131e-09,1.018799999999999955e+02,6.307000000000000000e+07,6.970000000000000000e+07
6.041762170563477278e+07,-1.655146250000000063e-09,1.018850000000000051e+02,6.307000000000000000e+07,6.970000000000000000e+07
6.040528770733488351e+07,-1.655484210000000096e-09,1.018900000000000006e+02,6.307000000000000000e+07,6.970000000000000000e+07
6.042699491158173978e+07,-1.654889510000000154e-09,1.018949999999999960e+02,6.307000000000000000e+07,6.970000000000000000e+07
6.042375882982961833e+07,-1.654978140000000200e-09,1.019000000000000057e+02,6.307000000000000000e+07,6.970000000000000000e+07
6.038156560463141650e+07,-1.656134599999999965e-09,1.019050000000000011e+02,6.307000000000000000e+07,6.970000000000000000e+07
6.036831736686922610e+07,-1.656498050000000017e-09,1.019099999999999966e+02,6.307000000000000000e+07,6.970000000000000000e+07
6.036307107554835826e+07,-1.656642020000000085e-09,1.019150000000000063e+02,6.307000000000000000e+07,6.970000000000000000e+07
6.033494389019155502e+07,-1.657414320000000186e-09,1.019200000000000017e+02,6.307000000000000000e+07,6.970000000000000000e+07
6.033045718335990608e+07,-1.657537580000000228e-09,1.019249999999999972e+02,6.307000000000000000e+07,6.970000000000000000e+07
6.034959822194634378e+07,-1.657011860000000065e-09,1.019300000000000068e+02,6.307000000000000000e+07,6.970000000000000000e+07
6.033280455853433907e+07,-1.657473090000000184e-09,1.019350000000000023e+02,6.307000000000000000e+07,6.970000000000000000e+07
6.031157090213499218e+07,-1.658056630000000043e-09,1.019399999999999977e+02,6.307000000000000000e+07,6.970000000000000000e+07
6.032351695176485926e+07,-1.657728280000000013e-09,1.019450000000000074e+02,6.307000000000000000e+07,6.970000000000000000e+07
6.032723179689124227e+07,-1.657626200000000022e-09,1.019500000000000028e+02,6.307000000000000000e+07,6.970000000000000000e+07
6.032291507929429412e+07,-1.657744820000000074e-09,1.019549999999999983e+02,6.307000000000000000e+07,6.970000000000000000e+07
6.035979520235358179e+07,-1.656731930000000249e-09,1.019600000000000080e+02,6.307000000000000000e+07,6.970000000000000000e+07
6.039214649897909164e+07,-1.655844440000000280e-09,1.019650000000000034e+02,6.307000000000000000e+07,6.970000000000000000e+07
6.037620910981238633e+07,-1.656281530000000190e-09,1.019699999999999989e+02,6.307000000000000000e+07,6.970000000000000000e+07
6.035652733481032401e+07,-1.656821630000000098e-09,1.019750000000000085e+02,6.307000000000000000e+07,6.970000000000000000e+07
6.035774482002138346e+07,-1.656788210000000116e-09,1.019800000000000040e+02,6.307000000000000000e+07,6.970000000000000000e+07
6.032153016322619468e+07,-1.657782880000000254e-09,1.019849999999999994e+02,6.307000000000000000e+07,6.970000000000000000e+07
6.027541633932846040e+07,-1.659051170000000015e-09,1.019900000000000091e+02,6.307000000000000000e+07,6.970000000000000000e+07
6.025389085583698750e+07,-1.659643860000000103e-09,1.019950000000000045e+02,6.307000000000000000e+07,6.970000000000000000e+07
6.023011953124969453e+07,-1.660298880000000124e-09,1.020000000000000000e+02,6.307000000000000000e+07,6.970000000000000000e+07
6.019377266288015991e+07,-1.661301420000000165e-09,1.020049999999999955e+02,6.307000000000000000e+07,6.970000000000000000e+07
6.019657468367196620e+07,-1.661224089999999999e-09,1.020100000000000051e+02,6.307000000000000000e+07,6.970000000000000000e+07
6.022138537514502555e+07,-1.660539680000000163e-09,1.020150000000000006e+02,6.307000000000000000e+07,6.970000000000000000e+07
6.019691603132785112e+07,-1.661214670000000015e-09,1.020199999999999960e+02,6.307000000000000000e+07,6.970000000000000000e+07
6.018596729625742137e+07,-1.661516870000000188e-09,1.020250000000000057e+02,6.307000000000000000e+07,6.970000000000000000e+07
6.018432569171545655e+07,-1.661562190000000035e-09,1.020300000000000011e+02,6.307000000000000000e+07,6.970000000000000000e+07
6.013710092350801826e+07,-1.662866990000000103e-09,1.020349999999999966e+02,6.307000000000000000e+07,6.970000000000000000e+07
6.007947023941812664e+07,-1.664462080000000228e-09,1.020400000000000063e+02,6.307000000000000000e+07,6.970000000000000000e+07
6.006890407876629382e+07,-1.664754860000000004e-09,1.020450000000000017e+02,6.307000000000000000e+07,6.970000000000000000e+07
6.004951659118302912e+07,-1.665292340000000028e-09,1.020499999999999972e+02,6.307000000000000000e+07,6.970000000000000000e+07
6.002066811706611514e+07,-1.666092750000000032e-09,1.020550000000000068e+02,6.307000000000000000e+07,6.970000000000000000e+07
6.003180869428199530e+07,-1.665783559999999946e-09,1.020600000000000023e+02,6.307000000000000000e+07,6.970000000000000000e+07
6.003537127983842790e+07,-1.665684710000000076e-09,1.020649999999999977e+02,6.307000000000000000e+07,6.970000000000000000e+07
6.001017844638665020e+07,-1.666383980000000140e-09,1.020700000000000074e+02,6.307000000000000000e+07,6.970000000000000000e+07
6.002059066383313388e+07,-1.666094900000000096e-09,1.020750000000000028e+02,6.307000000000000000e+07,6.970000000000000000e+07
6.006164511032201350e+07,-1.664956060000000034e-09,1.020799999999999983e+02,6.307000000000000000e+07,6.970000000000000000e+07
6.005759427198532969e+07,-1.665068360000000056e-09,1.020850000000000080e+02,6.307000000000000000e+07,6.970000000000000000e+07
6.005237768381582201e+07,-1.665213000000000213e-09,1.020900000000000034e+02,6.307000000000000000e+07,6.970000000000000000e+07
6.010069860030341148e+07,-1.663874170000000134e-09,1.020949999999999989e+02,6.307000000000000000e+07,6.970000000000000000e+07
6.014078777996927500e+07,-1.662765050000000115e-09,1.021000000000000085e+02,6.307000000000000000e+07,6.970000000000000000e+07
6.016662110850115865e+07,-1.662051120000000299e-09,1.021050000000000040e+02,6.307000000000000000e+07,6.970000000000000000e+07
6.020335670437674224e+07,-1.661036950000000149e-09,1.021099999999999994e+02,6.307000000000000000e+07,6.970000000000000000e+07
6.021577697434676439e+07,-1.660694340000000081e-09,1.021150000000000091e+02,6.307000000000000000e+07,6.970000000000000000e+07
6.017778913987928629e+07,-1.661742669999999995e-09,1.021200000000000045e+02,6.307000000000000000e+07,6.970000000000000000e+07
6.014754023205811530e+07,-1.662578380000000085e-09,1.021250000000000000e+02,6.307000000000000000e+07,6.970000000000000000e+07
6.012642446564414352e+07,-1.663162260000000011e-09,1.021299999999999955e+02,6.307000000000000000e+07,6.970000000000000000e+07
6.006644874919458479e+07,-1.664822910000000189e-09,1.021350000000000051e+02,6.307000000000000000e+07,6.970000000000000000e+07
6.000596279252269119e+07,-1.666501050000000112e-09,1.021400000000000006e+02,6.307000000000000000e+07,6.970000000000000000e+07
5.999713621669410169e+07,-1.666746220000000179e-09,1.021449999999999960e+02,6.307000000000000000e+07,6.970000000000000000e+07
5.996867176618263125e+07,-1.667537349999999996e-09,1.021500000000000057e+02,6.307000000000000000e+07,6.970000000000000000e+07
5.992631208974932879e+07,-1.668716070000000280e-09,1.021550000000000011e+02,6.307000000000000000e+07,6.970000000000000000e+07
5.992016464958714694e+07,-1.668887270000000053e-09,1.021599999999999966e+02,6.307000000000000000e+07,6.970000000000000000e+07
5.992111361424238980e+07,-1.668860840000000190e-09,1.021650000000000063e+02,6.307000000000000000e+07,6.970000000000000000e+07
5.988745613872656226e+07,-1.669798760000000022e-09,1.021700000000000017e+02,6.307000000000000000e+07,6.970000000000000000e+07
5.987222775644506514e+07,-1.670223470000000204e-09,1.021749999999999972e+02,6.307000000000000000e+07,6.970000000000000000e+07
5.987719582326141000e+07,-1.670084890000000159e-09,1.021800000000000068e+02,6.307000000000000000e+07,6.970000000000000000e+07
5.985508927263862640e+07,-1.670701709999999997e-09,1.021850000000000023e+02,6.307000000000000000e+07,6.970000000000000000e+07
5.983793875630050898e+07,-1.671180560000000233e-09,1.021899999999999977e+02,6.307000000000000000e+07,6.970000000000000000e+07
5.986317528984133154e+07,-1.670476040000000149e-09,1.021950000000000074e+02,6.307000000000000000e+07,6.970000000000000000e+07
5.985543858126904070e+07,-1.670691960000000198e-09,1.022000000000000028e+02,6.307000000000000000e+07,6.970000000000000000e+07
5.982998734727393836e+07,-1.671402660000000101e-09,1.022049999999999983e+02,6.307000000000000000e+07,6.970000000000000000e+07
5.985789352985494584e+07,-1.670623439999999987e-09,1.022100000000000080e+02,6.307000000000000000e+07,6.970000000000000000e+07
5.988588600695247948e+07,-1.669842540000000246e-09,1.022150000000000034e+02,6.307000000000000000e+07,6.970000000000000000e+07
5.986488865792217106e+07,-1.670428229999999963e-09,1.022199999999999989e+02,6.307000000000000000e+07,6.970000000000000000e+07
5.986216078994346410e+07,-1.670504350000000116e-09,1.022250000000000085e+02,6.307000000000000000e+07,6.970000000000000000e+07
5.988083904648434371e+07,-1.669983280000000194e-09,1.022300000000000040e+02,6.307000000000000000e+07,6.970000000000000000e+07
5.986152938772784173e+07,-1.670521970000000025e-09,1.022349999999999994e+02,6.307000000000000000e+07,6.970000000000000000e+07
5.983859866427203268e+07,-1.671162130000000024e-09,1.022400000000000091e+02,6.307000000000000000e+07,6.970000000000000000e+07
5.984305082745585591e+07,-1.671037799999999972e-09,1.022450000000000045e+02,6.307000000000000000e+07,6.970000000000000000e+07
5.981753319491755962e+07,-1.671750649999999940e-09,1.022500000000000000e+02,6.307000000000000000e+07,6.970000000000000000e+07
5.977541313283640146e+07,-1.672928630000000030e-09,1.022549999999999955e+02,6.307000000000000000e+07,6.970000000000000000e+07
5.977075453082343191e+07,-1.673059019999999988e-09,1.022600000000000051e+02,6.307000000000000000e+07,6.970000000000000000e+07
5.976482148298622668e+07,-1.673225110000000158e-09,1.022650000000000006e+02,6.307000000000000000e+07,6.970000000000000000e+07
5.971472282435065508e+07,-1.674628890000000056e-09,1.022699999999999960e+02,6.307000000000000000e+07,6.970000000000000000e+07
5.968107163427715749e+07,-1.675573130000000124e-09,1.022750000000000057e+02,6.307000000000000000e+07,6.970000000000000000e+07
5.964687451749406755e+07,-1.676533780000000088e-09,1.022800000000000011e+02,6.307000000000000000e+07,6.970000000000000000e+07
5.957839503656204045e+07,-1.678460790000000016e-09,1.022849999999999966e+02,6.307000000000000000e+07,6.970000000000000000e+07
5.954371236409408599e+07,-1.679438450000000067e-09,1.022900000000000063e+02,6.307000000000000000e+07,6.970000000000000000e+07
5.955936114461275190e+07,-1.678997190000000193e-09,1.022950000000000017e+02,6.307000000000000000e+07,6.970000000000000000e+07
5.954522631130869687e+07,-1.679395750000000104e-09,1.022999999999999972e+02,6.307000000000000000e+07,6.970000000000000000e+07
5.952385735548061877e+07,-1.679998649999999972e-09,1.023050000000000068e+02,6.307000000000000000e+07,6.970000000000000000e+07
5.951914967038324475e+07,-1.680131530000000061e-09,1.023100000000000023e+02,6.307000000000000000e+07,6.970000000000000000e+07
5.950261278055310249e+07,-1.680598470000000181e-09,1.023149999999999977e+02,6.307000000000000000e+07,6.970000000000000000e+07
5.944806596447760612e+07,-1.682140510000000146e-09,1.023200000000000074e+02,6.307000000000000000e+07,6.970000000000000000e+07
5.939789658980637789e+07,-1.683561300000000130e-09,1.023250000000000028e+02,6.307000000000000000e+07,6.970000000000000000e+07
5.936303745750674605e+07,-1.684549920000000201e-09,1.023299999999999983e+02,6.307000000000000000e+07,6.970000000000000000e+07
5.930162011966865510e+07,-1.686294570000000066e-09,1.023350000000000080e+02,6.307000000000000000e+07,6.970000000000000000e+07
5.924447675295904279e+07,-1.687921060000000275e-09,1.023400000000000034e+02,6.307000000000000000e+07,6.970000000000000000e+07
5.924898276458349079e+07,-1.687792690000000010e-09,1.023449999999999989e+02,6.307000000000000000e+07,6.970000000000000000e+07
5.922261739237509668e+07,-1.688544080000000021e-09,1.023500000000000085e+02,6.307000000000000000e+07,6.970000000000000000e+07
5.917256855344732851e+07,-1.689972270000000090e-09,1.023550000000000040e+02,6.307000000000000000e+07,6.970000000000000000e+07
5.914852725756664574e+07,-1.690659170000000058e-09,1.023599999999999994e+02,6.307000000000000000e+07,6.970000000000000000e+07
5.911446787230939418e+07,-1.691633259999999922e-09,1.023650000000000091e+02,6.307000000000000000e+07,6.970000000000000000e+07
5.904181289823075384e+07,-1.693714930000000182e-09,1.023700000000000045e+02,6.307000000000000000e+07,6.970000000000000000e+07
5.899431796226546913e+07,-1.695078500000000042e-09,1.023750000000000000e+02,6.307000000000000000e+07,6.970000000000000000e+07
5.896600654536824673e+07,-1.695892359999999990e-09,1.023799999999999955e+02,6.307000000000000000e+07,6.970000000000000000e+07
5.889564713167744875e+07,-1.697918349999999955e-09,1.023850000000000051e+02,6.307000000000000000e+07,6.970000000000000000e+07
5.881319039885253459e+07,-1.700298850000000059e-09,1.023900000000000006e+02,6.307000000000000000e+07,6.970000000000000000e+07
5.876584416776675731e+07,-1.701668739999999948e-09,1.023949999999999960e+02,6.307000000000000000e+07,6.970000000000000000e+07
5.870818199318023771e+07,-1.703340090000000022e-09,1.024000000000000057e+02,6.307000000000000000e+07,6.970000000000000000e+07
5.864216334365276992e+07,-1.705257690000000218e-09,1.024050000000000011e+02,6.307000000000000000e+07,6.970000000000000000e+07
5.861642551234199852e+07,-1.706006450000000094e-09,1.024099999999999966e+02,6.307000000000000000e+07,6.970000000000000000e+07
5.859626036908436567e+07,-1.706593550000000095e-09,1.024150000000000063e+02,6.307000000000000000e+07,6.970000000000000000e+07
5.855939073498149216e+07,-1.707668040000000117e-09,1.024200000000000017e+02,6.307000000000000000e+07,6.970000000000000000e+07
5.854732140237673372e+07,-1.708020069999999962e-09,1.024249999999999972e+02,6.307000000000000000e+07,6.970000000000000000e+07
5.854790481785146147e+07,-1.708003050000000244e-09,1.024300000000000068e+02,6.307000000000000000e+07,6.970000000000000000e+07
5.850069915355572850e+07,-1.709381280000000062e-09,1.024350000000000023e+02,6.307000000000000000e+07,6.970000000000000000e+07
5.845565559227778763e+07,-1.710698460000000064e-09,1.024399999999999977e+02,6.307000000000000000e+07,6.970000000000000000e+07
5.844703117107002437e+07,-1.710950890000000005e-09,1.024450000000000074e+02,6.307000000000000000e+07,6.970000000000000000e+07
5.842031446323291957e+07,-1.711733340000000240e-09,1.024500000000000028e+02,6.307000000000000000e+07,6.970000000000000000e+07
5.839107958075858653e+07,-1.712590360000000133e-09,1.024549999999999983e+02,6.307000000000000000e+07,6.970000000000000000e+07
5.840912628112678975e+07,-1.712061220000000244e-09,1.024600000000000080e+02,6.307000000000000000e+07,6.970000000000000000e+07
5.842437442933627218e+07,-1.711614390000000165e-09,1.024650000000000034e+02,6.307000000000000000e+07,6.970000000000000000e+07
5.839912340112616867e+07,-1.712354470000000046e-09,1.024699999999999989e+02,6.307000000000000000e+07,6.970000000000000000e+07
5.840828191589000821e+07,-1.712085970000000069e-09,1.024750000000000085e+02,6.307000000000000000e+07,6.970000000000000000e+07
5.843865244675040990e+07,-1.711196200000000076e-09,1.024800000000000040e+02,6.307000000000000000e+07,6.970000000000000000e+07
5.844464925267820805e+07,-1.711020620000000024e-09,1.024849999999999994e+02,6.307000000000000000e+07,6.970000000000000000e+07
5.847075368620242178e+07,-1.710256730000000163e-09,1.024900000000000091e+02,6.307000000000000000e+07,6.970000000000000000e+07
5.852440052856663615e+07,-1.708689010000000160e-09,1.024950000000000045e+02,6.307000000000000000e+07,6.970000000000000000e+07
5.854440587038104981e+07,-1.708105130000000235e-09,1.025000000000000000e+02,6.307000000000000000e+07,6.970000000000000000e+07
5.855159993827724457e+07,-1.707895260000000046e-09,1.025049999999999955e+02,6.307000000000000000e+07,6.970000000000000000e+07
5.859762488239383698e+07,-1.706553810000000083e-09,1.025100000000000051e+02,6.307000000000000000e+07,6.970000000000000000e+07
5.862957725213678181e+07,-1.705623759999999947e-09,1.025150000000000006e+02,6.307000000000000000e+07,6.970000000000000000e+07
5.863478782377565652e+07,-1.705472190000000145e-09,1.025199999999999960e+02,6.307000000000000000e+07,6.970000000000000000e+07
5.869344540244146436e+07,-1.703767760000000155e-09,1.025250000000000057e+02,6.307000000000000000e+07,6.970000000000000000e+07
5.877512291200640798e+07,-1.701400100000000174e-09,1.025300000000000011e+02,6.307000000000000000e+07,6.970000000000000000e+07
5.882041815764662623e+07,-1.700089920000000129e-09,1.025349999999999966e+02,6.307000000000000000e+07,6.970000000000000000e+07
5.887080717180892080e+07,-1.698634770000000110e-09,1.025400000000000063e+02,6.307000000000000000e+07,6.970000000000000000e+07
5.894581979647494107e+07,-1.696473139999999962e-09,1.025450000000000017e+02,6.307000000000000000e+07,6.970000000000000000e+07
5.898599210097344965e+07,-1.695317760000000045e-09,1.025499999999999972e+02,6.307000000000000000e+07,6.970000000000000000e+07
5.900832787481713295e+07,-1.694676050000000172e-09,1.025550000000000068e+02,6.307000000000000000e+07,6.970000000000000000e+07
5.907095226504110545e+07,-1.692879430000000201e-09,1.025600000000000023e+02,6.307000000000000000e+07,6.970000000000000000e+07
5.911115455386895686e+07,-1.691728080000000245e-09,1.025649999999999977e+02,6.307000000000000000e+07,6.970000000000000000e+07
5.910404346010153741e+07,-1.691931620000000153e-09,1.025700000000000074e+02,6.307000000000000000e+07,6.970000000000000000e+07
5.911414358260344714e+07,-1.691642540000000109e-09,1.025750000000000028e+02,6.307000000000000000e+07,6.970000000000000000e+07
5.913414262704599649e+07,-1.691070430000000089e-09,1.025799999999999983e+02,6.307000000000000000e+07,6.970000000000000000e+07
5.911001968269079179e+07,-1.691760560000000176e-09,1.025850000000000080e+02,6.307000000000000000e+07,6.970000000000000000e+07
5.908379456949855387e+07,-1.692511469999999911e-09,1.025900000000000034e+02,6.307000000000000000e+07,6.970000000000000000e+07
5.908941020744270831e+07,-1.692350620000000128e-09,1.025949999999999989e+02,6.307000000000000000e+07,6.970000000000000000e+07
5.907512445932452381e+07,-1.692759870000000098e-09,1.026000000000000085e+02,6.307000000000000000e+07,6.970000000000000000e+07
5.903836725191833079e+07,-1.693813780000000053e-09,1.026050000000000040e+02,6.307000000000000000e+07,6.970000000000000000e+07
5.902967283523993194e+07,-1.694063260000000088e-09,1.026099999999999994e+02,6.307000000000000000e+07,6.970000000000000000e+07
5.902085731584390253e+07,-1.694316290000000014e-09,1.026150000000000091e+02,6.307000000000000000e+07,6.970000000000000000e+07
5.899422642974027246e+07,-1.695081129999999970e-09,1.026200000000000045e+02,6.307000000000000000e+07,6.970000000000000000e+07
5.900187576993391663e+07,-1.694861369999999979e-09,1.026250000000000000e+02,6.307000000000000000e+07,6.970000000000000000e+07
5.903026590348560363e+07,-1.694046240000000163e-09,1.026299999999999955e+02,6.307000000000000000e+07,6.970000000000000000e+07
5.901432236884009838e+07,-1.694503909999999934e-09,1.026350000000000051e+02,6.307000000000000000e+07,6.970000000000000000e+07
5.899899659226515144e+07,-1.694944080000000123e-09,1.026400000000000006e+02,6.307000000000000000e+07,6.970000000000000000e+07
5.901288927660618722e+07,-1.694545060000000230e-09,1.026449999999999960e+02,6.307000000000000000e+07,6.970000000000000000e+07
5.899760148791007698e+07,-1.694984159999999996e-09,1.026500000000000057e+02,6.307000000000000000e+07,6.970000000000000000e+07
5.896900664491071552e+07,-1.695806080000000280e-09,1.026550000000000011e+02,6.307000000000000000e+07,6.970000000000000000e+07
5.898892394469551742e+07,-1.695233500000000234e-09,1.026599999999999966e+02,6.307000000000000000e+07,6.970000000000000000e+07
5.902627807991460711e+07,-1.694160690000000044e-09,1.026650000000000063e+02,6.307000000000000000e+07,6.970000000000000000e+07
5.903691661047336459e+07,-1.693855399999999961e-09,1.026700000000000017e+02,6.307000000000000000e+07,6.970000000000000000e+07
5.907116337312835455e+07,-1.692873380000000134e-09,1.026749999999999972e+02,6.307000000000000000e+07,6.970000000000000000e+07
5.910004566246828437e+07,-1.692046070000000033e-09,1.026800000000000068e+02,6.307000000000000000e+07,6.970000000000000000e+07
5.908016112057956308e+07,-1.692615559999999963e-09,1.026850000000000023e+02,6.307000000000000000e+07,6.970000000000000000e+07
5.906431970339693874e+07,-1.693069530000000208e-09,1.026899999999999977e+02,6.307000000000000000e+07,6.970000000000000000e+07
5.908120304288756102e+07,-1.692585709999999960e-09,1.026950000000000074e+02,6.307000000000000000e+07,6.970000000000000000e+07
5.907480060113335401e+07,-1.692769150000000078e-09,1.027000000000000028e+02,6.307000000000000000e+07,6.970000000000000000e+07
5.905910297207376361e+07,-1.693219080000000111e-09,1.027049999999999983e+02,6.307000000000000000e+07,6.970000000000000000e+07
5.906919262443631142e+07,-1.692929860000000064e-09,1.027100000000000080e+02,6.307000000000000000e+07,6.970000000000000000e+07
5.905617844764491916e+07,-1.693302930000000163e-09,1.027150000000000034e+02,6.307000000000000000e+07,6.970000000000000000e+07
5.902482315498954058e+07,-1.694202449999999956e-09,1.027199999999999989e+02,6.307000000000000000e+07,6.970000000000000000e+07
5.903206539147173613e+07,-1.693994600000000080e-09,1.027250000000000085e+02,6.307000000000000000e+07,6.970000000000000000e+07
5.904738290307591110e+07,-1.693555160000000248e-09,1.027300000000000040e+02,6.307000000000000000e+07,6.970000000000000000e+07
5.902847105487272143e+07,-1.694097750000000081e-09,1.027349999999999994e+02,6.307000000000000000e+07,6.970000000000000000e+07
5.902324428026250005e+07,-1.694247770000000216e-09,1.027400000000000091e+02,6.307000000000000000e+07,6.970000000000000000e+07
5.903552668261758983e+07,-1.693895280000000184e-09,1.027450000000000045e+02,6.307000000000000000e+07,6.970000000000000000e+07
5.902410617095672339e+07,-1.694223030000000229e-09,1.027500000000000000e+02,6.307000000000000000e+07,6.970000000000000000e+07
5.900662105624011159e+07,-1.694725070000000165e-09,1.027549999999999955e+02,6.307000000000000000e+07,6.970000000000000000e+07
5.903628123663511127e+07,-1.693873630000000106e-09,1.027600000000000051e+02,6.307000000000000000e+07,6.970000000000000000e+07
5.905392482571193576e+07,-1.693367550000000166e-09,1.027650000000000006e+02,6.307000000000000000e+07,6.970000000000000000e+07
5.902448347379390150e+07,-1.694212199999999962e-09,1.027699999999999960e+02,6.307000000000000000e+07,6.970000000000000000e+07
5.901983807258206606e+07,-1.694345550000000077e-09,1.027750000000000057e+02,6.307000000000000000e+07,6.970000000000000000e+07
5.902086184434432536e+07,-1.694316160000000262e-09,1.027800000000000011e+02,6.307000000000000000e+07,6.970000000000000000e+07
5.899460335066928715e+07,-1.695070300000000116e-09,1.027849999999999966e+02,6.307000000000000000e+07,6.970000000000000000e+07
5.898135310419745743e+07,-1.695451100000000116e-09,1.027900000000000063e+02,6.307000000000000000e+07,6.970000000000000000e+07
5.900070749518378079e+07,-1.694894930000000172e-09,1.027950000000000017e+02,6.307000000000000000e+07,6.970000000000000000e+07
5.899500115886830539e+07,-1.695058870000000071e-09,1.027999999999999972e+02,6.307000000000000000e+07,6.970000000000000000e+07
5.898316596260329336e+07,-1.695398990000000007e-09,1.028050000000000068e+02,6.307000000000000000e+07,6.970000000000000000e+07
5.900257097802779824e+07,-1.694841400000000148e-09,1.028100000000000023e+02,6.307000000000000000e+07,6.970000000000000000e+07
5.900416510991552472e+07,-1.694795610000000069e-09,1.028149999999999977e+02,6.307000000000000000e+07,6.970000000000000000e+07
5.897265912526267022e+07,-1.695701050000000176e-09,1.028200000000000074e+02,6.307000000000000000e+07,6.970000000000000000e+07
5.897754962954904139e+07,-1.695560439999999980e-09,1.028250000000000028e+02,6.307000000000000000e+07,6.970000000000000000e+07
5.899110927294814587e+07,-1.695170700000000068e-09,1.028299999999999983e+02,6.307000000000000000e+07,6.970000000000000000e+07
5.895869881830731034e+07,-1.696102559999999994e-09,1.028350000000000080e+02,6.307000000000000000e+07,6.970000000000000000e+07
5.893423077751329541e+07,-1.696806740000000011e-09,1.028400000000000034e+02,6.307000000000000000e+07,6.970000000000000000e+07
5.893320306266662478e+07,-1.696836330000000097e-09,1.028449999999999989e+02,6.307000000000000000e+07,6.970000000000000000e+07
5.890401724690775573e+07,-1.697677080000000097e-09,1.028500000000000085e+02,6.307000000000000000e+07,6.970000000000000000e+07
5.886866782853794098e+07,-1.698696500000000060e-09,1.028550000000000040e+02,6.307000000000000000e+07,6.970000000000000000e+07
5.887426378910616785e+07,-1.698535040000000248e-09,1.028599999999999994e+02,6.307000000000000000e+07,6.970000000000000000e+07
5.886226251174044609e+07,-1.698881350000000048e-09,1.028650000000000091e+02,6.307000000000000000e+07,6.970000000000000000e+07
5.882512253449498862e+07,-1.699953960000000174e-09,1.028700000000000045e+02,6.307000000000000000e+07,6.970000000000000000e+07
5.882159072133640200e+07,-1.700056030000000120e-09,1.028750000000000000e+02,6.307000000000000000e+07,6.970000000000000000e+07
5.881913389248841256e+07,-1.700127040000000050e-09,1.028799999999999955e+02,6.307000000000000000e+07,6.970000000000000000e+07
5.877483929768746346e+07,-1.701408309999999938e-09,1.028850000000000051e+02,6.307000000000000000e+07,6.970000000000000000e+07
5.873599998806484044e+07,-1.702533370000000240e-09,1.028900000000000006e+02,6.307000000000000000e+07,6.970000000000000000e+07
5.871937850470281392e+07,-1.703015299999999927e-09,1.028949999999999960e+02,6.307000000000000000e+07,6.970000000000000000e+07
5.866625759858568013e+07,-1.704557340000000098e-09,1.029000000000000057e+02,6.307000000000000000e+07,6.970000000000000000e+07
5.860737713092321157e+07,-1.706269840000000055e-09,1.029050000000000011e+02,6.307000000000000000e+07,6.970000000000000000e+07
5.859878858021181822e+07,-1.706519920000000281e-09,1.029099999999999966e+02,6.307000000000000000e+07,6.970000000000000000e+07
5.857830546365009993e+07,-1.707116640000000123e-09,1.029150000000000063e+02,6.307000000000000000e+07,6.970000000000000000e+07
5.853895125326304138e+07,-1.708264290000000140e-09,1.029200000000000017e+02,6.307000000000000000e+07,6.970000000000000000e+07
5.852259966353368014e+07,-1.708741590000000088e-09,1.029249999999999972e+02,6.307000000000000000e+07,6.970000000000000000e+07
5.851539662675005943e+07,-1.708951930000000096e-09,1.029300000000000068e+02,6.307000000000000000e+07,6.970000000000000000e+07
5.847915734996224940e+07,-1.710010960000000112e-09,1.029350000000000023e+02,6.307000000000000000e+07,6.970000000000000000e+07
5.846166033161500096e+07,-1.710522750000000053e-09,1.029399999999999977e+02,6.307000000000000000e+07,6.970000000000000000e+07
5.847598427873162925e+07,-1.710103750000000077e-09,1.029450000000000074e+02,6.307000000000000000e+07,6.970000000000000000e+07
5.845900143081328273e+07,-1.710600550000000245e-09,1.029500000000000028e+02,6.307000000000000000e+07,6.970000000000000000e+07
5.843405304277538508e+07,-1.711330889999999957e-09,1.029549999999999983e+02,6.307000000000000000e+07,6.970000000000000000e+07
5.844649827127824724e+07,-1.710966490000000015e-09,1.029600000000000080e+02,6.307000000000000000e+07,6.970000000000000000e+07
5.844127295214518160e+07,-1.711119470000000101e-09,1.029650000000000034e+02,6.307000000000000000e+07,6.970000000000000000e+07
5.841950185515509546e+07,-1.711757150000000013e-09,1.029699999999999989e+02,6.307000000000000000e+07,6.970000000000000000e+07
5.842502878688805550e+07,-1.711595220000000176e-09,1.029750000000000085e+02,6.307000000000000000e+07,6.970000000000000000e+07
5.841795519783306867e+07,-1.711802470000000273e-09,1.029800000000000040e+02,6.307000000000000000e+07,6.970000000000000000e+07
5.838557509166739136e+07,-1.712751820000000151e-09,1.029849999999999994e+02,6.307000000000000000e+07,6.970000000000000000e+07
5.837191176760987937e+07,-1.713152730000000191e-09,1.029900000000000091e+02,6.307000000000000000e+07,6.970000000000000000e+07
5.838039746915839612e+07,-1.712903719999999975e-09,1.029950000000000045e+02,6.307000000000000000e+07,6.970000000000000000e+07
5.836076731966509670e+07,-1.713479870000000208e-09,1.030000000000000000e+02,6.307000000000000000e+07,6.970000000000000000e+07
5.833616608894513547e+07,-1.714202470000000182e-09,1.030049999999999955e+02,6.307000000000000000e+07,6.970000000000000000e+07
5.834516325277155638e+07,-1.713938130000000125e-09,1.030100000000000051e+02,6.307000000000000000e+07,6.970000000000000000e+07
5.833775640479435027e+07,-1.714155740000000051e-09,1.030150000000000006e+02,6.307000000000000000e+07,6.970000000000000000e+07
5.830345606737510115e+07,-1.715164190000000157e-09,1.030199999999999960e+02,6.307000000000000000e+07,6.970000000000000000e+07
5.831156484868779033e+07,-1.714925679999999979e-09,1.030250000000000057e+02,6.307000000000000000e+07,6.970000000000000000e+07
5.833319804892485589e+07,-1.714289690000000151e-09,1.030300000000000011e+02,6.307000000000000000e+07,6.970000000000000000e+07
5.832622015915381908e+07,-1.714494780000000139e-09,1.030349999999999966e+02,6.307000000000000000e+07,6.970000000000000000e+07
5.835399361340048164e+07,-1.713678770000000126e-09,1.030400000000000063e+02,6.307000000000000000e+07,6.970000000000000000e+07
5.839857977924297750e+07,-1.712370409999999916e-09,1.030450000000000017e+02,6.307000000000000000e+07,6.970000000000000000e+07
5.840060494149827212e+07,-1.712311030000000095e-09,1.030499999999999972e+02,6.307000000000000000e+07,6.970000000000000000e+07
5.838866983276504278e+07,-1.712661040000000040e-09,1.030550000000000068e+02,6.307000000000000000e+07,6.970000000000000000e+07
5.840249926720924675e+07,-1.712255490000000009e-09,1.030600000000000023e+02,6.307000000000000000e+07,6.970000000000000000e+07
5.840381827343571931e+07,-1.712216820000000214e-09,1.030649999999999977e+02,6.307000000000000000e+07,6.970000000000000000e+07
5.838146768581093103e+07,-1.712872320000000099e-09,1.030700000000000074e+02,6.307000000000000000e+07,6.970000000000000000e+07
5.839389052285375446e+07,-1.712507920000000158e-09,1.030750000000000028e+02,6.307000000000000000e+07,6.970000000000000000e+07
5.842170287743127346e+07,-1.711692660000000176e-09,1.030799999999999983e+02,6.307000000000000000e+07,6.970000000000000000e+07
5.843226217219106108e+07,-1.711383340000000132e-09,1.030850000000000080e+02,6.307000000000000000e+07,6.970000000000000000e+07
5.845808214991522580e+07,-1.710627450000000134e-09,1.030900000000000034e+02,6.307000000000000000e+07,6.970000000000000000e+07
5.850019059947099537e+07,-1.709396140000000084e-09,1.030949999999999989e+02,6.307000000000000000e+07,6.970000000000000000e+07
5.851185329028124362e+07,-1.709055420000000164e-09,1.031000000000000085e+02,6.307000000000000000e+07,6.970000000000000000e+07
5.852658411476369947e+07,-1.708625260000000105e-09,1.031050000000000040e+02,6.307000000000000000e+07,6.970000000000000000e+07
5.858546599222375453e+07,-1.706907989999999992e-09,1.031099999999999994e+02,6.307000000000000000e+07,6.970000000000000000e+07
5.862320289252511412e+07,-1.705809219999999964e-09,1.031150000000000091e+02,6.307000000000000000e+07,6.970000000000000000e+07
5.862161312750831246e+07,-1.705855480000000276e-09,1.031200000000000045e+02,6.307000000000000000e+07,6.970000000000000000e+07
5.864695068786685914e+07,-1.705118490000000099e-09,1.031250000000000000e+02,6.307000000000000000e+07,6.970000000000000000e+07
5.866734314024463296e+07,-1.704525800000000219e-09,1.031299999999999955e+02,6.307000000000000000e+07,6.970000000000000000e+07
5.865823017408571392e+07,-1.704790610000000301e-09,1.031350000000000051e+02,6.307000000000000000e+07,6.970000000000000000e+07
5.867839668158175796e+07,-1.704204710000000063e-09,1.031400000000000006e+02,6.307000000000000000e+07,6.970000000000000000e+07
5.872291426132716238e+07,-1.702912760000000162e-09,1.031449999999999960e+02,6.307000000000000000e+07,6.970000000000000000e+07
5.873164134052574635e+07,-1.702659720000000191e-09,1.031500000000000057e+02,6.307000000000000000e+07,6.970000000000000000e+07
5.872421536417737603e+07,-1.702875030000000005e-09,1.031550000000000011e+02,6.307000000000000000e+07,6.970000000000000000e+07
5.874698899651271850e+07,-1.702214900000000174e-09,1.031599999999999966e+02,6.307000000000000000e+07,6.970000000000000000e+07
5.876225420703952014e+07,-1.701772700000000041e-09,1.031650000000000063e+02,6.307000000000000000e+07,6.970000000000000000e+07
5.874762954783465713e+07,-1.702196340000000007e-09,1.031700000000000017e+02,6.307000000000000000e+07,6.970000000000000000e+07
5.876177804185059667e+07,-1.701786490000000053e-09,1.031749999999999972e+02,6.307000000000000000e+07,6.970000000000000000e+07
5.877747380354117602e+07,-1.701332049999999989e-09,1.031800000000000068e+02,6.307000000000000000e+07,6.970000000000000000e+07
5.875131298903051019e+07,-1.702089620000000026e-09,1.031850000000000023e+02,6.307000000000000000e+07,6.970000000000000000e+07
5.874131541225086898e+07,-1.702379310000000099e-09,1.031899999999999977e+02,6.307000000000000000e+07,6.970000000000000000e+07
5.876134608141149580e+07,-1.701799000000000153e-09,1.031950000000000074e+02,6.307000000000000000e+07,6.970000000000000000e+07
5.874817485576470941e+07,-1.702180540000000140e-09,1.032000000000000028e+02,6.307000000000000000e+07,6.970000000000000000e+07
5.872604038480566442e+07,-1.702822110000000217e-09,1.032049999999999983e+02,6.307000000000000000e+07,6.970000000000000000e+07
5.874434134851700813e+07,-1.702291620000000105e-09,1.032100000000000080e+02,6.307000000000000000e+07,6.970000000000000000e+07
5.874319946868420392e+07,-1.702324710000000272e-09,1.032150000000000034e+02,6.307000000000000000e+07,6.970000000000000000e+07
5.870980196367730945e+07,-1.703293090000000136e-09,1.032199999999999989e+02,6.307000000000000000e+07,6.970000000000000000e+07
5.871319798770847172e+07,-1.703194570000000080e-09,1.032250000000000085e+02,6.307000000000000000e+07,6.970000000000000000e+07
5.872238114651714265e+07,-1.702928220000000168e-09,1.032300000000000040e+02,6.307000000000000000e+07,6.970000000000000000e+07
5.869678578748898953e+07,-1.703670800000000225e-09,1.032349999999999994e+02,6.307000000000000000e+07,6.970000000000000000e+07
5.869436727765546739e+07,-1.703741000000000062e-09,1.032400000000000091e+02,6.307000000000000000e+07,6.970000000000000000e+07
5.872563446999304742e+07,-1.702833880000000122e-09,1.032450000000000045e+02,6.307000000000000000e+07,6.970000000000000000e+07
5.872830147092960030e+07,-1.702756549999999956e-09,1.032500000000000000e+02,6.307000000000000000e+07,6.970000000000000000e+07
5.873456416742031276e+07,-1.702574990000000148e-09,1.032549999999999955e+02,6.307000000000000000e+07,6.970000000000000000e+07
5.877547596556763351e+07,-1.701389880000000142e-09,1.032600000000000051e+02,6.307000000000000000e+07,6.970000000000000000e+07
5.879802663238976896e+07,-1.700737350000000046e-09,1.032650000000000006e+02,6.307000000000000000e+07,6.970000000000000000e+07
5.879854521815392375e+07,-1.700722350000000021e-09,1.032699999999999960e+02,6.307000000000000000e+07,6.970000000000000000e+07
5.882893890572337061e+07,-1.699843680000000258e-09,1.032750000000000057e+02,6.307000000000000000e+07,6.970000000000000000e+07
5.886591841334404796e+07,-1.698775840000000081e-09,1.032800000000000011e+02,6.307000000000000000e+07,6.970000000000000000e+07
5.886487194264978915e+07,-1.698806040000000195e-09,1.032849999999999966e+02,6.307000000000000000e+07,6.970000000000000000e+07
5.888473073708514124e+07,-1.698233120000000082e-09,1.032900000000000063e+02,6.307000000000000000e+07,6.970000000000000000e+07
5.892804696895340085e+07,-1.696984800000000151e-09,1.032950000000000017e+02,6.307000000000000000e+07,6.970000000000000000e+07
5.894892035376591235e+07,-1.696383910000000138e-09,1.032999999999999972e+02,6.307000000000000000e+07,6.970000000000000000e+07
5.896903446367379278e+07,-1.695805280000000232e-09,1.033050000000000068e+02,6.307000000000000000e+07,6.970000000000000000e+07
5.901879343702045828e+07,-1.694375540000000083e-09,1.033100000000000023e+02,6.307000000000000000e+07,6.970000000000000000e+07
5.904740382264389843e+07,-1.693554560000000057e-09,1.033149999999999977e+02,6.307000000000000000e+07,6.970000000000000000e+07
5.905342299800362438e+07,-1.693381940000000162e-09,1.033200000000000074e+02,6.307000000000000000e+07,6.970000000000000000e+07
5.909245081295080483e+07,-1.692263539999999956e-09,1.033250000000000028e+02,6.307000000000000000e+07,6.970000000000000000e+07
5.912711724746524543e+07,-1.691271360000000157e-09,1.033299999999999983e+02,6.307000000000000000e+07,6.970000000000000000e+07
5.912668479344975948e+07,-1.691283730000000254e-09,1.033350000000000080e+02,6.307000000000000000e+07,6.970000000000000000e+07
5.914387910177291930e+07,-1.690792040000000102e-09,1.033400000000000034e+02,6.307000000000000000e+07,6.970000000000000000e+07
5.918659740808869898e+07,-1.689571699999999909e-09,1.033449999999999989e+02,6.307000000000000000e+07,6.970000000000000000e+07
5.919011923713382334e+07,-1.689471170000000206e-09,1.033500000000000085e+02,6.307000000000000000e+07,6.970000000000000000e+07
5.917596860127840191e+07,-1.689875170000000156e-09,1.033550000000000040e+02,6.307000000000000000e+07,6.970000000000000000e+07
5.920527387317680568e+07,-1.689038720000000286e-09,1.033599999999999994e+02,6.307000000000000000e+07,6.970000000000000000e+07
5.921347277040328085e+07,-1.688804850000000098e-09,1.033650000000000091e+02,6.307000000000000000e+07,6.970000000000000000e+07
5.919755523568485677e+07,-1.689258950000000096e-09,1.033700000000000045e+02,6.307000000000000000e+07,6.970000000000000000e+07
5.921065319019567966e+07,-1.688885270000000174e-09,1.033750000000000000e+02,6.307000000000000000e+07,6.970000000000000000e+07
5.922237924641263485e+07,-1.688550870000000076e-09,1.033799999999999955e+02,6.307000000000000000e+07,6.970000000000000000e+07
5.921538723680426180e+07,-1.688750250000000064e-09,1.033850000000000051e+02,6.307000000000000000e+07,6.970000000000000000e+07
5.922800477275846153e+07,-1.688390490000000113e-09,1.033900000000000006e+02,6.307000000000000000e+07,6.970000000000000000e+07
5.925466741756551713e+07,-1.687630770000000010e-09,1.033949999999999960e+02,6.307000000000000000e+07,6.970000000000000000e+07
5.924607204911266267e+07,-1.687875610000000262e-09,1.034000000000000057e+02,6.307000000000000000e+07,6.970000000000000000e+07
5.923908637571211904e+07,-1.688074649999999976e-09,1.034050000000000011e+02,6.307000000000000000e+07,6.970000000000000000e+07
5.927559332957285643e+07,-1.687034990000000014e-09,1.034099999999999966e+02,6.307000000000000000e+07,6.970000000000000000e+07
5.928968303545722365e+07,-1.686634079999999973e-09,1.034150000000000063e+02,6.307000000000000000e+07,6.970000000000000000e+07
5.927972349802890420e+07,-1.686917450000000016e-09,1.034200000000000017e+02,6.307000000000000000e+07,6.970000000000000000e+07
5.931266315097182244e+07,-1.685980610000000239e-09,1.034249999999999972e+02,6.307000000000000000e+07,6.970000000000000000e+07
5.934281675854437798e+07,-1.685123920000000162e-09,1.034300000000000068e+02,6.307000000000000000e+07,6.970000000000000000e+07
5.935993088794478029e+07,-1.684638080000000221e-09,1.034350000000000023e+02,6.307000000000000000e+07,6.970000000000000000e+07
5.939684311480941623e+07,-1.683591160000000178e-09,1.034399999999999977e+02,6.307000000000000000e+07,6.970000000000000000e+07
5.944897388158080727e+07,-1.682114820000000063e-09,1.034450000000000074e+02,6.307000000000000000e+07,6.970000000000000000e+07
5.946382362197420001e+07,-1.681694750000000078e-09,1.034500000000000028e+02,6.307000000000000000e+07,6.970000000000000000e+07
5.947585251542085409e+07,-1.681354630000000142e-09,1.034549999999999983e+02,6.307000000000000000e+07,6.970000000000000000e+07
5.952237779804356396e+07,-1.680040410000000090e-09,1.034600000000000080e+02,6.307000000000000000e+07,6.970000000000000000e+07
5.954291145688023418e+07,-1.679461040000000196e-09,1.034650000000000034e+02,6.307000000000000000e+07,6.970000000000000000e+07
5.955637729062686116e+07,-1.679081310000000000e-09,1.034699999999999989e+02,6.307000000000000000e+07,6.970000000000000000e+07
5.961616276681377739e+07,-1.677397460000000077e-09,1.034750000000000085e+02,6.307000000000000000e+07,6.970000000000000000e+07
5.968413496557266265e+07,-1.675487130000000213e-09,1.034800000000000040e+02,6.307000000000000000e+07,6.970000000000000000e+07
5.971007367697643489e+07,-1.674759280000000013e-09,1.034849999999999994e+02,6.307000000000000000e+07,6.970000000000000000e+07
5.975179213101999462e+07,-1.673589970000000288e-09,1.034900000000000091e+02,6.307000000000000000e+07,6.970000000000000000e+07
5.981213677734168619e+07,-1.671901480000000168e-09,1.034950000000000045e+02,6.307000000000000000e+07,6.970000000000000000e+07
5.983921740835332870e+07,-1.671144849999999975e-09,1.035000000000000000e+02,6.307000000000000000e+07,6.970000000000000000e+07
5.986193431497208029e+07,-1.670510670000000145e-09,1.035049999999999955e+02,6.307000000000000000e+07,6.970000000000000000e+07
5.991576598241523653e+07,-1.669009790000000108e-09,1.035100000000000051e+02,6.307000000000000000e+07,6.970000000000000000e+07
5.993556722742123902e+07,-1.668458390000000113e-09,1.035150000000000006e+02,6.307000000000000000e+07,6.970000000000000000e+07
5.991816556701354682e+07,-1.668942949999999935e-09,1.035199999999999960e+02,6.307000000000000000e+07,6.970000000000000000e+07
5.992835050313535333e+07,-1.668659310000000137e-09,1.035250000000000057e+02,6.307000000000000000e+07,6.970000000000000000e+07
5.993011106266161054e+07,-1.668610290000000144e-09,1.035300000000000011e+02,6.307000000000000000e+07,6.970000000000000000e+07
5.987235537145525217e+07,-1.670219910000000062e-09,1.035349999999999966e+02,6.307000000000000000e+07,6.970000000000000000e+07
5.982113051264579594e+07,-1.671650120000000030e-09,1.035400000000000063e+02,6.307000000000000000e+07,6.970000000000000000e+07
5.980980827864280343e+07,-1.671966569999999989e-09,1.035450000000000017e+02,6.307000000000000000e+07,6.970000000000000000e+07
5.978524649220976979e+07,-1.672653470000000164e-09,1.035499999999999972e+02,6.307000000000000000e+07,6.970000000000000000e+07
5.976191558023438603e+07,-1.673306470000000079e-09,1.035550000000000068e+02,6.307000000000000000e+07,6.970000000000000000e+07
5.978690500214135647e+07,-1.672607070000000055e-09,1.035600000000000023e+02,6.307000000000000000e+07,6.970000000000000000e+07
5.980531527873063087e+07,-1.672092179999999953e-09,1.035649999999999977e+02,6.307000000000000000e+07,6.970000000000000000e+07
5.980654424976763129e+07,-1.672057820000000126e-09,1.035700000000000074e+02,6.307000000000000000e+07,6.970000000000000000e+07
5.985742846429746598e+07,-1.670636419999999906e-09,1.035750000000000028e+02,6.307000000000000000e+07,6.970000000000000000e+07
5.994034568963999301e+07,-1.668325380000000065e-09,1.035799999999999983e+02,6.307000000000000000e+07,6.970000000000000000e+07
6.000346147968583554e+07,-1.666570520000000212e-09,1.035850000000000080e+02,6.307000000000000000e+07,6.970000000000000000e+07
6.007297809554193914e+07,-1.664641959999999997e-09,1.035900000000000034e+02,6.307000000000000000e+07,6.970000000000000000e+07
6.013860613637378067e+07,-1.662825369999999988e-09,1.035949999999999989e+02,6.307000000000000000e+07,6.970000000000000000e+07
6.015287323387104273e+07,-1.662430980000000040e-09,1.036000000000000085e+02,6.307000000000000000e+07,6.970000000000000000e+07
6.015102647546228021e+07,-1.662482019999999932e-09,1.036050000000000040e+02,6.307000000000000000e+07,6.970000000000000000e+07
6.017564862639634311e+07,-1.661801780000000061e-09,1.036099999999999994e+02,6.307000000000000000e+07,6.970000000000000000e+07
6.017096146631771326e+07,-1.661931230000000173e-09,1.036150000000000091e+02,6.307000000000000000e+07,6.970000000000000000e+07
6.015120665967212617e+07,-1.662477040000000082e-09,1.036200000000000045e+02,6.307000000000000000e+07,6.970000000000000000e+07
6.017539044245466590e+07,-1.661808909999999976e-09,1.036250000000000000e+02,6.307000000000000000e+07,6.970000000000000000e+07
6.019491039752827585e+07,-1.661270020000000082e-09,1.036299999999999955e+02,6.307000000000000000e+07,6.970000000000000000e+07
6.017124169777514786e+07,-1.661923490000000022e-09,1.036350000000000051e+02,6.307000000000000000e+07,6.970000000000000000e+07
6.017676865615978837e+07,-1.661770850000000003e-09,1.036400000000000006e+02,6.307000000000000000e+07,6.970000000000000000e+07
6.019651887985860556e+07,-1.661225630000000035e-09,1.036449999999999960e+02,6.307000000000000000e+07,6.970000000000000000e+07
6.018178775609471649e+07,-1.661632260000000120e-09,1.036500000000000057e+02,6.307000000000000000e+07,6.970000000000000000e+07
6.017385659307525307e+07,-1.661851270000000286e-09,1.036550000000000011e+02,6.307000000000000000e+07,6.970000000000000000e+07
6.020634013220252842e+07,-1.660954640000000133e-09,1.036599999999999966e+02,6.307000000000000000e+07,6.970000000000000000e+07
6.020488734605971724e+07,-1.660994720000000005e-09,1.036650000000000063e+02,6.307000000000000000e+07,6.970000000000000000e+07
6.017574349959354103e+07,-1.661799159999999970e-09,1.036700000000000017e+02,6.307000000000000000e+07,6.970000000000000000e+07
6.017611358034431934e+07,-1.661788940000000145e-09,1.036749999999999972e+02,6.307000000000000000e+07,6.970000000000000000e+07
6.017292640003865957e+07,-1.661876960000000162e-09,1.036800000000000068e+02,6.307000000000000000e+07,6.970000000000000000e+07
6.013903652103564888e+07,-1.662813469999999917e-09,1.036850000000000023e+02,6.307000000000000000e+07,6.970000000000000000e+07
6.012602824376886338e+07,-1.663173220000000030e-09,1.036899999999999977e+02,6.307000000000000000e+07,6.970000000000000000e+07
6.013710092350801826e+07,-1.662866990000000103e-09,1.036950000000000074e+02,6.307000000000000000e+07,6.970000000000000000e+07
6.011315893399843574e+07,-1.663529280000000249e-09,1.037000000000000028e+02,6.307000000000000000e+07,6.970000000000000000e+07
6.009338608346788585e+07,-1.664076640000000032e-09,1.037049999999999983e+02,6.307000000000000000e+07,6.970000000000000000e+07
6.010283848096013814e+07,-1.663814930000000110e-09,1.037100000000000080e+02,6.307000000000000000e+07,6.970000000000000000e+07
6.009390068601935357e+07,-1.664062390000000039e-09,1.037150000000000034e+02,6.307000000000000000e+07,6.970000000000000000e+07
6.009863147002334148e+07,-1.663931400000000097e-09,1.037199999999999989e+02,6.307000000000000000e+07,6.970000000000000000e+07
6.014302528643131256e+07,-1.662703190000000000e-09,1.037250000000000085e+02,6.307000000000000000e+07,6.970000000000000000e+07
6.017190137437857687e+07,-1.661905270000000129e-09,1.037300000000000040e+02,6.307000000000000000e+07,6.970000000000000000e+07
6.016364885503191501e+07,-1.662133230000000045e-09,1.037349999999999994e+02,6.307000000000000000e+07,6.970000000000000000e+07
6.015531356035394967e+07,-1.662363540000000090e-09,1.037400000000000091e+02,6.307000000000000000e+07,6.970000000000000000e+07
6.014375271082928777e+07,-1.662683080000000166e-09,1.037450000000000045e+02,6.307000000000000000e+07,6.970000000000000000e+07
6.009599421616920829e+07,-1.664004420000000088e-09,1.037500000000000000e+02,6.307000000000000000e+07,6.970000000000000000e+07
6.005836327603092790e+07,-1.665047040000000002e-09,1.037549999999999955e+02,6.307000000000000000e+07,6.970000000000000000e+07
6.006791145920172334e+07,-1.664782370000000129e-09,1.037600000000000051e+02,6.307000000000000000e+07,6.970000000000000000e+07
6.007517194250130653e+07,-1.664581170000000099e-09,1.037650000000000006e+02,6.307000000000000000e+07,6.970000000000000000e+07
6.007407265321100503e+07,-1.664611630000000130e-09,1.037699999999999960e+02,6.307000000000000000e+07,6.970000000000000000e+07
6.010550812706710398e+07,-1.663741030000000127e-09,1.037750000000000057e+02,6.307000000000000000e+07,6.970000000000000000e+07
6.011704957880732417e+07,-1.663421620000000217e-09,1.037800000000000011e+02,6.307000000000000000e+07,6.970000000000000000e+07
6.007235919911553711e+07,-1.664659110000000294e-09,1.037849999999999966e+02,6.307000000000000000e+07,6.970000000000000000e+07
6.005112885222961754e+07,-1.665247630000000210e-09,1.037900000000000063e+02,6.307000000000000000e+07,6.970000000000000000e+07
6.004302587165120989e+07,-1.665472360000000213e-09,1.037950000000000017e+02,6.307000000000000000e+07,6.970000000000000000e+07
5.999850591720565408e+07,-1.666708170000000044e-09,1.037999999999999972e+02,6.307000000000000000e+07,6.970000000000000000e+07
5.995295707289135456e+07,-1.667974440000000113e-09,1.038050000000000068e+02,6.307000000000000000e+07,6.970000000000000000e+07
5.992801219448751956e+07,-1.668668730000000120e-09,1.038100000000000023e+02,6.307000000000000000e+07,6.970000000000000000e+07
5.988225938183891028e+07,-1.669943670000000141e-09,1.038149999999999977e+02,6.307000000000000000e+07,6.970000000000000000e+07
5.982731312718878686e+07,-1.671477370000000177e-09,1.038200000000000074e+02,6.307000000000000000e+07,6.970000000000000000e+07
5.981329376053917408e+07,-1.671869140000000240e-09,1.038250000000000028e+02,6.307000000000000000e+07,6.970000000000000000e+07
5.979558079444635659e+07,-1.672364390000000120e-09,1.038299999999999983e+02,6.307000000000000000e+07,6.970000000000000000e+07
5.974279281915766001e+07,-1.673842070000000207e-09,1.038350000000000080e+02,6.307000000000000000e+07,6.970000000000000000e+07
5.971574410071896017e+07,-1.674600250000000066e-09,1.038400000000000034e+02,6.307000000000000000e+07,6.970000000000000000e+07
5.970255862897229940e+07,-1.674970090000000046e-09,1.038449999999999989e+02,6.307000000000000000e+07,6.970000000000000000e+07
5.964364994755354524e+07,-1.676624420000000196e-09,1.038500000000000085e+02,6.307000000000000000e+07,6.970000000000000000e+07
5.959279385820457339e+07,-1.678055239999999986e-09,1.038550000000000040e+02,6.307000000000000000e+07,6.970000000000000000e+07
5.957971267171178758e+07,-1.678423670000000095e-09,1.038599999999999994e+02,6.307000000000000000e+07,6.970000000000000000e+07
5.952786237910649925e+07,-1.679885620000000213e-09,1.038650000000000091e+02,6.307000000000000000e+07,6.970000000000000000e+07
5.945586173705829680e+07,-1.681919950000000107e-09,1.038700000000000045e+02,6.307000000000000000e+07,6.970000000000000000e+07
5.942332574111211300e+07,-1.682840850000000221e-09,1.038750000000000000e+02,6.307000000000000000e+07,6.970000000000000000e+07
5.938961550598719716e+07,-1.683796050000000102e-09,1.038799999999999955e+02,6.307000000000000000e+07,6.970000000000000000e+07
5.932214882240017503e+07,-1.685711020000000163e-09,1.038850000000000051e+02,6.307000000000000000e+07,6.970000000000000000e+07
5.928299669809714705e+07,-1.686824310000000146e-09,1.038900000000000006e+02,6.307000000000000000e+07,6.970000000000000000e+07
5.926152225925593823e+07,-1.687435559999999987e-09,1.038949999999999960e+02,6.307000000000000000e+07,6.970000000000000000e+07
5.920180421524068713e+07,-1.689137710000000160e-09,1.039000000000000057e+02,6.307000000000000000e+07,6.970000000000000000e+07
5.914834848229005188e+07,-1.690664280000000074e-09,1.039050000000000011e+02,6.307000000000000000e+07,6.970000000000000000e+07
5.912857267474833131e+07,-1.691229730000000204e-09,1.039099999999999966e+02,6.307000000000000000e+07,6.970000000000000000e+07
5.909243440094196796e+07,-1.692264009999999982e-09,1.039150000000000063e+02,6.307000000000000000e+07,6.970000000000000000e+07
5.905459301260504872e+07,-1.693348390000000014e-09,1.039200000000000017e+02,6.307000000000000000e+07,6.970000000000000000e+07
5.905583840546212345e+07,-1.693312680000000170e-09,1.039249999999999972e+02,6.307000000000000000e+07,6.970000000000000000e+07
5.904350048792367429e+07,-1.693666520000000219e-09,1.039300000000000068e+02,6.307000000000000000e+07,6.970000000000000000e+07
5.899919535127404332e+07,-1.694938370000000123e-09,1.039350000000000023e+02,6.307000000000000000e+07,6.970000000000000000e+07
5.898109567412001640e+07,-1.695458499999999993e-09,1.039399999999999977e+02,6.307000000000000000e+07,6.970000000000000000e+07
5.897987917346564680e+07,-1.695493470000000056e-09,1.039450000000000074e+02,6.307000000000000000e+07,6.970000000000000000e+07
5.894662105235657841e+07,-1.696450080000000014e-09,1.039500000000000028e+02,6.307000000000000000e+07,6.970000000000000000e+07
5.891788189413307607e+07,-1.697277580000000134e-09,1.039549999999999983e+02,6.307000000000000000e+07,6.970000000000000000e+07
5.892384170649667829e+07,-1.697105910000000128e-09,1.039600000000000080e+02,6.307000000000000000e+07,6.970000000000000000e+07
5.890696905436071754e+07,-1.697592009999999987e-09,1.039650000000000034e+02,6.307000000000000000e+07,6.970000000000000000e+07
5.890476844291070849e+07,-1.697655430000000020e-09,1.039699999999999989e+02,6.307000000000000000e+07,6.970000000000000000e+07
5.897688770671421289e+07,-1.695579470000000173e-09,1.039750000000000085e+02,6.307000000000000000e+07,6.970000000000000000e+07
5.905416161881535500e+07,-1.693360760000000111e-09,1.039800000000000040e+02,6.307000000000000000e+07,6.970000000000000000e+07
5.907176181169264764e+07,-1.692856230000000250e-09,1.039849999999999994e+02,6.307000000000000000e+07,6.970000000000000000e+07
5.909628553665747494e+07,-1.692153730000000066e-09,1.039900000000000091e+02,6.307000000000000000e+07,6.970000000000000000e+07
5.912598211286495626e+07,-1.691303830000000250e-09,1.039950000000000045e+02,6.307000000000000000e+07,6.970000000000000000e+07
5.911185723148186505e+07,-1.691707969999999997e-09,1.040000000000000000e+02,6.307000000000000000e+07,6.970000000000000000e+07
5.910618806739096344e+07,-1.691870230000000064e-09,1.040049999999999955e+02,6.307000000000000000e+07,6.970000000000000000e+07
5.913035718301299214e+07,-1.691178690000000105e-09,1.040100000000000051e+02,6.307000000000000000e+07,6.970000000000000000e+07
5.914998828741506487e+07,-1.690617410000000146e-09,1.040150000000000006e+02,6.307000000000000000e+07,6.970000000000000000e+07
5.918329736557210982e+07,-1.689665909999999997e-09,1.040199999999999960e+02,6.307000000000000000e+07,6.970000000000000000e+07
5.926594340405846387e+07,-1.687309680000000061e-09,1.040250000000000057e+02,6.307000000000000000e+07,6.970000000000000000e+07
5.934742051184538752e+07,-1.684993200000000182e-09,1.040300000000000011e+02,6.307000000000000000e+07,6.970000000000000000e+07
5.940852939425316453e+07,-1.683259980000000155e-09,1.040349999999999966e+02,6.307000000000000000e+07,6.970000000000000000e+07
5.950979886265229434e+07,-1.680395530000000051e-09,1.040400000000000063e+02,6.307000000000000000e+07,6.970000000000000000e+07
5.962969980274376273e+07,-1.677016660000000078e-09,1.040450000000000017e+02,6.307000000000000000e+07,6.970000000000000000e+07
5.971086268672072142e+07,-1.674737150000000072e-09,1.040499999999999972e+02,6.307000000000000000e+07,6.970000000000000000e+07
5.980579133806051314e+07,-1.672078870000000012e-09,1.040550000000000068e+02,6.307000000000000000e+07,6.970000000000000000e+07
5.994294055465778708e+07,-1.668253159999999915e-09,1.040600000000000023e+02,6.307000000000000000e+07,6.970000000000000000e+07
6.005631131985857338e+07,-1.665103930000000104e-09,1.040649999999999977e+02,6.307000000000000000e+07,6.970000000000000000e+07
6.014634821476886421e+07,-1.662611330000000248e-09,1.040700000000000074e+02,6.307000000000000000e+07,6.970000000000000000e+07
6.026304009476628155e+07,-1.659391890000000142e-09,1.040750000000000028e+02,6.307000000000000000e+07,6.970000000000000000e+07
6.036076543003755808e+07,-1.656705300000000115e-09,1.040799999999999983e+02,6.307000000000000000e+07,6.970000000000000000e+07
6.041993644257710129e+07,-1.655082840000000074e-09,1.040850000000000080e+02,6.307000000000000000e+07,6.970000000000000000e+07
6.050627915105551481e+07,-1.652721030000000097e-09,1.040900000000000034e+02,6.307000000000000000e+07,6.970000000000000000e+07
6.059892058415105194e+07,-1.650194410000000068e-09,1.040949999999999989e+02,6.307000000000000000e+07,6.970000000000000000e+07
6.065201645513467491e+07,-1.648749800000000059e-09,1.041000000000000085e+02,6.307000000000000000e+07,6.970000000000000000e+07
6.071883719832210243e+07,-1.646935360000000115e-09,1.041050000000000040e+02,6.307000000000000000e+07,6.970000000000000000e+07
6.081126323839157075e+07,-1.644432209999999998e-09,1.041099999999999994e+02,6.307000000000000000e+07,6.970000000000000000e+07
6.086948751616724581e+07,-1.642859239999999976e-09,1.041150000000000091e+02,6.307000000000000000e+07,6.970000000000000000e+07
6.091640532462745160e+07,-1.641593910000000165e-09,1.041200000000000045e+02,6.307000000000000000e+07,6.970000000000000000e+07
6.099775045176153630e+07,-1.639404720000000083e-09,1.041250000000000000e+02,6.307000000000000000e+07,6.970000000000000000e+07
6.107440169729670882e+07,-1.637347190000000238e-09,1.041299999999999955e+02,6.307000000000000000e+07,6.970000000000000000e+07
6.112864083560211211e+07,-1.635894380000000097e-09,1.041350000000000051e+02,6.307000000000000000e+07,6.970000000000000000e+07
6.121824453549420834e+07,-1.633499960000000023e-09,1.041400000000000006e+02,6.307000000000000000e+07,6.970000000000000000e+07
6.131407654394133389e+07,-1.630946850000000069e-09,1.041449999999999960e+02,6.307000000000000000e+07,6.970000000000000000e+07
6.138458455066637695e+07,-1.629073500000000123e-09,1.041500000000000057e+02,6.307000000000000000e+07,6.970000000000000000e+07
6.148634041903764755e+07,-1.626377490000000112e-09,1.041550000000000011e+02,6.307000000000000000e+07,6.970000000000000000e+07
6.162764489443526417e+07,-1.622648410000000130e-09,1.041599999999999966e+02,6.307000000000000000e+07,6.970000000000000000e+07
6.172402637230626494e+07,-1.620114660000000185e-09,1.041650000000000063e+02,6.307000000000000000e+07,6.970000000000000000e+07
6.181599939870340377e+07,-1.617704170000000282e-09,1.041700000000000017e+02,6.307000000000000000e+07,6.970000000000000000e+07
6.193918903329494596e+07,-1.614486750000000075e-09,1.041749999999999972e+02,6.307000000000000000e+07,6.970000000000000000e+07
6.204350290643719584e+07,-1.611772310000000269e-09,1.041800000000000068e+02,6.307000000000000000e+07,6.970000000000000000e+07
6.211132518400449306e+07,-1.610012339999999987e-09,1.041850000000000023e+02,6.307000000000000000e+07,6.970000000000000000e+07
6.220806609940458089e+07,-1.607508580000000048e-09,1.041899999999999977e+02,6.307000000000000000e+07,6.970000000000000000e+07
6.230454519009098411e+07,-1.605019340000000064e-09,1.041950000000000074e+02,6.307000000000000000e+07,6.970000000000000000e+07
6.236678999366764724e+07,-1.603417460000000091e-09,1.042000000000000028e+02,6.307000000000000000e+07,6.970000000000000000e+07
6.243599802909532934e+07,-1.601640130000000231e-09,1.042049999999999983e+02,6.307000000000000000e+07,6.970000000000000000e+07
6.253091098339005560e+07,-1.599209070000000099e-09,1.042100000000000080e+02,6.307000000000000000e+07,6.970000000000000000e+07
6.259897915838351846e+07,-1.597470140000000071e-09,1.042150000000000034e+02,6.307000000000000000e+07,6.970000000000000000e+07
6.267403600516822189e+07,-1.595557050000000113e-09,1.042199999999999989e+02,6.307000000000000000e+07,6.970000000000000000e+07
6.279742666695487499e+07,-1.592421939999999923e-09,1.042250000000000085e+02,6.307000000000000000e+07,6.970000000000000000e+07
6.291553865135271102e+07,-1.589432470000000002e-09,1.042300000000000040e+02,6.307000000000000000e+07,6.970000000000000000e+07
6.300207416058572382e+07,-1.587249329999999987e-09,1.042349999999999994e+02,6.307000000000000000e+07,6.970000000000000000e+07
6.311885433018001169e+07,-1.584312659999999940e-09,1.042400000000000091e+02,6.307000000000000000e+07,6.970000000000000000e+07
6.323721950498916209e+07,-1.581347200000000062e-09,1.042450000000000045e+02,6.307000000000000000e+07,6.970000000000000000e+07
6.331497452332054824e+07,-1.579405200000000153e-09,1.042500000000000000e+02,6.307000000000000000e+07,6.970000000000000000e+07
6.339996447699990124e+07,-1.577287950000000214e-09,1.042549999999999955e+02,6.307000000000000000e+07,6.970000000000000000e+07
6.351188081187695265e+07,-1.574508559999999970e-09,1.042600000000000051e+02,6.307000000000000000e+07,6.970000000000000000e+07
6.359230919699955732e+07,-1.572517200000000208e-09,1.042650000000000006e+02,6.307000000000000000e+07,6.970000000000000000e+07
6.364771225490491837e+07,-1.571148379999999916e-09,1.042699999999999960e+02,6.307000000000000000e+07,6.970000000000000000e+07
6.373771999607860297e+07,-1.568929670000000059e-09,1.042750000000000057e+02,6.307000000000000000e+07,6.970000000000000000e+07
6.380915406889983267e+07,-1.567173259999999919e-09,1.042800000000000011e+02,6.307000000000000000e+07,6.970000000000000000e+07
6.384679792282871157e+07,-1.566249260000000058e-09,1.042849999999999966e+02,6.307000000000000000e+07,6.970000000000000000e+07
6.391472405479405820e+07,-1.564584710000000290e-09,1.042900000000000063e+02,6.307000000000000000e+07,6.970000000000000000e+07
6.398090154733395576e+07,-1.562966410000000170e-09,1.042950000000000017e+02,6.307000000000000000e+07,6.970000000000000000e+07
6.400570418835726380e+07,-1.562360750000000208e-09,1.042999999999999972e+02,6.307000000000000000e+07,6.970000000000000000e+07
6.405330669911435992e+07,-1.561199650000000246e-09,1.043050000000000068e+02,6.307000000000000000e+07,6.970000000000000000e+07
6.413675351465079933e+07,-1.559168410000000055e-09,1.043100000000000023e+02,6.307000000000000000e+07,6.970000000000000000e+07
6.418325191313426197e+07,-1.558038849999999973e-09,1.043149999999999977e+02,6.307000000000000000e+07,6.970000000000000000e+07
6.421082643719223887e+07,-1.557369770000000185e-09,1.043200000000000074e+02,6.307000000000000000e+07,6.970000000000000000e+07
6.426407455208454281e+07,-1.556079360000000113e-09,1.043250000000000028e+02,6.307000000000000000e+07,6.970000000000000000e+07
6.428336436141335964e+07,-1.555612420000000200e-09,1.043299999999999983e+02,6.307000000000000000e+07,6.970000000000000000e+07
6.425447568726941198e+07,-1.556311820000000017e-09,1.043350000000000080e+02,6.307000000000000000e+07,6.970000000000000000e+07
6.425298776071822643e+07,-1.556347860000000090e-09,1.043400000000000034e+02,6.307000000000000000e+07,6.970000000000000000e+07
6.425656360717071593e+07,-1.556261249999999944e-09,1.043449999999999989e+02,6.307000000000000000e+07,6.970000000000000000e+07
6.421872919714540243e+07,-1.557178120000000304e-09,1.043500000000000085e+02,6.307000000000000000e+07,6.970000000000000000e+07
6.419495793028368056e+07,-1.557754740000000149e-09,1.043550000000000040e+02,6.307000000000000000e+07,6.970000000000000000e+07
6.420336668073319644e+07,-1.557550720000000171e-09,1.043599999999999994e+02,6.307000000000000000e+07,6.970000000000000000e+07
6.417189937168523669e+07,-1.558314480000000072e-09,1.043650000000000091e+02,6.307000000000000000e+07,6.970000000000000000e+07
6.413698305006411672e+07,-1.559162830000000014e-09,1.043700000000000045e+02,6.307000000000000000e+07,6.970000000000000000e+07
6.413905758173688501e+07,-1.559112400000000151e-09,1.043750000000000000e+02,6.307000000000000000e+07,6.970000000000000000e+07
6.412026088354064524e+07,-1.559569450000000055e-09,1.043799999999999955e+02,6.307000000000000000e+07,6.970000000000000000e+07
6.407416528246179968e+07,-1.560691420000000034e-09,1.043850000000000051e+02,6.307000000000000000e+07,6.970000000000000000e+07
6.406956909588444978e+07,-1.560803380000000196e-09,1.043900000000000006e+02,6.307000000000000000e+07,6.970000000000000000e+07
6.407515636516708136e+07,-1.560667280000000238e-09,1.043949999999999960e+02,6.307000000000000000e+07,6.970000000000000000e+07
6.403223290397971123e+07,-1.561713460000000087e-09,1.044000000000000057e+02,6.307000000000000000e+07,6.970000000000000000e+07
6.399523793515858054e+07,-1.562616270000000059e-09,1.044050000000000011e+02,6.307000000000000000e+07,6.970000000000000000e+07
6.400216194182866812e+07,-1.562447219999999938e-09,1.044099999999999966e+02,6.307000000000000000e+07,6.970000000000000000e+07
6.397885606291598082e+07,-1.563016380000000258e-09,1.044150000000000063e+02,6.307000000000000000e+07,6.970000000000000000e+07
6.394472433867358416e+07,-1.563850670000000226e-09,1.044200000000000017e+02,6.307000000000000000e+07,6.970000000000000000e+07
6.395422555609061569e+07,-1.563618340000000281e-09,1.044249999999999972e+02,6.307000000000000000e+07,6.970000000000000000e+07
6.394807620845717192e+07,-1.563768700000000070e-09,1.044300000000000068e+02,6.307000000000000000e+07,6.970000000000000000e+07
6.390112971829646826e+07,-1.564917560000000101e-09,1.044350000000000023e+02,6.307000000000000000e+07,6.970000000000000000e+07
6.389163855429245532e+07,-1.565150030000000255e-09,1.044399999999999977e+02,6.307000000000000000e+07,6.970000000000000000e+07
6.389008492902600765e+07,-1.565188090000000021e-09,1.044450000000000074e+02,6.307000000000000000e+07,6.970000000000000000e+07
6.385104134375998378e+07,-1.566145170000000006e-09,1.044500000000000028e+02,6.307000000000000000e+07,6.970000000000000000e+07
6.383117155559928715e+07,-1.566632690000000192e-09,1.044549999999999983e+02,6.307000000000000000e+07,6.970000000000000000e+07
6.385283158510453254e+07,-1.566101260000000029e-09,1.044600000000000080e+02,6.307000000000000000e+07,6.970000000000000000e+07
6.384551224786769599e+07,-1.566280799999999938e-09,1.044650000000000034e+02,6.307000000000000000e+07,6.970000000000000000e+07
6.384223959495827556e+07,-1.566361090000000055e-09,1.044699999999999989e+02,6.307000000000000000e+07,6.970000000000000000e+07
6.389513591632742435e+07,-1.565064360000000161e-09,1.044750000000000085e+02,6.307000000000000000e+07,6.970000000000000000e+07
6.392671155395786464e+07,-1.564291320000000072e-09,1.044800000000000040e+02,6.307000000000000000e+07,6.970000000000000000e+07
6.392336192341917753e+07,-1.564373290000000228e-09,1.044849999999999994e+02,6.307000000000000000e+07,6.970000000000000000e+07
6.396865147148496658e+07,-1.563265720000000083e-09,1.044900000000000091e+02,6.307000000000000000e+07,6.970000000000000000e+07
6.400742895823460817e+07,-1.562318650000000023e-09,1.044950000000000045e+02,6.307000000000000000e+07,6.970000000000000000e+07
6.399973539949396253e+07,-1.562506460000000169e-09,1.045000000000000000e+02,6.307000000000000000e+07,6.970000000000000000e+07
6.401081772577834129e+07,-1.562235940000000292e-09,1.045049999999999955e+02,6.307000000000000000e+07,6.970000000000000000e+07
6.403969723491251469e+07,-1.561531430000000253e-09,1.045100000000000051e+02,6.307000000000000000e+07,6.970000000000000000e+07
6.402663917960362881e+07,-1.561849899999999905e-09,1.045150000000000006e+02,6.307000000000000000e+07,6.970000000000000000e+07
6.400021708873636276e+07,-1.562494700000000101e-09,1.045199999999999960e+02,6.307000000000000000e+07,6.970000000000000000e+07
6.401588208428157866e+07,-1.562112350000000228e-09,1.045250000000000057e+02,6.307000000000000000e+07,6.970000000000000000e+07
6.401267471443402022e+07,-1.562190620000000032e-09,1.045300000000000011e+02,6.307000000000000000e+07,6.970000000000000000e+07
6.399215916872137040e+07,-1.562691450000000160e-09,1.045349999999999966e+02,6.307000000000000000e+07,6.970000000000000000e+07
6.401087549895597994e+07,-1.562234530000000008e-09,1.045400000000000063e+02,6.307000000000000000e+07,6.970000000000000000e+07
6.404432236002610624e+07,-1.561418659999999998e-09,1.045450000000000017e+02,6.307000000000000000e+07,6.970000000000000000e+07
6.404131597321833670e+07,-1.561491959999999996e-09,1.045499999999999972e+02,6.307000000000000000e+07,6.970000000000000000e+07
6.405776842298056185e+07,-1.561090910000000159e-09,1.045550000000000068e+02,6.307000000000000000e+07,6.970000000000000000e+07
6.410176200872153044e+07,-1.560019520000000091e-09,1.045600000000000023e+02,6.307000000000000000e+07,6.970000000000000000e+07
6.410596212949262559e+07,-1.559917309999999935e-09,1.045649999999999977e+02,6.307000000000000000e+07,6.970000000000000000e+07
6.410820644663149118e+07,-1.559862700000000063e-09,1.045700000000000074e+02,6.307000000000000000e+07,6.970000000000000000e+07
6.415649010005050898e+07,-1.558688759999999978e-09,1.045750000000000028e+02,6.307000000000000000e+07,6.970000000000000000e+07
6.418065921097490937e+07,-1.558101790000000143e-09,1.045799999999999983e+02,6.307000000000000000e+07,6.970000000000000000e+07
6.417215427891998738e+07,-1.558308290000000208e-09,1.045850000000000080e+02,6.307000000000000000e+07,6.970000000000000000e+07
6.420689825431396067e+07,-1.557465050000000076e-09,1.045900000000000034e+02,6.307000000000000000e+07,6.970000000000000000e+07
6.423627396567859501e+07,-1.556752810000000137e-09,1.045949999999999989e+02,6.307000000000000000e+07,6.970000000000000000e+07
6.421229303254241496e+07,-1.557334199999999930e-09,1.046000000000000085e+02,6.307000000000000000e+07,6.970000000000000000e+07
6.420372983735634387e+07,-1.557541910000000216e-09,1.046050000000000040e+02,6.307000000000000000e+07,6.970000000000000000e+07
6.422737972220489383e+07,-1.556968390000000119e-09,1.046099999999999994e+02,6.307000000000000000e+07,6.970000000000000000e+07
6.420782377469321340e+07,-1.557442599999999950e-09,1.046150000000000091e+02,6.307000000000000000e+07,6.970000000000000000e+07
6.418599190278306603e+07,-1.557972340000000237e-09,1.046200000000000045e+02,6.307000000000000000e+07,6.970000000000000000e+07
6.421044382226664573e+07,-1.557379050000000165e-09,1.046250000000000000e+02,6.307000000000000000e+07,6.970000000000000000e+07
6.422382650914607942e+07,-1.557054530000000239e-09,1.046299999999999955e+02,6.307000000000000000e+07,6.970000000000000000e+07
6.420891340816116333e+07,-1.557416170000000087e-09,1.046350000000000051e+02,6.307000000000000000e+07,6.970000000000000000e+07
6.422631998703553528e+07,-1.556994079999999995e-09,1.046400000000000006e+02,6.307000000000000000e+07,6.970000000000000000e+07
6.424783545990563929e+07,-1.556472670000000006e-09,1.046449999999999960e+02,6.307000000000000000e+07,6.970000000000000000e+07
6.423108020060317218e+07,-1.556878690000000063e-09,1.046500000000000057e+02,6.307000000000000000e+07,6.970000000000000000e+07
6.423985620550587028e+07,-1.556666000000000133e-09,1.046550000000000011e+02,6.307000000000000000e+07,6.970000000000000000e+07
6.430963163488016278e+07,-1.554977030000000150e-09,1.046599999999999966e+02,6.307000000000000000e+07,6.970000000000000000e+07
6.439751255334521085e+07,-1.552855010000000055e-09,1.046650000000000063e+02,6.307000000000000000e+07,6.970000000000000000e+07
6.452477701753394306e+07,-1.549792260000000225e-09,1.046700000000000017e+02,6.307000000000000000e+07,6.970000000000000000e+07
6.471428165762474388e+07,-1.545253960000000078e-09,1.046749999999999972e+02,6.307000000000000000e+07,6.970000000000000000e+07
6.489288203344909847e+07,-1.541001059999999918e-09,1.046800000000000068e+02,6.307000000000000000e+07,6.970000000000000000e+07
6.506138541714107245e+07,-1.537010000000000051e-09,1.046850000000000023e+02,6.307000000000000000e+07,6.970000000000000000e+07
6.528651709442903847e+07,-1.531709830000000150e-09,1.046899999999999977e+02,6.307000000000000000e+07,6.970000000000000000e+07
6.553033698444998264e+07,-1.526010770000000107e-09,1.046950000000000074e+02,6.307000000000000000e+07,6.970000000000000000e+07
6.575438420315622538e+07,-1.520811139999999954e-09,1.047000000000000028e+02,6.307000000000000000e+07,6.970000000000000000e+07
6.601719086329735816e+07,-1.514756970000000202e-09,1.047049999999999983e+02,6.307000000000000000e+07,6.970000000000000000e+07
6.631399865367993712e+07,-1.507977230000000066e-09,1.047100000000000080e+02,6.307000000000000000e+07,6.970000000000000000e+07
6.656629490078815818e+07,-1.502261770000000172e-09,1.047150000000000034e+02,6.307000000000000000e+07,6.970000000000000000e+07
6.680011726894187182e+07,-1.497003359999999975e-09,1.047199999999999989e+02,6.307000000000000000e+07,6.970000000000000000e+07
6.706454271471501887e+07,-1.491100900000000028e-09,1.047250000000000085e+02,6.307000000000000000e+07,6.970000000000000000e+07
6.729787044233921170e+07,-1.485931120000000084e-09,1.047300000000000040e+02,6.307000000000000000e+07,6.970000000000000000e+07
6.748993225684551895e+07,-1.481702480000000048e-09,1.047349999999999994e+02,6.307000000000000000e+07,6.970000000000000000e+07
6.771273039349621534e+07,-1.476827169999999963e-09,1.047400000000000091e+02,6.307000000000000000e+07,6.970000000000000000e+07
6.792215748538751900e+07,-1.472273610000000080e-09,1.047450000000000045e+02,6.307000000000000000e+07,6.970000000000000000e+07
6.807461443372298777e+07,-1.468976370000000195e-09,1.047500000000000000e+02,6.307000000000000000e+07,6.970000000000000000e+07
6.824871417545653880e+07,-1.465229069999999906e-09,1.047549999999999955e+02,6.307000000000000000e+07,6.970000000000000000e+07
6.844552478860770166e+07,-1.461015900000000127e-09,1.047600000000000051e+02,6.307000000000000000e+07,6.970000000000000000e+07
6.859620050172770023e+07,-1.457806690000000097e-09,1.047650000000000006e+02,6.307000000000000000e+07,6.970000000000000000e+07
6.874550129439528286e+07,-1.454640640000000218e-09,1.047699999999999960e+02,6.307000000000000000e+07,6.970000000000000000e+07
6.893485596827021241e+07,-1.450644940000000155e-09,1.047750000000000057e+02,6.307000000000000000e+07,6.970000000000000000e+07
6.906160861102677882e+07,-1.447982490000000130e-09,1.047800000000000011e+02,6.307000000000000000e+07,6.970000000000000000e+07
6.911636728796981275e+07,-1.446835300000000094e-09,1.047849999999999966e+02,6.307000000000000000e+07,6.970000000000000000e+07
6.920975225206457078e+07,-1.444883080000000153e-09,1.047900000000000063e+02,6.307000000000000000e+07,6.970000000000000000e+07
6.930350950130671263e+07,-1.442928370000000080e-09,1.047950000000000017e+02,6.307000000000000000e+07,6.970000000000000000e+07
6.935287841701111197e+07,-1.441901220000000218e-09,1.047999999999999972e+02,6.307000000000000000e+07,6.970000000000000000e+07
6.942243126643015444e+07,-1.440456610000000209e-09,1.048050000000000068e+02,6.307000000000000000e+07,6.970000000000000000e+07
6.951769871947008371e+07,-1.438482599999999981e-09,1.048100000000000023e+02,6.307000000000000000e+07,6.970000000000000000e+07
6.956443149470089376e+07,-1.437516240000000016e-09,1.048149999999999977e+02,6.307000000000000000e+07,6.970000000000000000e+07
6.960782561246116459e+07,-1.436620080000000096e-09,1.048200000000000074e+02,6.307000000000000000e+07,6.970000000000000000e+07
6.970745211350730062e+07,-1.434566849999999968e-09,1.048250000000000028e+02,6.307000000000000000e+07,6.970000000000000000e+07
6.978274050918091834e+07,-1.433019100000000209e-09,1.048299999999999983e+02,6.307000000000000000e+07,6.970000000000000000e+07
6.983518540085951984e+07,-1.431942929999999941e-09,1.048350000000000080e+02,6.307000000000000000e+07,6.970000000000000000e+07
6.992694668945100904e+07,-1.430063869999999995e-09,1.048400000000000034e+02,6.307000000000000000e+07,6.970000000000000000e+07
6.999843049519143999e+07,-1.428603460000000119e-09,1.048449999999999989e+02,6.307000000000000000e+07,6.970000000000000000e+07
7.000504680383417010e+07,-1.428468440000000216e-09,1.048500000000000085e+02,6.307000000000000000e+07,6.970000000000000000e+07
7.001355987620902061e+07,-1.428294750000000105e-09,1.048550000000000040e+02,6.307000000000000000e+07,6.970000000000000000e+07
7.005117027835322917e+07,-1.427527900000000087e-09,1.048599999999999994e+02,6.307000000000000000e+07,6.970000000000000000e+07
7.003501519644270837e+07,-1.427857190000000169e-09,1.048650000000000091e+02,6.307000000000000000e+07,6.970000000000000000e+07
7.001265695813755691e+07,-1.428313170000000062e-09,1.048700000000000045e+02,6.307000000000000000e+07,6.970000000000000000e+07
7.004560746552248299e+07,-1.427641270000000119e-09,1.048750000000000000e+02,6.307000000000000000e+07,6.970000000000000000e+07
7.004350612295815349e+07,-1.427684100000000041e-09,1.048799999999999955e+02,6.307000000000000000e+07,6.970000000000000000e+07
7.001444026826199889e+07,-1.428276790000000128e-09,1.048850000000000051e+02,6.307000000000000000e+07,6.970000000000000000e+07
7.006620071849104762e+07,-1.427221670000000160e-09,1.048900000000000006e+02,6.307000000000000000e+07,6.970000000000000000e+07
7.016163915606577694e+07,-1.425280270000000028e-09,1.048949999999999960e+02,6.307000000000000000e+07,6.970000000000000000e+07
7.022511954211424291e+07,-1.423991880000000063e-09,1.049000000000000057e+02,6.307000000000000000e+07,6.970000000000000000e+07
7.031615083652523160e+07,-1.422148380000000120e-09,1.049050000000000011e+02,6.307000000000000000e+07,6.970000000000000000e+07
7.040471141569942236e+07,-1.420359490000000049e-09,1.049099999999999966e+02,6.307000000000000000e+07,6.970000000000000000e+07
7.041541581602203846e+07,-1.420143570000000206e-09,1.049150000000000063e+02,6.307000000000000000e+07,6.970000000000000000e+07
7.040897454193839431e+07,-1.420273490000000138e-09,1.049200000000000017e+02,6.307000000000000000e+07,6.970000000000000000e+07
7.044387077460756898e+07,-1.419569920000000150e-09,1.049249999999999972e+02,6.307000000000000000e+07,6.970000000000000000e+07
7.046745027082084119e+07,-1.419094910000000270e-09,1.049300000000000068e+02,6.307000000000000000e+07,6.970000000000000000e+07
7.045778196478627622e+07,-1.419289640000000016e-09,1.049350000000000023e+02,6.307000000000000000e+07,6.970000000000000000e+07
7.049839098349830508e+07,-1.418472090000000174e-09,1.049399999999999977e+02,6.307000000000000000e+07,6.970000000000000000e+07
7.052562927815078199e+07,-1.417924250000000115e-09,1.049450000000000074e+02,6.307000000000000000e+07,6.970000000000000000e+07
7.049910617708232999e+07,-1.418457700000000177e-09,1.049500000000000028e+02,6.307000000000000000e+07,6.970000000000000000e+07
7.049639259384638071e+07,-1.418512300000000005e-09,1.049549999999999983e+02,6.307000000000000000e+07,6.970000000000000000e+07
7.051216958605499566e+07,-1.418194909999999994e-09,1.049600000000000080e+02,6.307000000000000000e+07,6.970000000000000000e+07
7.044333385362778604e+07,-1.419580740000000167e-09,1.049650000000000034e+02,6.307000000000000000e+07,6.970000000000000000e+07
7.034167102069887519e+07,-1.421632420000000007e-09,1.049699999999999989e+02,6.307000000000000000e+07,6.970000000000000000e+07
7.026690539707241952e+07,-1.423145069999999950e-09,1.049750000000000085e+02,6.307000000000000000e+07,6.970000000000000000e+07
7.015600562909339368e+07,-1.425394719999999909e-09,1.049800000000000040e+02,6.307000000000000000e+07,6.970000000000000000e+07
7.001254470773564279e+07,-1.428315460000000130e-09,1.049849999999999994e+02,6.307000000000000000e+07,6.970000000000000000e+07
6.993964139008393884e+07,-1.429804300000000094e-09,1.049900000000000091e+02,6.307000000000000000e+07,6.970000000000000000e+07
6.989575013918866217e+07,-1.430702149999999891e-09,1.049950000000000045e+02,6.307000000000000000e+07,6.970000000000000000e+07
6.983376867471945286e+07,-1.431971980000000102e-09,1.050000000000000000e+02,6.307000000000000000e+07,6.970000000000000000e+07
6.982771226999571919e+07,-1.432096180000000196e-09,1.050049999999999955e+02,6.307000000000000000e+07,6.970000000000000000e+07
6.987006034306800365e+07,-1.431228190000000032e-09,1.050100000000000051e+02,6.307000000000000000e+07,6.970000000000000000e+07
6.988181091976392269e+07,-1.430987529999999996e-09,1.050150000000000006e+02,6.307000000000000000e+07,6.970000000000000000e+07
6.990439448593297601e+07,-1.430525230000000073e-09,1.050199999999999960e+02,6.307000000000000000e+07,6.970000000000000000e+07
6.996840136035645008e+07,-1.429216590000000064e-09,1.050250000000000057e+02,6.307000000000000000e+07,6.970000000000000000e+07
6.999747505107995868e+07,-1.428622960000000132e-09,1.050300000000000011e+02,6.307000000000000000e+07,6.970000000000000000e+07
7.000625288850174844e+07,-1.428443829999999982e-09,1.050349999999999966e+02,6.307000000000000000e+07,6.970000000000000000e+07
7.007941455320701003e+07,-1.426952559999999947e-09,1.050400000000000063e+02,6.307000000000000000e+07,6.970000000000000000e+07
7.014925446424594522e+07,-1.425531900000000128e-09,1.050450000000000017e+02,6.307000000000000000e+07,6.970000000000000000e+07
7.016438019779044390e+07,-1.425224590000000146e-09,1.050499999999999972e+02,6.307000000000000000e+07,6.970000000000000000e+07
7.020192418138834834e+07,-1.424462380000000118e-09,1.050550000000000068e+02,6.307000000000000000e+07,6.970000000000000000e+07
7.025298655456893146e+07,-1.423427030000000123e-09,1.050600000000000023e+02,6.307000000000000000e+07,6.970000000000000000e+07
7.025181192946439981e+07,-1.423450830000000059e-09,1.050649999999999977e+02,6.307000000000000000e+07,6.970000000000000000e+07
7.025975770149698853e+07,-1.423289850000000111e-09,1.050700000000000074e+02,6.307000000000000000e+07,6.970000000000000000e+07
7.030992742567105591e+07,-1.422274260000000046e-09,1.050750000000000028e+02,6.307000000000000000e+07,6.970000000000000000e+07
7.031994435498419404e+07,-1.422071660000000190e-09,1.050799999999999983e+02,6.307000000000000000e+07,6.970000000000000000e+07
7.030507078627383709e+07,-1.422372510000000139e-09,1.050850000000000080e+02,6.307000000000000000e+07,6.970000000000000000e+07
7.033992740609996021e+07,-1.421667660000000033e-09,1.050900000000000034e+02,6.307000000000000000e+07,6.970000000000000000e+07
7.035867381414166093e+07,-1.421288870000000095e-09,1.050949999999999989e+02,6.307000000000000000e+07,6.970000000000000000e+07
7.033182399832397699e+07,-1.421831459999999928e-09,1.051000000000000085e+02,6.307000000000000000e+07,6.970000000000000000e+07
7.034789361909922957e+07,-1.421506670000000247e-09,1.051050000000000040e+02,6.307000000000000000e+07,6.970000000000000000e+07
7.038741981975442171e+07,-1.420708420000000146e-09,1.051099999999999994e+02,6.307000000000000000e+07,6.970000000000000000e+07
7.037371319994038343e+07,-1.420985130000000093e-09,1.051150000000000091e+02,6.307000000000000000e+07,6.970000000000000000e+07
7.036575500231558084e+07,-1.421145840000000286e-09,1.051200000000000045e+02,6.307000000000000000e+07,6.970000000000000000e+07
7.040199815514379740e+07,-1.420414230000000086e-09,1.051250000000000000e+02,6.307000000000000000e+07,6.970000000000000000e+07
7.040187473997068405e+07,-1.420416720000000011e-09,1.051299999999999955e+02,6.307000000000000000e+07,6.970000000000000000e+07
7.038256931189206243e+07,-1.420806330000000172e-09,1.051350000000000051e+02,6.307000000000000000e+07,6.970000000000000000e+07
7.042073055606694520e+07,-1.420036390000000038e-09,1.051400000000000006e+02,6.307000000000000000e+07,6.970000000000000000e+07
7.045297536195339262e+07,-1.419386470000000195e-09,1.051449999999999960e+02,6.307000000000000000e+07,6.970000000000000000e+07
7.045094926982839406e+07,-1.419427290000000055e-09,1.051500000000000057e+02,6.307000000000000000e+07,6.970000000000000000e+07
7.048673224362207949e+07,-1.418706709999999980e-09,1.051550000000000011e+02,6.307000000000000000e+07,6.970000000000000000e+07
7.054616786725898087e+07,-1.417511440000000003e-09,1.051599999999999966e+02,6.307000000000000000e+07,6.970000000000000000e+07
7.054669988710764050e+07,-1.417500750000000152e-09,1.051650000000000063e+02,6.307000000000000000e+07,6.970000000000000000e+07
7.053480128198695183e+07,-1.417739869999999945e-09,1.051700000000000017e+02,6.307000000000000000e+07,6.970000000000000000e+07
7.055514410147354007e+07,-1.417331100000000046e-09,1.051749999999999972e+02,6.307000000000000000e+07,6.970000000000000000e+07
7.053413859714186192e+07,-1.417753190000000138e-09,1.051800000000000068e+02,6.307000000000000000e+07,6.970000000000000000e+07
7.048780841103526950e+07,-1.418685050000000065e-09,1.051850000000000023e+02,6.307000000000000000e+07,6.970000000000000000e+07
7.049595476235105097e+07,-1.418521109999999959e-09,1.051899999999999977e+02,6.307000000000000000e+07,6.970000000000000000e+07
7.050374211654475331e+07,-1.418364430000000141e-09,1.051950000000000074e+02,6.307000000000000000e+07,6.970000000000000000e+07
7.047249624082088470e+07,-1.418993299999999892e-09,1.052000000000000028e+02,6.307000000000000000e+07,6.970000000000000000e+07
7.049444103043782711e+07,-1.418551569999999991e-09,1.052049999999999983e+02,6.307000000000000000e+07,6.970000000000000000e+07
7.054898532463288307e+07,-1.417454830000000114e-09,1.052100000000000080e+02,6.307000000000000000e+07,6.970000000000000000e+07
7.055518442352628708e+07,-1.417330290000000160e-09,1.052150000000000034e+02,6.307000000000000000e+07,6.970000000000000000e+07
7.057335892822045088e+07,-1.416965290000000234e-09,1.052199999999999989e+02,6.307000000000000000e+07,6.970000000000000000e+07
7.063656699390281737e+07,-1.415697339999999919e-09,1.052250000000000085e+02,6.307000000000000000e+07,6.970000000000000000e+07
7.065543493016335368e+07,-1.415319290000000176e-09,1.052300000000000040e+02,6.307000000000000000e+07,6.970000000000000000e+07
7.065528716163402796e+07,-1.415322250000000127e-09,1.052349999999999994e+02,6.307000000000000000e+07,6.970000000000000000e+07
7.072513319169257581e+07,-1.413924520000000090e-09,1.052400000000000091e+02,6.307000000000000000e+07,6.970000000000000000e+07
7.079232690746897459e+07,-1.412582470000000142e-09,1.052450000000000045e+02,6.307000000000000000e+07,6.970000000000000000e+07
7.082410639826181531e+07,-1.411948629999999966e-09,1.052500000000000000e+02,6.307000000000000000e+07,6.970000000000000000e+07
7.088942092502017319e+07,-1.410647720000000063e-09,1.052549999999999955e+02,6.307000000000000000e+07,6.970000000000000000e+07
7.096893805970184505e+07,-1.409067160000000144e-09,1.052600000000000051e+02,6.307000000000000000e+07,6.970000000000000000e+07
7.096572083175459504e+07,-1.409131039999999952e-09,1.052650000000000006e+02,6.307000000000000000e+07,6.970000000000000000e+07
7.090350816023157537e+07,-1.410367450000000180e-09,1.052699999999999960e+02,6.307000000000000000e+07,6.970000000000000000e+07
7.082995610200142860e+07,-1.411832020000000183e-09,1.052750000000000057e+02,6.307000000000000000e+07,6.970000000000000000e+07
7.068586844513066113e+07,-1.414709930000000069e-09,1.052800000000000011e+02,6.307000000000000000e+07,6.970000000000000000e+07
7.050668692822028697e+07,-1.418305190000000117e-09,1.052849999999999966e+02,6.307000000000000000e+07,6.970000000000000000e+07
7.036819857320174575e+07,-1.421096490000000064e-09,1.052900000000000063e+02,6.307000000000000000e+07,6.970000000000000000e+07
7.022255670006228983e+07,-1.424043850000000169e-09,1.052950000000000017e+02,6.307000000000000000e+07,6.970000000000000000e+07
7.004925015675096214e+07,-1.427567030000000070e-09,1.052999999999999972e+02,6.307000000000000000e+07,6.970000000000000000e+07
6.989689041385886073e+07,-1.430678810000000144e-09,1.053050000000000068e+02,6.307000000000000000e+07,6.970000000000000000e+07
6.974345497777520120e+07,-1.433826300000000062e-09,1.053100000000000023e+02,6.307000000000000000e+07,6.970000000000000000e+07
6.954034686071334779e+07,-1.438014109999999987e-09,1.053149999999999977e+02,6.307000000000000000e+07,6.970000000000000000e+07
6.933984673023203015e+07,-1.442172210000000120e-09,1.053200000000000074e+02,6.307000000000000000e+07,6.970000000000000000e+07
6.918023503804986179e+07,-1.445499569999999969e-09,1.053250000000000028e+02,6.307000000000000000e+07,6.970000000000000000e+07
6.899409602341626585e+07,-1.449399380000000112e-09,1.053299999999999983e+02,6.307000000000000000e+07,6.970000000000000000e+07
6.879458405005824566e+07,-1.453602800000000092e-09,1.053350000000000080e+02,6.307000000000000000e+07,6.970000000000000000e+07
6.865962723768334091e+07,-1.456459990000000114e-09,1.053400000000000034e+02,6.307000000000000000e+07,6.970000000000000000e+07
6.852476265985910594e+07,-1.459326469999999955e-09,1.053449999999999989e+02,6.307000000000000000e+07,6.970000000000000000e+07
6.834275776545780897e+07,-1.463212830000000154e-09,1.053500000000000085e+02,6.307000000000000000e+07,6.970000000000000000e+07
6.820078838610957563e+07,-1.466258710000000107e-09,1.053550000000000040e+02,6.307000000000000000e+07,6.970000000000000000e+07
6.808927588049204648e+07,-1.468660060000000033e-09,1.053599999999999994e+02,6.307000000000000000e+07,6.970000000000000000e+07
6.794422787184064090e+07,-1.471795370000000080e-09,1.053650000000000091e+02,6.307000000000000000e+07,6.970000000000000000e+07
6.781245667631673813e+07,-1.474655320000000197e-09,1.053700000000000045e+02,6.307000000000000000e+07,6.970000000000000000e+07
6.771925503835320473e+07,-1.476684880000000141e-09,1.053750000000000000e+02,6.307000000000000000e+07,6.970000000000000000e+07
6.758304636839695275e+07,-1.479661030000000076e-09,1.053799999999999955e+02,6.307000000000000000e+07,6.970000000000000000e+07
6.743253664668406546e+07,-1.482963640000000101e-09,1.053850000000000051e+02,6.307000000000000000e+07,6.970000000000000000e+07
6.734376376443396509e+07,-1.484918490000000177e-09,1.053900000000000006e+02,6.307000000000000000e+07,6.970000000000000000e+07
6.724299607543650270e+07,-1.487143730000000171e-09,1.053949999999999960e+02,6.307000000000000000e+07,6.970000000000000000e+07
6.710487311964931339e+07,-1.490204740000000108e-09,1.054000000000000057e+02,6.307000000000000000e+07,6.970000000000000000e+07
6.700550726304855943e+07,-1.492414640000000010e-09,1.054050000000000011e+02,6.307000000000000000e+07,6.970000000000000000e+07
6.692949164119587094e+07,-1.494109660000000060e-09,1.054099999999999966e+02,6.307000000000000000e+07,6.970000000000000000e+07
6.681722502892801166e+07,-1.496620070000000258e-09,1.054150000000000063e+02,6.307000000000000000e+07,6.970000000000000000e+07
6.672263272135823220e+07,-1.498741820000000184e-09,1.054200000000000017e+02,6.307000000000000000e+07,6.970000000000000000e+07
6.667075447285924107e+07,-1.499908030000000162e-09,1.054249999999999972e+02,6.307000000000000000e+07,6.970000000000000000e+07
6.659599100525242835e+07,-1.501591890000000129e-09,1.054300000000000068e+02,6.307000000000000000e+07,6.970000000000000000e+07
6.652324919372990727e+07,-1.503233849999999975e-09,1.054350000000000023e+02,6.307000000000000000e+07,6.970000000000000000e+07
6.649183392510179430e+07,-1.503944080000000059e-09,1.054399999999999977e+02,6.307000000000000000e+07,6.970000000000000000e+07
6.643109844857609272e+07,-1.505319080000000171e-09,1.054450000000000074e+02,6.307000000000000000e+07,6.970000000000000000e+07
6.632223804073921591e+07,-1.507789890000000152e-09,1.054500000000000028e+02,6.307000000000000000e+07,6.970000000000000000e+07
6.624055486692242324e+07,-1.509649190000000169e-09,1.054549999999999983e+02,6.307000000000000000e+07,6.970000000000000000e+07
6.617237928626127541e+07,-1.511204540000000075e-09,1.054600000000000080e+02,6.307000000000000000e+07,6.970000000000000000e+07
6.606162366985333711e+07,-1.513738150000000017e-09,1.054650000000000034e+02,6.307000000000000000e+07,6.970000000000000000e+07
6.596816799728089571e+07,-1.515882630000000075e-09,1.054699999999999989e+02,6.307000000000000000e+07,6.970000000000000000e+07
6.591890806225292385e+07,-1.517015420000000070e-09,1.054750000000000085e+02,6.307000000000000000e+07,6.970000000000000000e+07
6.582612367776792496e+07,-1.519153710000000264e-09,1.054800000000000040e+02,6.307000000000000000e+07,6.970000000000000000e+07
6.571605544765891880e+07,-1.521698150000000059e-09,1.054849999999999994e+02,6.307000000000000000e+07,6.970000000000000000e+07
6.565517429741741717e+07,-1.523109200000000082e-09,1.054900000000000091e+02,6.307000000000000000e+07,6.970000000000000000e+07
6.559082711758033931e+07,-1.524603430000000068e-09,1.054950000000000045e+02,6.307000000000000000e+07,6.970000000000000000e+07
6.549580471535081416e+07,-1.526815350000000076e-09,1.055000000000000000e+02,6.307000000000000000e+07,6.970000000000000000e+07
6.543841766869734973e+07,-1.528154309999999907e-09,1.055049999999999955e+02,6.307000000000000000e+07,6.970000000000000000e+07
6.539106955863206089e+07,-1.529260810000000042e-09,1.055100000000000051e+02,6.307000000000000000e+07,6.970000000000000000e+07
6.530256018099465966e+07,-1.531333530000000138e-09,1.055150000000000006e+02,6.307000000000000000e+07,6.970000000000000000e+07
6.523416272395735979e+07,-1.532939120000000094e-09,1.055199999999999960e+02,6.307000000000000000e+07,6.970000000000000000e+07
6.520608301027794182e+07,-1.533599250000000131e-09,1.055250000000000057e+02,6.307000000000000000e+07,6.970000000000000000e+07
6.514362860720954090e+07,-1.535069540000000178e-09,1.055300000000000011e+02,6.307000000000000000e+07,6.970000000000000000e+07
6.507144919954276085e+07,-1.536772290000000129e-09,1.055349999999999966e+02,6.307000000000000000e+07,6.970000000000000000e+07
6.505294128709884733e+07,-1.537209510000000205e-09,1.055400000000000063e+02,6.307000000000000000e+07,6.970000000000000000e+07
6.502131571035472304e+07,-1.537957190000000026e-09,1.055450000000000017e+02,6.307000000000000000e+07,6.970000000000000000e+07
6.495035990131052583e+07,-1.539637350000000055e-09,1.055499999999999972e+02,6.307000000000000000e+07,6.970000000000000000e+07
6.491216063703340292e+07,-1.540543390000000147e-09,1.055550000000000068e+02,6.307000000000000000e+07,6.970000000000000000e+07
6.488748260699139535e+07,-1.541129290000000179e-09,1.055600000000000023e+02,6.307000000000000000e+07,6.970000000000000000e+07
6.482157624539701641e+07,-1.542696209999999927e-09,1.055649999999999977e+02,6.307000000000000000e+07,6.970000000000000000e+07
6.477550561929778755e+07,-1.543793430000000081e-09,1.055700000000000074e+02,6.307000000000000000e+07,6.970000000000000000e+07
6.476245071553213894e+07,-1.544104630000000228e-09,1.055750000000000028e+02,6.307000000000000000e+07,6.970000000000000000e+07
6.471628941751080751e+07,-1.545206020000000140e-09,1.055799999999999983e+02,6.307000000000000000e+07,6.970000000000000000e+07
6.465920525301729143e+07,-1.546570200000000028e-09,1.055850000000000080e+02,6.307000000000000000e+07,6.970000000000000000e+07
6.465001086281806976e+07,-1.546790150000000245e-09,1.055900000000000034e+02,6.307000000000000000e+07,6.970000000000000000e+07
6.462725079507514089e+07,-1.547334889999999937e-09,1.055949999999999989e+02,6.307000000000000000e+07,6.970000000000000000e+07
6.456722836991554499e+07,-1.548773310000000082e-09,1.056000000000000085e+02,6.307000000000000000e+07,6.970000000000000000e+07
6.454505604427852482e+07,-1.549305340000000230e-09,1.056050000000000040e+02,6.307000000000000000e+07,6.970000000000000000e+07
6.453070173001714051e+07,-1.549649969999999990e-09,1.056099999999999994e+02,6.307000000000000000e+07,6.970000000000000000e+07
6.446439199074281007e+07,-1.551243980000000060e-09,1.056150000000000091e+02,6.307000000000000000e+07,6.970000000000000000e+07
6.440526845143154263e+07,-1.552668010000000209e-09,1.056200000000000045e+02,6.307000000000000000e+07,6.970000000000000000e+07
6.436973274143991619e+07,-1.553525169999999898e-09,1.056250000000000000e+02,6.307000000000000000e+07,6.970000000000000000e+07
6.429880405253242701e+07,-1.555238880000000282e-09,1.056299999999999955e+02,6.307000000000000000e+07,6.970000000000000000e+07
6.421876796319350600e+07,-1.557177180000000045e-09,1.056350000000000051e+02,6.307000000000000000e+07,6.970000000000000000e+07
6.419831094500697404e+07,-1.557673380000000021e-09,1.056400000000000006e+02,6.307000000000000000e+07,6.970000000000000000e+07
6.416366518665473163e+07,-1.558514460000000044e-09,1.056449999999999960e+02,6.307000000000000000e+07,6.970000000000000000e+07
6.410015952478501201e+07,-1.560058519999999908e-09,1.056500000000000057e+02,6.307000000000000000e+07,6.970000000000000000e+07
6.406587324841179699e+07,-1.560893420000000112e-09,1.056550000000000011e+02,6.307000000000000000e+07,6.970000000000000000e+07
6.404396100447753072e+07,-1.561427469999999953e-09,1.056599999999999966e+02,6.307000000000000000e+07,6.970000000000000000e+07
6.399371776232476532e+07,-1.562653389999999981e-09,1.056650000000000063e+02,6.307000000000000000e+07,6.970000000000000000e+07
6.395397237724327296e+07,-1.563624530000000145e-09,1.056700000000000017e+02,6.307000000000000000e+07,6.970000000000000000e+07
6.393991857417612523e+07,-1.563968210000000223e-09,1.056749999999999972e+02,6.307000000000000000e+07,6.970000000000000000e+07
6.389271748250426352e+07,-1.565123599999999978e-09,1.056800000000000068e+02,6.307000000000000000e+07,6.970000000000000000e+07
6.384155160200573504e+07,-1.566377970000000183e-09,1.056850000000000023e+02,6.307000000000000000e+07,6.970000000000000000e+07
6.383768232544793189e+07,-1.566472910000000214e-09,1.056899999999999977e+02,6.307000000000000000e+07,6.970000000000000000e+07
6.382201642827206850e+07,-1.566857420000000196e-09,1.056950000000000074e+02,6.307000000000000000e+07,6.970000000000000000e+07
6.379408819801903516e+07,-1.567543370000000275e-09,1.057000000000000028e+02,6.307000000000000000e+07,6.970000000000000000e+07
6.380600564967724681e+07,-1.567250590000000085e-09,1.057049999999999983e+02,6.307000000000000000e+07,6.970000000000000000e+07
6.382554487229401618e+07,-1.566770800000000212e-09,1.057100000000000080e+02,6.307000000000000000e+07,6.970000000000000000e+07
6.380057186621783674e+07,-1.567384069999999953e-09,1.057150000000000034e+02,6.307000000000000000e+07,6.970000000000000000e+07
6.378672495174406469e+07,-1.567724320000000054e-09,1.057199999999999989e+02,6.307000000000000000e+07,6.970000000000000000e+07
6.380038299497513473e+07,-1.567388709999999943e-09,1.057250000000000085e+02,6.307000000000000000e+07,6.970000000000000000e+07
6.377209628203959763e+07,-1.568083940000000002e-09,1.057300000000000040e+02,6.307000000000000000e+07,6.970000000000000000e+07
6.373130636508264393e+07,-1.569087560000000098e-09,1.057349999999999994e+02,6.307000000000000000e+07,6.970000000000000000e+07
6.373399409169303626e+07,-1.569021390000000222e-09,1.057400000000000091e+02,6.307000000000000000e+07,6.970000000000000000e+07
6.372189034658094496e+07,-1.569319420000000017e-09,1.057450000000000045e+02,6.307000000000000000e+07,6.970000000000000000e+07
6.366679711781172454e+07,-1.570677410000000248e-09,1.057500000000000000e+02,6.307000000000000000e+07,6.970000000000000000e+07
6.365096499413974583e+07,-1.571068090000000212e-09,1.057549999999999955e+02,6.307000000000000000e+07,6.970000000000000000e+07
6.363533916525338590e+07,-1.571453870000000062e-09,1.057600000000000051e+02,6.307000000000000000e+07,6.970000000000000000e+07
6.357859577744790912e+07,-1.572856380000000092e-09,1.057650000000000006e+02,6.307000000000000000e+07,6.970000000000000000e+07
6.354428398291276395e+07,-1.573705670000000085e-09,1.057699999999999960e+02,6.307000000000000000e+07,6.970000000000000000e+07
6.355408461180266738e+07,-1.573462989999999943e-09,1.057750000000000057e+02,6.307000000000000000e+07,6.970000000000000000e+07
6.356085126488763094e+07,-1.573295480000000271e-09,1.057800000000000011e+02,6.307000000000000000e+07,6.970000000000000000e+07
6.357770164701214433e+07,-1.572878500000000195e-09,1.057849999999999966e+02,6.307000000000000000e+07,6.970000000000000000e+07
6.363792039345442504e+07,-1.571390130000000051e-09,1.057900000000000063e+02,6.307000000000000000e+07,6.970000000000000000e+07
6.366385079332479835e+07,-1.570750100000000010e-09,1.057950000000000017e+02,6.307000000000000000e+07,6.970000000000000000e+07
6.364892718237484246e+07,-1.571118390000000116e-09,1.057999999999999972e+02,6.307000000000000000e+07,6.970000000000000000e+07
6.366024537230440229e+07,-1.570839060000000079e-09,1.058050000000000068e+02,6.307000000000000000e+07,6.970000000000000000e+07
6.368056767609027773e+07,-1.570337759999999924e-09,1.058100000000000023e+02,6.307000000000000000e+07,6.970000000000000000e+07
6.366416409840653837e+07,-1.570742370000000110e-09,1.058149999999999977e+02,6.307000000000000000e+07,6.970000000000000000e+07
6.365986361714529991e+07,-1.570848480000000062e-09,1.058200000000000074e+02,6.307000000000000000e+07,6.970000000000000000e+07
6.367980165524819493e+07,-1.570356649999999908e-09,1.058250000000000028e+02,6.307000000000000000e+07,6.970000000000000000e+07
6.366465209849230200e+07,-1.570730330000000036e-09,1.058299999999999983e+02,6.307000000000000000e+07,6.970000000000000000e+07
6.363316063229905069e+07,-1.571507670000000048e-09,1.058350000000000080e+02,6.307000000000000000e+07,6.970000000000000000e+07
6.363994940038535744e+07,-1.571340030000000003e-09,1.058400000000000034e+02,6.307000000000000000e+07,6.970000000000000000e+07
6.362997246839261055e+07,-1.571586410000000291e-09,1.058449999999999989e+02,6.307000000000000000e+07,6.970000000000000000e+07
6.359115910937885195e+07,-1.572545640000000133e-09,1.058500000000000085e+02,6.307000000000000000e+07,6.970000000000000000e+07
6.359700056194309145e+07,-1.572401200000000247e-09,1.058550000000000040e+02,6.307000000000000000e+07,6.970000000000000000e+07
6.361297459135581553e+07,-1.572006350000000111e-09,1.058599999999999994e+02,6.307000000000000000e+07,6.970000000000000000e+07
6.359122704588811845e+07,-1.572543960000000094e-09,1.058650000000000091e+02,6.307000000000000000e+07,6.970000000000000000e+07
6.358899451791012287e+07,-1.572599169999999950e-09,1.058700000000000045e+02,6.307000000000000000e+07,6.970000000000000000e+07
6.361557343081070483e+07,-1.571942130000000237e-09,1.058750000000000000e+02,6.307000000000000000e+07,6.970000000000000000e+07
6.360225530798822641e+07,-1.572271290000000153e-09,1.058799999999999955e+02,6.307000000000000000e+07,6.970000000000000000e+07
6.358899451791012287e+07,-1.572599169999999950e-09,1.058850000000000051e+02,6.307000000000000000e+07,6.970000000000000000e+07
6.361513515010016412e+07,-1.571952960000000091e-09,1.058900000000000006e+02,6.307000000000000000e+07,6.970000000000000000e+07
6.361867839562676102e+07,-1.571865410000000100e-09,1.058949999999999960e+02,6.307000000000000000e+07,6.970000000000000000e+07
6.359176528610109538e+07,-1.572530650000000153e-09,1.059000000000000057e+02,6.307000000000000000e+07,6.970000000000000000e+07
6.360037311031683534e+07,-1.572317820000000220e-09,1.059050000000000011e+02,6.307000000000000000e+07,6.970000000000000000e+07
6.361670011919034272e+07,-1.571914290000000089e-09,1.059099999999999966e+02,6.307000000000000000e+07,6.970000000000000000e+07
6.359481090254683793e+07,-1.572455340000000093e-09,1.059150000000000063e+02,6.307000000000000000e+07,6.970000000000000000e+07
6.359195858571153134e+07,-1.572525870000000159e-09,1.059200000000000017e+02,6.307000000000000000e+07,6.970000000000000000e+07
6.361267514358574152e+07,-1.572013749999999989e-09,1.059249999999999972e+02,6.307000000000000000e+07,6.970000000000000000e+07
6.357812000961428881e+07,-1.572868149999999998e-09,1.059300000000000068e+02,6.307000000000000000e+07,6.970000000000000000e+07
6.352726404991047084e+07,-1.574127290000000151e-09,1.059350000000000023e+02,6.307000000000000000e+07,6.970000000000000000e+07
6.352582857913444191e+07,-1.574162859999999992e-09,1.059399999999999977e+02,6.307000000000000000e+07,6.970000000000000000e+07
6.351000920285437256e+07,-1.574554960000000078e-09,1.059450000000000074e+02,6.307000000000000000e+07,6.970000000000000000e+07
6.346355445457289368e+07,-1.575707520000000047e-09,1.059500000000000028e+02,6.307000000000000000e+07,6.970000000000000000e+07
6.346119274448691308e+07,-1.575766160000000087e-09,1.059549999999999983e+02,6.307000000000000000e+07,6.970000000000000000e+07
6.346157212057998031e+07,-1.575756740000000104e-09,1.059600000000000080e+02,6.307000000000000000e+07,6.970000000000000000e+07
6.342364246925745159e+07,-1.576699100000000069e-09,1.059650000000000034e+02,6.307000000000000000e+07,6.970000000000000000e+07
6.343727543600978702e+07,-1.576360260000000045e-09,1.059699999999999989e+02,6.307000000000000000e+07,6.970000000000000000e+07
6.349148702967330813e+07,-1.575014300000000257e-09,1.059750000000000085e+02,6.307000000000000000e+07,6.970000000000000000e+07
6.349857622857394814e+07,-1.574838460000000080e-09,1.059800000000000040e+02,6.307000000000000000e+07,6.970000000000000000e+07
6.349936813683748245e+07,-1.574818820000000065e-09,1.059849999999999994e+02,6.307000000000000000e+07,6.970000000000000000e+07
6.353231474302623421e+07,-1.574002150000000213e-09,1.059900000000000091e+02,6.307000000000000000e+07,6.970000000000000000e+07
6.353675302539779991e+07,-1.573892200000000113e-09,1.059950000000000045e+02,6.307000000000000000e+07,6.970000000000000000e+07
6.351308491176740825e+07,-1.574478709999999967e-09,1.060000000000000000e+02,6.307000000000000000e+07,6.970000000000000000e+07
6.353135935216107965e+07,-1.574025819999999983e-09,1.060049999999999955e+02,6.307000000000000000e+07,6.970000000000000000e+07
6.354777613000512123e+07,-1.573619190000000104e-09,1.060100000000000051e+02,6.307000000000000000e+07,6.970000000000000000e+07
6.352845016818839312e+07,-1.574097900000000130e-09,1.060150000000000006e+02,6.307000000000000000e+07,6.970000000000000000e+07
6.353427445383396000e+07,-1.573953600000000246e-09,1.060199999999999960e+02,6.307000000000000000e+07,6.970000000000000000e+07
6.358668047260672599e+07,-1.572656400000000120e-09,1.060250000000000057e+02,6.307000000000000000e+07,6.970000000000000000e+07
6.362026822903116047e+07,-1.571826130000000069e-09,1.060300000000000011e+02,6.307000000000000000e+07,6.970000000000000000e+07
6.366421354657959193e+07,-1.570741150000000052e-09,1.060349999999999966e+02,6.307000000000000000e+07,6.970000000000000000e+07
6.373842484709406644e+07,-1.568912320000000112e-09,1.060400000000000063e+02,6.307000000000000000e+07,6.970000000000000000e+07
6.375834871742589772e+07,-1.568422050000000083e-09,1.060450000000000017e+02,6.307000000000000000e+07,6.970000000000000000e+07
6.373223487852349877e+07,-1.569064700000000007e-09,1.060499999999999972e+02,6.307000000000000000e+07,6.970000000000000000e+07
6.374479074382802099e+07,-1.568755640000000087e-09,1.060550000000000068e+02,6.307000000000000000e+07,6.970000000000000000e+07
6.375495411058664322e+07,-1.568505560000000068e-09,1.060600000000000023e+02,6.307000000000000000e+07,6.970000000000000000e+07
6.373394494126470387e+07,-1.569022600000000235e-09,1.060649999999999977e+02,6.307000000000000000e+07,6.970000000000000000e+07
6.373958026772510260e+07,-1.568883880000000187e-09,1.060700000000000074e+02,6.307000000000000000e+07,6.970000000000000000e+07
6.376710823688664287e+07,-1.568206600000000059e-09,1.060750000000000028e+02,6.307000000000000000e+07,6.970000000000000000e+07
6.376306461356826127e+07,-1.568306049999999915e-09,1.060799999999999983e+02,6.307000000000000000e+07,6.970000000000000000e+07
6.375397290851426125e+07,-1.568529700000000070e-09,1.060850000000000080e+02,6.307000000000000000e+07,6.970000000000000000e+07
6.378721442567756027e+07,-1.567712290000000024e-09,1.060900000000000034e+02,6.307000000000000000e+07,6.970000000000000000e+07
6.380025151845555753e+07,-1.567391940000000062e-09,1.060949999999999989e+02,6.307000000000000000e+07,6.970000000000000000e+07
6.379471778460849077e+07,-1.567527900000000017e-09,1.061000000000000085e+02,6.307000000000000000e+07,6.970000000000000000e+07
6.382793907569599897e+07,-1.566712030000000007e-09,1.061050000000000040e+02,6.307000000000000000e+07,6.970000000000000000e+07
6.385581459234352410e+07,-1.566028100000000034e-09,1.061099999999999994e+02,6.307000000000000000e+07,6.970000000000000000e+07
6.384755451415937394e+07,-1.566230700000000097e-09,1.061150000000000091e+02,6.307000000000000000e+07,6.970000000000000000e+07
6.387900600817185640e+07,-1.565459549999999949e-09,1.061200000000000045e+02,6.307000000000000000e+07,6.970000000000000000e+07
6.394120764531207830e+07,-1.563936680000000181e-09,1.061250000000000000e+02,6.307000000000000000e+07,6.970000000000000000e+07
6.396453806009947509e+07,-1.563366250000000200e-09,1.061299999999999955e+02,6.307000000000000000e+07,6.970000000000000000e+07
6.397493124406221509e+07,-1.563112269999999971e-09,1.061350000000000051e+02,6.307000000000000000e+07,6.970000000000000000e+07
6.401860780218844116e+07,-1.562045840000000078e-09,1.061400000000000006e+02,6.307000000000000000e+07,6.970000000000000000e+07
6.403181387375774235e+07,-1.561723680000000119e-09,1.061449999999999960e+02,6.307000000000000000e+07,6.970000000000000000e+07
6.401968528498890251e+07,-1.562019550000000218e-09,1.061500000000000057e+02,6.307000000000000000e+07,6.970000000000000000e+07
6.404967098100340366e+07,-1.561288270000000041e-09,1.061550000000000011e+02,6.307000000000000000e+07,6.970000000000000000e+07
6.406959413584330678e+07,-1.560802770000000167e-09,1.061599999999999966e+02,6.307000000000000000e+07,6.970000000000000000e+07
6.404275555842125416e+07,-1.561456860000000181e-09,1.061650000000000063e+02,6.307000000000000000e+07,6.970000000000000000e+07
6.403669169237653911e+07,-1.561604720000000207e-09,1.061700000000000017e+02,6.307000000000000000e+07,6.970000000000000000e+07
6.405386427803486586e+07,-1.561186060000000091e-09,1.061749999999999972e+02,6.307000000000000000e+07,6.970000000000000000e+07
6.403933593155433983e+07,-1.561540240000000208e-09,1.061800000000000068e+02,6.307000000000000000e+07,6.970000000000000000e+07
6.402509291929722577e+07,-1.561887620000000224e-09,1.061850000000000023e+02,6.307000000000000000e+07,6.970000000000000000e+07
6.405503936944424361e+07,-1.561157420000000102e-09,1.061899999999999977e+02,6.307000000000000000e+07,6.970000000000000000e+07
6.406287058368667960e+07,-1.560966580000000107e-09,1.061950000000000074e+02,6.307000000000000000e+07,6.970000000000000000e+07
6.404396100447753072e+07,-1.561427469999999953e-09,1.062000000000000028e+02,6.307000000000000000e+07,6.970000000000000000e+07
6.405738762993808836e+07,-1.561100190000000139e-09,1.062049999999999983e+02,6.307000000000000000e+07,6.970000000000000000e+07
6.407316889343246818e+07,-1.560715690000000201e-09,1.062100000000000080e+02,6.307000000000000000e+07,6.970000000000000000e+07
6.405206274639987200e+07,-1.561229970000000275e-09,1.062150000000000034e+02,6.307000000000000000e+07,6.970000000000000000e+07
6.405732402809313685e+07,-1.561101740000000013e-09,1.062199999999999989e+02,6.307000000000000000e+07,6.970000000000000000e+07
6.408421876255449653e+07,-1.560446580000000196e-09,1.062250000000000085e+02,6.307000000000000000e+07,6.970000000000000000e+07
6.407771591444533318e+07,-1.560604940000000053e-09,1.062300000000000040e+02,6.307000000000000000e+07,6.970000000000000000e+07
6.407885903234130144e+07,-1.560577100000000112e-09,1.062349999999999994e+02,6.307000000000000000e+07,6.970000000000000000e+07
6.411655343031478673e+07,-1.559659630000000181e-09,1.062400000000000091e+02,6.307000000000000000e+07,6.970000000000000000e+07
6.411986002378077805e+07,-1.559579200000000061e-09,1.062450000000000045e+02,6.307000000000000000e+07,6.970000000000000000e+07
6.410424642810818553e+07,-1.559959060000000009e-09,1.062500000000000000e+02,6.307000000000000000e+07,6.970000000000000000e+07
6.413251069621253014e+07,-1.559271560000000056e-09,1.062549999999999955e+02,6.307000000000000000e+07,6.970000000000000000e+07
6.415914465389404446e+07,-1.558624269999999935e-09,1.062600000000000051e+02,6.307000000000000000e+07,6.970000000000000000e+07
6.414465738924099505e+07,-1.558976289999999942e-09,1.062650000000000006e+02,6.307000000000000000e+07,6.970000000000000000e+07
6.415507585465211421e+07,-1.558723120000000013e-09,1.062699999999999960e+02,6.307000000000000000e+07,6.970000000000000000e+07
6.418251247322948277e+07,-1.558056799999999905e-09,1.062750000000000057e+02,6.307000000000000000e+07,6.970000000000000000e+07
6.416099626217926294e+07,-1.558579289999999948e-09,1.062800000000000011e+02,6.307000000000000000e+07,6.970000000000000000e+07
6.413990421680232137e+07,-1.559091820000000084e-09,1.062849999999999966e+02,6.307000000000000000e+07,6.970000000000000000e+07
6.416421892469611019e+07,-1.558501010000000100e-09,1.062900000000000063e+02,6.307000000000000000e+07,6.970000000000000000e+07
6.416287597207639366e+07,-1.558533630000000034e-09,1.062950000000000017e+02,6.307000000000000000e+07,6.970000000000000000e+07
6.413709082532320172e+07,-1.559160210000000130e-09,1.062999999999999972e+02,6.307000000000000000e+07,6.970000000000000000e+07
6.415176603974096477e+07,-1.558803540000000088e-09,1.063050000000000068e+02,6.307000000000000000e+07,6.970000000000000000e+07
6.415901169458385557e+07,-1.558627500000000055e-09,1.063100000000000023e+02,6.307000000000000000e+07,6.970000000000000000e+07
6.412703473237553239e+07,-1.559404710000000108e-09,1.063149999999999977e+02,6.307000000000000000e+07,6.970000000000000000e+07
6.412922788448104262e+07,-1.559351380000000147e-09,1.063200000000000074e+02,6.307000000000000000e+07,6.970000000000000000e+07
6.414427556247361004e+07,-1.558985570000000129e-09,1.063250000000000028e+02,6.307000000000000000e+07,6.970000000000000000e+07
6.411441129499993473e+07,-1.559711740000000083e-09,1.063299999999999983e+02,6.307000000000000000e+07,6.970000000000000000e+07
6.407854697024775296e+07,-1.560584700000000053e-09,1.063350000000000080e+02,6.307000000000000000e+07,6.970000000000000000e+07
6.408578718293099105e+07,-1.560408390000000264e-09,1.063400000000000034e+02,6.307000000000000000e+07,6.970000000000000000e+07
6.406956909588444978e+07,-1.560803380000000196e-09,1.063449999999999989e+02,6.307000000000000000e+07,6.970000000000000000e+07
6.402855530142479390e+07,-1.561803160000000143e-09,1.063500000000000085e+02,6.307000000000000000e+07,6.970000000000000000e+07
6.402969666597113758e+07,-1.561775319999999995e-09,1.063550000000000040e+02,6.307000000000000000e+07,6.970000000000000000e+07
6.402464897765921056e+07,-1.561898450000000078e-09,1.063599999999999994e+02,6.307000000000000000e+07,6.970000000000000000e+07
6.398360995847303420e+07,-1.562900250000000132e-09,1.063650000000000091e+02,6.307000000000000000e+07,6.970000000000000000e+07
6.396660717942776531e+07,-1.563315680000000127e-09,1.063700000000000045e+02,6.307000000000000000e+07,6.970000000000000000e+07
6.395945686780498177e+07,-1.563490450000000087e-09,1.063750000000000000e+02,6.307000000000000000e+07,6.970000000000000000e+07
6.390505079576038569e+07,-1.564821540000000222e-09,1.063799999999999955e+02,6.307000000000000000e+07,6.970000000000000000e+07
6.386180632084617764e+07,-1.565881170000000016e-09,1.063850000000000051e+02,6.307000000000000000e+07,6.970000000000000000e+07
6.385299059568046033e+07,-1.566097360000000233e-09,1.063900000000000006e+02,6.307000000000000000e+07,6.970000000000000000e+07
6.381271896098139882e+07,-1.567085710000000135e-09,1.063949999999999960e+02,6.307000000000000000e+07,6.970000000000000000e+07
6.376138591850449890e+07,-1.568347340000000214e-09,1.064000000000000057e+02,6.307000000000000000e+07,6.970000000000000000e+07
6.376702081275850534e+07,-1.568208750000000124e-09,1.064050000000000011e+02,6.307000000000000000e+07,6.970000000000000000e+07
6.378128062019692361e+07,-1.567858140000000195e-09,1.064099999999999966e+02,6.307000000000000000e+07,6.970000000000000000e+07
6.376217870365674794e+07,-1.568327840000000202e-09,1.064150000000000063e+02,6.307000000000000000e+07,6.970000000000000000e+07
6.378146408985894918e+07,-1.567853630000000163e-09,1.064200000000000017e+02,6.307000000000000000e+07,6.970000000000000000e+07
6.382827314592062682e+07,-1.566703830000000081e-09,1.064249999999999972e+02,6.307000000000000000e+07,6.970000000000000000e+07
6.384938288134833425e+07,-1.566185850000000276e-09,1.064300000000000068e+02,6.307000000000000000e+07,6.970000000000000000e+07
6.387719512144564837e+07,-1.565503930000000158e-09,1.064350000000000023e+02,6.307000000000000000e+07,6.970000000000000000e+07
6.393945087456860393e+07,-1.563979650000000106e-09,1.064399999999999977e+02,6.307000000000000000e+07,6.970000000000000000e+07
6.396253248824927211e+07,-1.563415269999999986e-09,1.064450000000000074e+02,6.307000000000000000e+07,6.970000000000000000e+07
6.396205136609414220e+07,-1.563427030000000054e-09,1.064500000000000028e+02,6.307000000000000000e+07,6.970000000000000000e+07
6.399592883499123156e+07,-1.562599400000000182e-09,1.064549999999999983e+02,6.307000000000000000e+07,6.970000000000000000e+07
6.400885309007442743e+07,-1.562283890000000068e-09,1.064600000000000080e+02,6.307000000000000000e+07,6.970000000000000000e+07
6.398778396418783069e+07,-1.562798300000000100e-09,1.064650000000000034e+02,6.307000000000000000e+07,6.970000000000000000e+07
6.399031688286478072e+07,-1.562736439999999985e-09,1.064699999999999989e+02,6.307000000000000000e+07,6.970000000000000000e+07
6.399778536943684518e+07,-1.562554070000000084e-09,1.064750000000000085e+02,6.307000000000000000e+07,6.970000000000000000e+07
6.396080481880703568e+07,-1.563457500000000130e-09,1.064800000000000040e+02,6.307000000000000000e+07,6.970000000000000000e+07
6.392856366581726074e+07,-1.564246000000000225e-09,1.064849999999999994e+02,6.307000000000000000e+07,6.970000000000000000e+07
6.393313964319835603e+07,-1.564134040000000063e-09,1.064900000000000091e+02,6.307000000000000000e+07,6.970000000000000000e+07
6.391033206575072557e+07,-1.564692229999999906e-09,1.064950000000000045e+02,6.307000000000000000e+07,6.970000000000000000e+07
6.387086027406219393e+07,-1.565659200000000106e-09,1.065000000000000000e+02,6.307000000000000000e+07,6.970000000000000000e+07
6.387075339168709517e+07,-1.565661820000000197e-09,1.065049999999999955e+02,6.307000000000000000e+07,6.970000000000000000e+07
6.385881745245644450e+07,-1.565954459999999969e-09,1.065100000000000051e+02,6.307000000000000000e+07,6.970000000000000000e+07
6.380371974920492619e+07,-1.567306740000000200e-09,1.065150000000000006e+02,6.307000000000000000e+07,6.970000000000000000e+07
6.378023026653068513e+07,-1.567883960000000236e-09,1.065199999999999960e+02,6.307000000000000000e+07,6.970000000000000000e+07
6.377462598190762103e+07,-1.568021740000000233e-09,1.065250000000000057e+02,6.307000000000000000e+07,6.970000000000000000e+07
6.372402582421244681e+07,-1.569266830000000044e-09,1.065300000000000011e+02,6.307000000000000000e+07,6.970000000000000000e+07
6.368397910543929785e+07,-1.570253640000000117e-09,1.065349999999999966e+02,6.307000000000000000e+07,6.970000000000000000e+07
6.368297575363675505e+07,-1.570278380000000104e-09,1.065400000000000063e+02,6.307000000000000000e+07,6.970000000000000000e+07
6.365104642829535902e+07,-1.571066080000000150e-09,1.065450000000000017e+02,6.307000000000000000e+07,6.970000000000000000e+07
6.359624423476196826e+07,-1.572419900000000211e-09,1.065499999999999972e+02,6.307000000000000000e+07,6.970000000000000000e+07
6.358326611787313223e+07,-1.572740850000000157e-09,1.065550000000000068e+02,6.307000000000000000e+07,6.970000000000000000e+07
6.356731185242151469e+07,-1.573135580000000171e-09,1.065600000000000023e+02,6.307000000000000000e+07,6.970000000000000000e+07
6.351880107602373511e+07,-1.574337020000000130e-09,1.065649999999999977e+02,6.307000000000000000e+07,6.970000000000000000e+07
6.350443334927442670e+07,-1.574693210000000101e-09,1.065700000000000074e+02,6.307000000000000000e+07,6.970000000000000000e+07
6.350750851813510805e+07,-1.574616959999999990e-09,1.065750000000000028e+02,6.307000000000000000e+07,6.970000000000000000e+07
6.347579031453130394e+07,-1.575403780000000045e-09,1.065799999999999983e+02,6.307000000000000000e+07,6.970000000000000000e+07
6.345726916629884392e+07,-1.575863590000000043e-09,1.065850000000000080e+02,6.307000000000000000e+07,6.970000000000000000e+07
6.348123137718563527e+07,-1.575268750000000098e-09,1.065900000000000034e+02,6.307000000000000000e+07,6.970000000000000000e+07
6.347127956969824433e+07,-1.575515740000000001e-09,1.065949999999999989e+02,6.307000000000000000e+07,6.970000000000000000e+07
6.344424184089761227e+07,-1.576187170000000125e-09,1.066000000000000085e+02,6.307000000000000000e+07,6.970000000000000000e+07
6.345866368644475192e+07,-1.575828960000000047e-09,1.066050000000000040e+02,6.307000000000000000e+07,6.970000000000000000e+07
6.347346596803791821e+07,-1.575461470000000196e-09,1.066099999999999994e+02,6.307000000000000000e+07,6.970000000000000000e+07
6.344644529647804052e+07,-1.576132430000000087e-09,1.066150000000000091e+02,6.307000000000000000e+07,6.970000000000000000e+07
6.344783370505515486e+07,-1.576097940000000094e-09,1.066200000000000045e+02,6.307000000000000000e+07,6.970000000000000000e+07
6.345834676297037303e+07,-1.575836830000000157e-09,1.066250000000000000e+02,6.307000000000000000e+07,6.970000000000000000e+07
6.342746211850323528e+07,-1.576604150000000201e-09,1.066299999999999955e+02,6.307000000000000000e+07,6.970000000000000000e+07
6.340371333611325175e+07,-1.577194690000000016e-09,1.066350000000000051e+02,6.307000000000000000e+07,6.970000000000000000e+07
6.341904984463346750e+07,-1.576813280000000194e-09,1.066400000000000006e+02,6.307000000000000000e+07,6.970000000000000000e+07
6.340766326249521971e+07,-1.577096440000000130e-09,1.066449999999999960e+02,6.307000000000000000e+07,6.970000000000000000e+07
6.337976661795298010e+07,-1.577790599999999972e-09,1.066500000000000057e+02,6.307000000000000000e+07,6.970000000000000000e+07
6.338627160353094339e+07,-1.577628679999999972e-09,1.066550000000000011e+02,6.307000000000000000e+07,6.970000000000000000e+07
6.337840528765020519e+07,-1.577824490000000187e-09,1.066599999999999966e+02,6.307000000000000000e+07,6.970000000000000000e+07
6.333843300615400821e+07,-1.578820240000000173e-09,1.066650000000000063e+02,6.307000000000000000e+07,6.970000000000000000e+07
6.333374200485923886e+07,-1.578937180000000185e-09,1.066700000000000017e+02,6.307000000000000000e+07,6.970000000000000000e+07
6.335294444846383482e+07,-1.578458600000000119e-09,1.066749999999999972e+02,6.307000000000000000e+07,6.970000000000000000e+07
6.333215362419705093e+07,-1.578976780000000194e-09,1.066800000000000068e+02,6.307000000000000000e+07,6.970000000000000000e+07
6.331233324441538751e+07,-1.579471090000000023e-09,1.066850000000000023e+02,6.307000000000000000e+07,6.970000000000000000e+07
6.333508256386697292e+07,-1.578903759999999996e-09,1.066899999999999977e+02,6.307000000000000000e+07,6.970000000000000000e+07
6.333324582789868116e+07,-1.578949550000000075e-09,1.066950000000000074e+02,6.307000000000000000e+07,6.970000000000000000e+07
6.331528480487742275e+07,-1.579397460000000209e-09,1.067000000000000028e+02,6.307000000000000000e+07,6.970000000000000000e+07
6.332919487599684298e+07,-1.579050550000000218e-09,1.067049999999999983e+02,6.307000000000000000e+07,6.970000000000000000e+07
6.331922853194324672e+07,-1.579299089999999995e-09,1.067100000000000080e+02,6.307000000000000000e+07,6.970000000000000000e+07
6.326375804537864029e+07,-1.580683840000000112e-09,1.067150000000000034e+02,6.307000000000000000e+07,6.970000000000000000e+07
6.323958856930775940e+07,-1.581287960000000245e-09,1.067199999999999989e+02,6.307000000000000000e+07,6.970000000000000000e+07
6.323574072936534137e+07,-1.581384179999999981e-09,1.067250000000000085e+02,6.307000000000000000e+07,6.970000000000000000e+07
6.318915434498166293e+07,-1.582550060000000143e-09,1.067300000000000040e+02,6.307000000000000000e+07,6.970000000000000000e+07
6.316204800717359036e+07,-1.583229220000000166e-09,1.067349999999999994e+02,6.307000000000000000e+07,6.970000000000000000e+07
6.317397710244038701e+07,-1.582930259999999951e-09,1.067400000000000091e+02,6.307000000000000000e+07,6.970000000000000000e+07
6.315805083695090562e+07,-1.583329420000000261e-09,1.067450000000000045e+02,6.307000000000000000e+07,6.970000000000000000e+07
6.312675596935284883e+07,-1.584114349999999962e-09,1.067500000000000000e+02,6.307000000000000000e+07,6.970000000000000000e+07
6.313994783806860447e+07,-1.583783380000000255e-09,1.067549999999999955e+02,6.307000000000000000e+07,6.970000000000000000e+07
6.313824558312615007e+07,-1.583826080000000011e-09,1.067600000000000051e+02,6.307000000000000000e+07,6.970000000000000000e+07
6.309521860332234949e+07,-1.584906150000000075e-09,1.067650000000000006e+02,6.307000000000000000e+07,6.970000000000000000e+07
6.308277842041606456e+07,-1.585218700000000032e-09,1.067699999999999960e+02,6.307000000000000000e+07,6.970000000000000000e+07
6.308133869299301505e+07,-1.585254880000000109e-09,1.067750000000000057e+02,6.307000000000000000e+07,6.970000000000000000e+07
6.304283863645174354e+07,-1.586222990000000011e-09,1.067800000000000011e+02,6.307000000000000000e+07,6.970000000000000000e+07
6.302121459198748320e+07,-1.586767260000000090e-09,1.067849999999999966e+02,6.307000000000000000e+07,6.970000000000000000e+07
6.302989548281883448e+07,-1.586548719999999950e-09,1.067900000000000063e+02,6.307000000000000000e+07,6.970000000000000000e+07
6.301572423174710572e+07,-1.586905510000000113e-09,1.067950000000000017e+02,6.307000000000000000e+07,6.970000000000000000e+07
6.298625030941207707e+07,-1.587648090000000169e-09,1.067999999999999972e+02,6.307000000000000000e+07,6.970000000000000000e+07
6.300635291796345264e+07,-1.587141539999999996e-09,1.068050000000000068e+02,6.307000000000000000e+07,6.970000000000000000e+07
6.302127615298669040e+07,-1.586765710000000216e-09,1.068100000000000023e+02,6.307000000000000000e+07,6.970000000000000000e+07
6.301347594223939627e+07,-1.586962130000000253e-09,1.068149999999999977e+02,6.307000000000000000e+07,6.970000000000000000e+07
6.304132084982374310e+07,-1.586261179999999942e-09,1.068200000000000074e+02,6.307000000000000000e+07,6.970000000000000000e+07
6.307818688236244768e+07,-1.585334089999999964e-09,1.068250000000000028e+02,6.307000000000000000e+07,6.970000000000000000e+07
6.306768961786504090e+07,-1.585597960000000202e-09,1.068299999999999983e+02,6.307000000000000000e+07,6.970000000000000000e+07
6.306923293861831725e+07,-1.585559160000000242e-09,1.068350000000000080e+02,6.307000000000000000e+07,6.970000000000000000e+07
6.310670510193161666e+07,-1.584617670000000223e-09,1.068400000000000034e+02,6.307000000000000000e+07,6.970000000000000000e+07
6.311150950461857766e+07,-1.584497040000000109e-09,1.068449999999999989e+02,6.307000000000000000e+07,6.970000000000000000e+07
6.310018211469760537e+07,-1.584781480000000163e-09,1.068500000000000085e+02,6.307000000000000000e+07,6.970000000000000000e+07
6.313483616677322239e+07,-1.583911610000000103e-09,1.068550000000000040e+02,6.307000000000000000e+07,6.970000000000000000e+07
6.315462572045770288e+07,-1.583415290000000213e-09,1.068599999999999994e+02,6.307000000000000000e+07,6.970000000000000000e+07
6.313682763895445317e+07,-1.583861650000000059e-09,1.068650000000000091e+02,6.307000000000000000e+07,6.970000000000000000e+07
6.315629136480511725e+07,-1.583373530000000094e-09,1.068700000000000045e+02,6.307000000000000000e+07,6.970000000000000000e+07
6.319536786042590439e+07,-1.582394459999999966e-09,1.068750000000000000e+02,6.307000000000000000e+07,6.970000000000000000e+07
6.318736878432014585e+07,-1.582594780000000005e-09,1.068799999999999955e+02,6.307000000000000000e+07,6.970000000000000000e+07
6.319494094164189696e+07,-1.582405150000000230e-09,1.068850000000000051e+02,6.307000000000000000e+07,6.970000000000000000e+07
6.324213019200734794e+07,-1.581224410000000046e-09,1.068900000000000006e+02,6.307000000000000000e+07,6.970000000000000000e+07
6.327856923307626694e+07,-1.580313860000000129e-09,1.068949999999999960e+02,6.307000000000000000e+07,6.970000000000000000e+07
6.331059202095469832e+07,-1.579514529999999974e-09,1.069000000000000057e+02,6.307000000000000000e+07,6.970000000000000000e+07
6.338423985737277567e+07,-1.577679250000000252e-09,1.069050000000000011e+02,6.307000000000000000e+07,6.970000000000000000e+07
6.342914218573994190e+07,-1.576562390000000289e-09,1.069099999999999966e+02,6.307000000000000000e+07,6.970000000000000000e+07
6.342702642594452947e+07,-1.576614980000000055e-09,1.069150000000000063e+02,6.307000000000000000e+07,6.970000000000000000e+07
6.345494577333872020e+07,-1.575921290000000032e-09,1.069200000000000017e+02,6.307000000000000000e+07,6.970000000000000000e+07
6.349826979279485345e+07,-1.574846060000000228e-09,1.069249999999999972e+02,6.307000000000000000e+07,6.970000000000000000e+07
6.350269243160559982e+07,-1.574736380000000090e-09,1.069300000000000068e+02,6.307000000000000000e+07,6.970000000000000000e+07
6.351992433913140744e+07,-1.574309179999999982e-09,1.069350000000000023e+02,6.307000000000000000e+07,6.970000000000000000e+07
6.357623924013475329e+07,-1.572914680000000065e-09,1.069399999999999977e+02,6.307000000000000000e+07,6.970000000000000000e+07
6.360600951867748797e+07,-1.572178490000000142e-09,1.069450000000000074e+02,6.307000000000000000e+07,6.970000000000000000e+07
6.362798782157768309e+07,-1.571635430000000077e-09,1.069500000000000028e+02,6.307000000000000000e+07,6.970000000000000000e+07
6.369551748974131793e+07,-1.569969190000000019e-09,1.069549999999999983e+02,6.307000000000000000e+07,6.970000000000000000e+07
6.373150010777952522e+07,-1.569082790000000149e-09,1.069600000000000080e+02,6.307000000000000000e+07,6.970000000000000000e+07
6.372548935265283287e+07,-1.569230790000000178e-09,1.069650000000000034e+02,6.307000000000000000e+07,6.970000000000000000e+07
6.375795237000422925e+07,-1.568431800000000089e-09,1.069699999999999989e+02,6.307000000000000000e+07,6.970000000000000000e+07
6.378482327642914653e+07,-1.567771060000000229e-09,1.069750000000000085e+02,6.307000000000000000e+07,6.970000000000000000e+07
6.375732391537347436e+07,-1.568447260000000095e-09,1.069800000000000040e+02,6.307000000000000000e+07,6.970000000000000000e+07
6.374315648691219091e+07,-1.568795860000000170e-09,1.069849999999999994e+02,6.307000000000000000e+07,6.970000000000000000e+07
6.374910799060644954e+07,-1.568649399999999970e-09,1.069900000000000091e+02,6.307000000000000000e+07,6.970000000000000000e+07
6.372586620992724597e+07,-1.569221509999999990e-09,1.069950000000000045e+02,6.307000000000000000e+07,6.970000000000000000e+07
6.369827279840168357e+07,-1.569901280000000250e-09,1.070000000000000000e+02,6.307000000000000000e+07,6.970000000000000000e+07
6.371980454663617164e+07,-1.569370790000000138e-09,1.070049999999999955e+02,6.307000000000000000e+07,6.970000000000000000e+07
6.372066451145962626e+07,-1.569349610000000086e-09,1.070100000000000051e+02,6.307000000000000000e+07,6.970000000000000000e+07
6.368995769356345385e+07,-1.570106240000000279e-09,1.070150000000000006e+02,6.307000000000000000e+07,6.970000000000000000e+07
6.369896866210120171e+07,-1.569884129999999953e-09,1.070199999999999960e+02,6.307000000000000000e+07,6.970000000000000000e+07
6.372541300711002201e+07,-1.569232670000000281e-09,1.070250000000000057e+02,6.307000000000000000e+07,6.970000000000000000e+07
6.371827307091638446e+07,-1.569408510000000044e-09,1.070300000000000011e+02,6.307000000000000000e+07,6.970000000000000000e+07
6.373116704978339374e+07,-1.569090990000000074e-09,1.070349999999999966e+02,6.307000000000000000e+07,6.970000000000000000e+07
6.377955744002887607e+07,-1.567900500000000091e-09,1.070400000000000063e+02,6.307000000000000000e+07,6.970000000000000000e+07
6.379847521389044821e+07,-1.567435580000000077e-09,1.070450000000000017e+02,6.307000000000000000e+07,6.970000000000000000e+07
6.379895957677505165e+07,-1.567423680000000213e-09,1.070499999999999972e+02,6.307000000000000000e+07,6.970000000000000000e+07
6.383545690917705745e+07,-1.566527520000000085e-09,1.070550000000000068e+02,6.307000000000000000e+07,6.970000000000000000e+07
6.384902942962665111e+07,-1.566194520000000227e-09,1.070600000000000023e+02,6.307000000000000000e+07,6.970000000000000000e+07
6.382490897403176129e+07,-1.566786410000000059e-09,1.070649999999999977e+02,6.307000000000000000e+07,6.970000000000000000e+07
6.382691162797079980e+07,-1.566737250000000271e-09,1.070700000000000074e+02,6.307000000000000000e+07,6.970000000000000000e+07
6.384431996717379987e+07,-1.566310050000000163e-09,1.070750000000000028e+02,6.307000000000000000e+07,6.970000000000000000e+07
6.383272231694041193e+07,-1.566594630000000013e-09,1.070799999999999983e+02,6.307000000000000000e+07,6.970000000000000000e+07
6.385334979940949380e+07,-1.566088550000000072e-09,1.070850000000000080e+02,6.307000000000000000e+07,6.970000000000000000e+07
6.391641655320650339e+07,-1.564543280000000194e-09,1.070900000000000034e+02,6.307000000000000000e+07,6.970000000000000000e+07
6.394299763110376894e+07,-1.563892899999999957e-09,1.070949999999999989e+02,6.307000000000000000e+07,6.970000000000000000e+07
6.395572421959146112e+07,-1.563581700000000223e-09,1.071000000000000085e+02,6.307000000000000000e+07,6.970000000000000000e+07
6.400451984558064491e+07,-1.562389660000000159e-09,1.071050000000000040e+02,6.307000000000000000e+07,6.970000000000000000e+07
6.402887794596946985e+07,-1.561795290000000240e-09,1.071099999999999994e+02,6.307000000000000000e+07,6.970000000000000000e+07
6.402093371855753660e+07,-1.561989089999999979e-09,1.071150000000000091e+02,6.307000000000000000e+07,6.970000000000000000e+07
6.405015916560627520e+07,-1.561276370000000176e-09,1.071200000000000045e+02,6.307000000000000000e+07,6.970000000000000000e+07
6.409090777413226664e+07,-1.560283719999999938e-09,1.071250000000000000e+02,6.307000000000000000e+07,6.970000000000000000e+07
6.409116203833301365e+07,-1.560277530000000074e-09,1.071299999999999955e+02,6.307000000000000000e+07,6.970000000000000000e+07
6.411511628055335581e+07,-1.559694590000000200e-09,1.071350000000000051e+02,6.307000000000000000e+07,6.970000000000000000e+07
6.417091929487863928e+07,-1.558338280000000214e-09,1.071400000000000006e+02,6.307000000000000000e+07,6.970000000000000000e+07
6.419460888410633057e+07,-1.557763210000000243e-09,1.071449999999999960e+02,6.307000000000000000e+07,6.970000000000000000e+07
6.420427272500923276e+07,-1.557528740000000071e-09,1.071500000000000057e+02,6.307000000000000000e+07,6.970000000000000000e+07
6.424615632111346722e+07,-1.556513350000000070e-09,1.071550000000000011e+02,6.307000000000000000e+07,6.970000000000000000e+07
6.427067352497309446e+07,-1.555919590000000179e-09,1.071599999999999966e+02,6.307000000000000000e+07,6.970000000000000000e+07
6.426145590741652250e+07,-1.556142769999999895e-09,1.071650000000000063e+02,6.307000000000000000e+07,6.970000000000000000e+07
6.427550435140344501e+07,-1.555802649999999960e-09,1.071700000000000017e+02,6.307000000000000000e+07,6.970000000000000000e+07
6.428811939610106498e+07,-1.555497360000000084e-09,1.071749999999999972e+02,6.307000000000000000e+07,6.970000000000000000e+07
6.424462420418658853e+07,-1.556550469999999991e-09,1.071800000000000068e+02,6.307000000000000000e+07,6.970000000000000000e+07
6.421900922103413939e+07,-1.557171330000000249e-09,1.071850000000000023e+02,6.307000000000000000e+07,6.970000000000000000e+07
6.425075269756785035e+07,-1.556402000000000143e-09,1.071899999999999977e+02,6.307000000000000000e+07,6.970000000000000000e+07
6.429689156549132615e+07,-1.555285140000000180e-09,1.071950000000000074e+02,6.307000000000000000e+07,6.970000000000000000e+07
6.437304022314012796e+07,-1.553445350000000221e-09,1.072000000000000028e+02,6.307000000000000000e+07,6.970000000000000000e+07
6.451347149344848841e+07,-1.550063849999999905e-09,1.072049999999999983e+02,6.307000000000000000e+07,6.970000000000000000e+07
6.464571950986417383e+07,-1.546892830000000014e-09,1.072100000000000080e+02,6.307000000000000000e+07,6.970000000000000000e+07
6.475549081071342528e+07,-1.544270590000000026e-09,1.072150000000000034e+02,6.307000000000000000e+07,6.970000000000000000e+07
6.490675758078312129e+07,-1.540671630000000246e-09,1.072199999999999989e+02,6.307000000000000000e+07,6.970000000000000000e+07
6.506252410973158479e+07,-1.536983100000000162e-09,1.072250000000000085e+02,6.307000000000000000e+07,6.970000000000000000e+07
6.517064963934855908e+07,-1.534433070000000073e-09,1.072300000000000040e+02,6.307000000000000000e+07,6.970000000000000000e+07
6.529176529613527656e+07,-1.531586710000000111e-09,1.072349999999999994e+02,6.307000000000000000e+07,6.970000000000000000e+07
6.544117337175620347e+07,-1.528089960000000074e-09,1.072400000000000091e+02,6.307000000000000000e+07,6.970000000000000000e+07
6.555313952176165581e+07,-1.525479950000000180e-09,1.072450000000000045e+02,6.307000000000000000e+07,6.970000000000000000e+07
6.566129678513492644e+07,-1.522967180000000016e-09,1.072500000000000000e+02,6.307000000000000000e+07,6.970000000000000000e+07
6.581443857292631269e+07,-1.519423430000000092e-09,1.072549999999999955e+02,6.307000000000000000e+07,6.970000000000000000e+07
6.594782743389788270e+07,-1.516350180000000224e-09,1.072600000000000051e+02,6.307000000000000000e+07,6.970000000000000000e+07
6.604769584158951789e+07,-1.514057360000000070e-09,1.072650000000000006e+02,6.307000000000000000e+07,6.970000000000000000e+07
6.617894329632617533e+07,-1.511054650000000105e-09,1.072699999999999960e+02,6.307000000000000000e+07,6.970000000000000000e+07
6.631100581866476685e+07,-1.508045290000000089e-09,1.072750000000000057e+02,6.307000000000000000e+07,6.970000000000000000e+07
6.639711077487466484e+07,-1.506089630000000127e-09,1.072800000000000011e+02,6.307000000000000000e+07,6.970000000000000000e+07
6.651513233561388403e+07,-1.503417290000000092e-09,1.072849999999999966e+02,6.307000000000000000e+07,6.970000000000000000e+07
6.666419698038253933e+07,-1.500055570000000002e-09,1.072900000000000063e+02,6.307000000000000000e+07,6.970000000000000000e+07
6.677523340247820318e+07,-1.497561220000000003e-09,1.072950000000000017e+02,6.307000000000000000e+07,6.970000000000000000e+07
6.687440129438346624e+07,-1.495340490000000040e-09,1.072999999999999972e+02,6.307000000000000000e+07,6.970000000000000000e+07
6.702291355910739303e+07,-1.492027049999999955e-09,1.073050000000000068e+02,6.307000000000000000e+07,6.970000000000000000e+07
6.713721935240821540e+07,-1.489486770000000079e-09,1.073100000000000023e+02,6.307000000000000000e+07,6.970000000000000000e+07
6.721636885278159380e+07,-1.487732850000000071e-09,1.073149999999999977e+02,6.307000000000000000e+07,6.970000000000000000e+07
6.733334171408993006e+07,-1.485148329999999990e-09,1.073200000000000074e+02,6.307000000000000000e+07,6.970000000000000000e+07
6.743857898227994144e+07,-1.482830770000000263e-09,1.073250000000000028e+02,6.307000000000000000e+07,6.970000000000000000e+07
6.749559582800272107e+07,-1.481578150000000202e-09,1.073299999999999983e+02,6.307000000000000000e+07,6.970000000000000000e+07
6.758273623873227835e+07,-1.479667820000000131e-09,1.073350000000000080e+02,6.307000000000000000e+07,6.970000000000000000e+07
6.770019361916874349e+07,-1.477100649999999997e-09,1.073400000000000034e+02,6.307000000000000000e+07,6.970000000000000000e+07
6.777607424874356389e+07,-1.475446920000000039e-09,1.073449999999999989e+02,6.307000000000000000e+07,6.970000000000000000e+07
6.784991812516453862e+07,-1.473841130000000226e-09,1.073500000000000085e+02,6.307000000000000000e+07,6.970000000000000000e+07
6.797087920903213322e+07,-1.471218280000000002e-09,1.073550000000000040e+02,6.307000000000000000e+07,6.970000000000000000e+07
6.807141099441780150e+07,-1.469045500000000022e-09,1.073599999999999994e+02,6.307000000000000000e+07,6.970000000000000000e+07
6.813600229503859580e+07,-1.467652880000000001e-09,1.073650000000000091e+02,6.307000000000000000e+07,6.970000000000000000e+07
6.823517359024749696e+07,-1.465519830000000196e-09,1.073700000000000045e+02,6.307000000000000000e+07,6.970000000000000000e+07
6.833365058369511366e+07,-1.463407839999999907e-09,1.073750000000000000e+02,6.307000000000000000e+07,6.970000000000000000e+07
6.838316573041108251e+07,-1.462348210000000113e-09,1.073799999999999955e+02,6.307000000000000000e+07,6.970000000000000000e+07
6.845363418358723819e+07,-1.460842820000000251e-09,1.073850000000000051e+02,6.307000000000000000e+07,6.970000000000000000e+07
6.854580184210672975e+07,-1.458878550000000191e-09,1.073900000000000006e+02,6.307000000000000000e+07,6.970000000000000000e+07
6.857341398727995157e+07,-1.458291110000000123e-09,1.073949999999999960e+02,6.307000000000000000e+07,6.970000000000000000e+07
6.858885750963899493e+07,-1.457962760000000093e-09,1.074000000000000057e+02,6.307000000000000000e+07,6.970000000000000000e+07
6.865768082263545692e+07,-1.456501280000000000e-09,1.074050000000000011e+02,6.307000000000000000e+07,6.970000000000000000e+07
6.871535590785323083e+07,-1.455278789999999949e-09,1.074099999999999966e+02,6.307000000000000000e+07,6.970000000000000000e+07
6.875116769561383128e+07,-1.454520750000000093e-09,1.074150000000000063e+02,6.307000000000000000e+07,6.970000000000000000e+07
6.884051852688696980e+07,-1.452632870000000147e-09,1.074200000000000017e+02,6.307000000000000000e+07,6.970000000000000000e+07
6.892123321010699868e+07,-1.450931670000000070e-09,1.074249999999999972e+02,6.307000000000000000e+07,6.970000000000000000e+07
6.894814848951809108e+07,-1.450365270000000051e-09,1.074300000000000068e+02,6.307000000000000000e+07,6.970000000000000000e+07
6.899505283392763138e+07,-1.449379280000000115e-09,1.074350000000000023e+02,6.307000000000000000e+07,6.970000000000000000e+07
6.906872974041484296e+07,-1.447833200000000145e-09,1.074399999999999977e+02,6.307000000000000000e+07,6.970000000000000000e+07
6.910223577657970786e+07,-1.447131180000000031e-09,1.074450000000000074e+02,6.307000000000000000e+07,6.970000000000000000e+07
6.912571584949597716e+07,-1.446639630000000089e-09,1.074500000000000028e+02,6.307000000000000000e+07,6.970000000000000000e+07
6.919684180631823838e+07,-1.445152659999999978e-09,1.074549999999999983e+02,6.307000000000000000e+07,6.970000000000000000e+07
6.923217091595269740e+07,-1.444415199999999982e-09,1.074600000000000080e+02,6.307000000000000000e+07,6.970000000000000000e+07
6.923755397846254706e+07,-1.444302900000000166e-09,1.074650000000000034e+02,6.307000000000000000e+07,6.970000000000000000e+07
6.929531707236488163e+07,-1.443098960000000031e-09,1.074699999999999989e+02,6.307000000000000000e+07,6.970000000000000000e+07
6.935820570377330482e+07,-1.441790470000000069e-09,1.074750000000000085e+02,6.307000000000000000e+07,6.970000000000000000e+07
6.938103162697555125e+07,-1.441316130000000072e-09,1.074800000000000040e+02,6.307000000000000000e+07,6.970000000000000000e+07
6.943092277223455906e+07,-1.440280440000000010e-09,1.074849999999999994e+02,6.307000000000000000e+07,6.970000000000000000e+07
6.948787243449732661e+07,-1.439100040000000099e-09,1.074900000000000091e+02,6.307000000000000000e+07,6.970000000000000000e+07
6.949053210957355797e+07,-1.439044959999999995e-09,1.074950000000000045e+02,6.307000000000000000e+07,6.970000000000000000e+07
6.948532690859030187e+07,-1.439152760000000030e-09,1.075000000000000000e+02,6.307000000000000000e+07,6.970000000000000000e+07
6.953520913924060762e+07,-1.438120360000000149e-09,1.075049999999999955e+02,6.307000000000000000e+07,6.970000000000000000e+07
6.956512157291081548e+07,-1.437501979999999979e-09,1.075100000000000051e+02,6.307000000000000000e+07,6.970000000000000000e+07
6.956696346159422398e+07,-1.437463920000000006e-09,1.075150000000000006e+02,6.307000000000000000e+07,6.970000000000000000e+07
6.962715189327505231e+07,-1.436221320000000120e-09,1.075199999999999960e+02,6.307000000000000000e+07,6.970000000000000000e+07
6.969693854455019534e+07,-1.434783250000000087e-09,1.075250000000000057e+02,6.307000000000000000e+07,6.970000000000000000e+07
6.971453306941641867e+07,-1.434421140000000007e-09,1.075300000000000011e+02,6.307000000000000000e+07,6.970000000000000000e+07
6.975849768545839190e+07,-1.433517109999999977e-09,1.075349999999999966e+02,6.307000000000000000e+07,6.970000000000000000e+07
6.984565827723923326e+07,-1.431728220000000112e-09,1.075400000000000063e+02,6.307000000000000000e+07,6.970000000000000000e+07
6.990071456285065413e+07,-1.430600539999999926e-09,1.075450000000000017e+02,6.307000000000000000e+07,6.970000000000000000e+07
6.997408999395704269e+07,-1.429100400000000083e-09,1.075499999999999972e+02,6.307000000000000000e+07,6.970000000000000000e+07
7.010427758915987611e+07,-1.426446480000000213e-09,1.075550000000000068e+02,6.307000000000000000e+07,6.970000000000000000e+07
7.021287215815067291e+07,-1.424240270000000205e-09,1.075600000000000023e+02,6.307000000000000000e+07,6.970000000000000000e+07
7.029870305571238697e+07,-1.422501350000000223e-09,1.075649999999999977e+02,6.307000000000000000e+07,6.970000000000000000e+07
7.043279756747655571e+07,-1.419793100000000073e-09,1.075700000000000074e+02,6.307000000000000000e+07,6.970000000000000000e+07
7.056581761310386658e+07,-1.417116720000000240e-09,1.075750000000000028e+02,6.307000000000000000e+07,6.970000000000000000e+07
7.064640920444718003e+07,-1.415500109999999996e-09,1.075799999999999983e+02,6.307000000000000000e+07,6.970000000000000000e+07
7.074452593184106052e+07,-1.413536930000000036e-09,1.075850000000000080e+02,6.307000000000000000e+07,6.970000000000000000e+07
7.086130341176059842e+07,-1.411207459999999986e-09,1.075900000000000034e+02,6.307000000000000000e+07,6.970000000000000000e+07
7.090741962121044099e+07,-1.410289649999999989e-09,1.075949999999999989e+02,6.307000000000000000e+07,6.970000000000000000e+07
7.094355970179358125e+07,-1.409571219999999979e-09,1.076000000000000085e+02,6.307000000000000000e+07,6.970000000000000000e+07
7.102567877305753529e+07,-1.407941490000000020e-09,1.076050000000000040e+02,6.307000000000000000e+07,6.970000000000000000e+07
7.106246269664847851e+07,-1.407212700000000182e-09,1.076099999999999994e+02,6.307000000000000000e+07,6.970000000000000000e+07
7.103882907095859945e+07,-1.407680859999999946e-09,1.076150000000000091e+02,6.307000000000000000e+07,6.970000000000000000e+07
7.105416116935424507e+07,-1.407377110000000106e-09,1.076200000000000045e+02,6.307000000000000000e+07,6.970000000000000000e+07
7.106282224946834147e+07,-1.407205580000000104e-09,1.076250000000000000e+02,6.307000000000000000e+07,6.970000000000000000e+07
7.102521063289733231e+07,-1.407950770000000207e-09,1.076299999999999955e+02,6.307000000000000000e+07,6.970000000000000000e+07
7.101706658708588779e+07,-1.408112230000000018e-09,1.076350000000000051e+02,6.307000000000000000e+07,6.970000000000000000e+07
7.104483947443386912e+07,-1.407561770000000075e-09,1.076400000000000006e+02,6.307000000000000000e+07,6.970000000000000000e+07
7.104240268815927207e+07,-1.407610050000000080e-09,1.076449999999999960e+02,6.307000000000000000e+07,6.970000000000000000e+07
7.106226878203122318e+07,-1.407216540000000124e-09,1.076500000000000057e+02,6.307000000000000000e+07,6.970000000000000000e+07
7.113190514836439490e+07,-1.405838910000000084e-09,1.076550000000000011e+02,6.307000000000000000e+07,6.970000000000000000e+07
7.117166712868940830e+07,-1.405053500000000105e-09,1.076599999999999966e+02,6.307000000000000000e+07,6.970000000000000000e+07
7.116850949456238747e+07,-1.405115840000000083e-09,1.076650000000000063e+02,6.307000000000000000e+07,6.970000000000000000e+07
7.121819491559632123e+07,-1.404135560000000149e-09,1.076700000000000017e+02,6.307000000000000000e+07,6.970000000000000000e+07
7.127614484723901749e+07,-1.402993949999999947e-09,1.076749999999999972e+02,6.307000000000000000e+07,6.970000000000000000e+07
7.130468819126553833e+07,-1.402432329999999921e-09,1.076800000000000068e+02,6.307000000000000000e+07,6.970000000000000000e+07
7.137485522235147655e+07,-1.401053630000000077e-09,1.076850000000000023e+02,6.307000000000000000e+07,6.970000000000000000e+07
7.147924357490770519e+07,-1.399007530000000071e-09,1.076899999999999977e+02,6.307000000000000000e+07,6.970000000000000000e+07
7.153455600482594967e+07,-1.397925780000000175e-09,1.076950000000000074e+02,6.307000000000000000e+07,6.970000000000000000e+07
7.158966146208396554e+07,-1.396849740000000072e-09,1.077000000000000028e+02,6.307000000000000000e+07,6.970000000000000000e+07
7.170154073059439659e+07,-1.394670170000000037e-09,1.077049999999999983e+02,6.307000000000000000e+07,6.970000000000000000e+07
7.178170357019080222e+07,-1.393112660000000021e-09,1.077100000000000080e+02,6.307000000000000000e+07,6.970000000000000000e+07
7.184019883412984014e+07,-1.391978329999999990e-09,1.077150000000000034e+02,6.307000000000000000e+07,6.970000000000000000e+07
7.194906898084612191e+07,-1.389872049999999908e-09,1.077199999999999989e+02,6.307000000000000000e+07,6.970000000000000000e+07
7.204521361643585563e+07,-1.388017260000000130e-09,1.077250000000000085e+02,6.307000000000000000e+07,6.970000000000000000e+07
7.208481199106051028e+07,-1.387254779999999933e-09,1.077300000000000040e+02,6.307000000000000000e+07,6.970000000000000000e+07
7.215939143655638397e+07,-1.385820999999999986e-09,1.077349999999999994e+02,6.307000000000000000e+07,6.970000000000000000e+07
7.226397445977240801e+07,-1.383815390000000231e-09,1.077400000000000091e+02,6.307000000000000000e+07,6.970000000000000000e+07
7.231633449906058609e+07,-1.382813450000000174e-09,1.077450000000000045e+02,6.307000000000000000e+07,6.970000000000000000e+07
7.235484104860599339e+07,-1.382077530000000214e-09,1.077500000000000000e+02,6.307000000000000000e+07,6.970000000000000000e+07
7.243512369876457751e+07,-1.380545720000000119e-09,1.077549999999999955e+02,6.307000000000000000e+07,6.970000000000000000e+07
7.248269397762387991e+07,-1.379639669999999982e-09,1.077600000000000051e+02,6.307000000000000000e+07,6.970000000000000000e+07
7.250826612360875309e+07,-1.379153100000000098e-09,1.077650000000000006e+02,6.307000000000000000e+07,6.970000000000000000e+07
7.258580431440584362e+07,-1.377679850000000100e-09,1.077699999999999960e+02,6.307000000000000000e+07,6.970000000000000000e+07
7.265019641670778394e+07,-1.376458770000000126e-09,1.077750000000000057e+02,6.307000000000000000e+07,6.970000000000000000e+07
7.266634873201327026e+07,-1.376152810000000161e-09,1.077800000000000011e+02,6.307000000000000000e+07,6.970000000000000000e+07
7.272589384432542324e+07,-1.375026070000000233e-09,1.077849999999999966e+02,6.307000000000000000e+07,6.970000000000000000e+07
7.281614708547146618e+07,-1.373321769999999995e-09,1.077900000000000063e+02,6.307000000000000000e+07,6.970000000000000000e+07
7.285581953526073694e+07,-1.372573950000000170e-09,1.077950000000000017e+02,6.307000000000000000e+07,6.970000000000000000e+07
7.288411350881461799e+07,-1.372041110000000136e-09,1.077999999999999972e+02,6.307000000000000000e+07,6.970000000000000000e+07
7.293768016427549720e+07,-1.371033460000000079e-09,1.078050000000000068e+02,6.307000000000000000e+07,6.970000000000000000e+07
7.294853545018699765e+07,-1.370829440000000101e-09,1.078100000000000023e+02,6.307000000000000000e+07,6.970000000000000000e+07
7.293680717828300595e+07,-1.371049870000000182e-09,1.078149999999999977e+02,6.307000000000000000e+07,6.970000000000000000e+07
7.299093136581704021e+07,-1.370033209999999900e-09,1.078200000000000074e+02,6.307000000000000000e+07,6.970000000000000000e+07
7.305848162689140439e+07,-1.368766470000000012e-09,1.078250000000000028e+02,6.307000000000000000e+07,6.970000000000000000e+07
7.306729070029845834e+07,-1.368601450000000265e-09,1.078299999999999983e+02,6.307000000000000000e+07,6.970000000000000000e+07
7.308179383794045448e+07,-1.368329850000000127e-09,1.078350000000000080e+02,6.307000000000000000e+07,6.970000000000000000e+07
7.309415381482006609e+07,-1.368098470000000072e-09,1.078400000000000034e+02,6.307000000000000000e+07,6.970000000000000000e+07
7.303967963861602545e+07,-1.369118820000000041e-09,1.078449999999999989e+02,6.307000000000000000e+07,6.970000000000000000e+07
7.297808700117671490e+07,-1.370274339999999961e-09,1.078500000000000085e+02,6.307000000000000000e+07,6.970000000000000000e+07
7.295888189171056449e+07,-1.370635040000000171e-09,1.078550000000000040e+02,6.307000000000000000e+07,6.970000000000000000e+07
7.288354565039017797e+07,-1.372051799999999987e-09,1.078599999999999994e+02,6.307000000000000000e+07,6.970000000000000000e+07
7.277438818935720623e+07,-1.374109800000000064e-09,1.078650000000000091e+02,6.307000000000000000e+07,6.970000000000000000e+07
7.271591582332868874e+07,-1.375214750000000118e-09,1.078700000000000045e+02,6.307000000000000000e+07,6.970000000000000000e+07
7.263443799176238477e+07,-1.376757400000000112e-09,1.078750000000000000e+02,6.307000000000000000e+07,6.970000000000000000e+07
7.248739270271156728e+07,-1.379550240000000095e-09,1.078799999999999955e+02,6.307000000000000000e+07,6.970000000000000000e+07
7.236838972473655641e+07,-1.381818780000000036e-09,1.078850000000000051e+02,6.307000000000000000e+07,6.970000000000000000e+07
7.227237515514530241e+07,-1.383654540000000035e-09,1.078900000000000006e+02,6.307000000000000000e+07,6.970000000000000000e+07
7.213491080745503306e+07,-1.386291310000000228e-09,1.078949999999999960e+02,6.307000000000000000e+07,6.970000000000000000e+07
7.201481575207430124e+07,-1.388603150000000117e-09,1.079000000000000057e+02,6.307000000000000000e+07,6.970000000000000000e+07
7.195979249472749233e+07,-1.389664929999999976e-09,1.079050000000000011e+02,6.307000000000000000e+07,6.970000000000000000e+07
7.188360956730875373e+07,-1.391137710000000155e-09,1.079099999999999966e+02,6.307000000000000000e+07,6.970000000000000000e+07
7.179373178404566646e+07,-1.392879260000000066e-09,1.079150000000000063e+02,6.307000000000000000e+07,6.970000000000000000e+07
7.175717366690546274e+07,-1.393588889999999959e-09,1.079200000000000017e+02,6.307000000000000000e+07,6.970000000000000000e+07
7.170962089690636098e+07,-1.394513019999999986e-09,1.079249999999999972e+02,6.307000000000000000e+07,6.970000000000000000e+07
7.161510729855196178e+07,-1.396353420000000182e-09,1.079300000000000068e+02,6.307000000000000000e+07,6.970000000000000000e+07
7.156735330651728809e+07,-1.397285150000000150e-09,1.079350000000000023e+02,6.307000000000000000e+07,6.970000000000000000e+07
7.153746012958022952e+07,-1.397869030000000076e-09,1.079399999999999977e+02,6.307000000000000000e+07,6.970000000000000000e+07
7.146268363015455008e+07,-1.399331719999999975e-09,1.079450000000000074e+02,6.307000000000000000e+07,6.970000000000000000e+07
7.140551050891321898e+07,-1.400452140000000080e-09,1.079500000000000028e+02,6.307000000000000000e+07,6.970000000000000000e+07
7.139536340518414974e+07,-1.400651180000000208e-09,1.079549999999999983e+02,6.307000000000000000e+07,6.970000000000000000e+07
7.133651166027384996e+07,-1.401806700000000128e-09,1.079600000000000080e+02,6.307000000000000000e+07,6.970000000000000000e+07
7.126349666489686072e+07,-1.403242960000000163e-09,1.079650000000000034e+02,6.307000000000000000e+07,6.970000000000000000e+07
7.124354177293828130e+07,-1.403636000000000094e-09,1.079699999999999989e+02,6.307000000000000000e+07,6.970000000000000000e+07
7.123328334703886509e+07,-1.403838139999999969e-09,1.079750000000000085e+02,6.307000000000000000e+07,6.970000000000000000e+07
7.120191995122724771e+07,-1.404456510000000095e-09,1.079800000000000040e+02,6.307000000000000000e+07,6.970000000000000000e+07
7.121642177760575712e+07,-1.404170520000000167e-09,1.079849999999999994e+02,6.307000000000000000e+07,6.970000000000000000e+07
7.124785277674292028e+07,-1.403551070000000194e-09,1.079900000000000091e+02,6.307000000000000000e+07,6.970000000000000000e+07
7.122191290861988068e+07,-1.404062259999999944e-09,1.079950000000000045e+02,6.307000000000000000e+07,6.970000000000000000e+07
7.120191336060044169e+07,-1.404456640000000053e-09,1.080000000000000000e+02,6.307000000000000000e+07,6.970000000000000000e+07
7.122497280879825354e+07,-1.404001940000000071e-09,1.080049999999999955e+02,6.307000000000000000e+07,6.970000000000000000e+07
7.121757461157275736e+07,-1.404147790000000035e-09,1.080100000000000051e+02,6.307000000000000000e+07,6.970000000000000000e+07
7.118925045735177398e+07,-1.404706460000000155e-09,1.080150000000000006e+02,6.307000000000000000e+07,6.970000000000000000e+07
7.121362885859386623e+07,-1.404225590000000020e-09,1.080199999999999960e+02,6.307000000000000000e+07,6.970000000000000000e+07
7.122535835863840580e+07,-1.403994339999999923e-09,1.080250000000000057e+02,6.307000000000000000e+07,6.970000000000000000e+07
7.120397577936953306e+07,-1.404415959999999990e-09,1.080300000000000011e+02,6.307000000000000000e+07,6.970000000000000000e+07
7.122353667237582803e+07,-1.404030250000000038e-09,1.080349999999999966e+02,6.307000000000000000e+07,6.970000000000000000e+07
7.125478609491351247e+07,-1.403414500000000003e-09,1.080400000000000063e+02,6.307000000000000000e+07,6.970000000000000000e+07
7.122425955259768665e+07,-1.404016000000000045e-09,1.080450000000000017e+02,6.307000000000000000e+07,6.970000000000000000e+07
7.120489954647748172e+07,-1.404397740000000096e-09,1.080499999999999972e+02,6.307000000000000000e+07,6.970000000000000000e+07
7.123323564977262914e+07,-1.403839080000000021e-09,1.080550000000000068e+02,6.307000000000000000e+07,6.970000000000000000e+07
7.120492337613274157e+07,-1.404397270000000070e-09,1.080600000000000023e+02,6.307000000000000000e+07,6.970000000000000000e+07
7.114323016104151309e+07,-1.405615120000000131e-09,1.080649999999999977e+02,6.307000000000000000e+07,6.970000000000000000e+07
7.114562628918543458e+07,-1.405567779999999971e-09,1.080700000000000074e+02,6.307000000000000000e+07,6.970000000000000000e+07
7.115456890637981892e+07,-1.405391130000000115e-09,1.080750000000000028e+02,6.307000000000000000e+07,6.970000000000000000e+07
7.112006680279426277e+07,-1.406072920000000068e-09,1.080799999999999983e+02,6.307000000000000000e+07,6.970000000000000000e+07
7.110583878697933257e+07,-1.406354270000000005e-09,1.080850000000000080e+02,6.307000000000000000e+07,6.970000000000000000e+07
7.108366839212794602e+07,-1.406792899999999951e-09,1.080900000000000034e+02,6.307000000000000000e+07,6.970000000000000000e+07
7.100420566430655122e+07,-1.408367280000000050e-09,1.080949999999999989e+02,6.307000000000000000e+07,6.970000000000000000e+07
7.093656151815818250e+07,-1.409710280000000094e-09,1.081000000000000085e+02,6.307000000000000000e+07,6.970000000000000000e+07
7.092750457909741998e+07,-1.409890290000000235e-09,1.081050000000000040e+02,6.307000000000000000e+07,6.970000000000000000e+07
7.090296370701341331e+07,-1.410378280000000035e-09,1.081099999999999994e+02,6.307000000000000000e+07,6.970000000000000000e+07
7.087098182971496880e+07,-1.411014740000000095e-09,1.081150000000000091e+02,6.307000000000000000e+07,6.970000000000000000e+07
7.087977766204527020e+07,-1.410839640000000113e-09,1.081200000000000045e+02,6.307000000000000000e+07,6.970000000000000000e+07
7.086929625300565362e+07,-1.411048300000000081e-09,1.081250000000000000e+02,6.307000000000000000e+07,6.970000000000000000e+07
7.081728722781401873e+07,-1.412084590000000127e-09,1.081299999999999955e+02,6.307000000000000000e+07,6.970000000000000000e+07
7.081511525974382460e+07,-1.412127900000000119e-09,1.081350000000000051e+02,6.307000000000000000e+07,6.970000000000000000e+07
7.083967312988010049e+07,-1.411638360000000033e-09,1.081400000000000006e+02,6.307000000000000000e+07,6.970000000000000000e+07
7.083582282881173491e+07,-1.411715090000000008e-09,1.081449999999999960e+02,6.307000000000000000e+07,6.970000000000000000e+07
7.084316601055976748e+07,-1.411568759999999974e-09,1.081500000000000057e+02,6.307000000000000000e+07,6.970000000000000000e+07
7.090622954621174932e+07,-1.410313320000000172e-09,1.081550000000000011e+02,6.307000000000000000e+07,6.970000000000000000e+07
7.092514676327845454e+07,-1.409937159999999956e-09,1.081599999999999966e+02,6.307000000000000000e+07,6.970000000000000000e+07
7.093018051518151164e+07,-1.409837100000000072e-09,1.081650000000000063e+02,6.307000000000000000e+07,6.970000000000000000e+07
7.100532088312782347e+07,-1.408345160000000154e-09,1.081700000000000017e+02,6.307000000000000000e+07,6.970000000000000000e+07
7.106838517697410285e+07,-1.407095430000000147e-09,1.081749999999999972e+02,6.307000000000000000e+07,6.970000000000000000e+07
7.105724706503191590e+07,-1.407315990000000186e-09,1.081800000000000068e+02,6.307000000000000000e+07,6.970000000000000000e+07
7.107932266892820597e+07,-1.406878910000000113e-09,1.081850000000000023e+02,6.307000000000000000e+07,6.970000000000000000e+07
7.111386362851363420e+07,-1.406195570000000081e-09,1.081899999999999977e+02,6.307000000000000000e+07,6.970000000000000000e+07
7.109591617592415214e+07,-1.406550550000000038e-09,1.081950000000000074e+02,6.307000000000000000e+07,6.970000000000000000e+07
7.109982513566806912e+07,-1.406473220000000079e-09,1.082000000000000028e+02,6.307000000000000000e+07,6.970000000000000000e+07
7.113926885577800870e+07,-1.405693389999999935e-09,1.082049999999999983e+02,6.307000000000000000e+07,6.970000000000000000e+07
7.112063836860862374e+07,-1.406061620000000188e-09,1.082100000000000080e+02,6.307000000000000000e+07,6.970000000000000000e+07
7.108068175557428598e+07,-1.406852010000000017e-09,1.082150000000000034e+02,6.307000000000000000e+07,6.970000000000000000e+07
7.109210923299740255e+07,-1.406625870000000143e-09,1.082199999999999989e+02,6.307000000000000000e+07,6.970000000000000000e+07
7.108769172919160128e+07,-1.406713280000000130e-09,1.082250000000000085e+02,6.307000000000000000e+07,6.970000000000000000e+07
7.105774592281135917e+07,-1.407306110000000014e-09,1.082300000000000040e+02,6.307000000000000000e+07,6.970000000000000000e+07
7.110412533620874584e+07,-1.406388160000000220e-09,1.082349999999999994e+02,6.307000000000000000e+07,6.970000000000000000e+07
7.116037053347258270e+07,-1.405276550000000069e-09,1.082400000000000091e+02,6.307000000000000000e+07,6.970000000000000000e+07
7.114904715061584115e+07,-1.405500200000000225e-09,1.082450000000000045e+02,6.307000000000000000e+07,6.970000000000000000e+07
7.113668591950245202e+07,-1.405744430000000034e-09,1.082500000000000000e+02,6.307000000000000000e+07,6.970000000000000000e+07
7.115345557610847056e+07,-1.405413120000000053e-09,1.082549999999999955e+02,6.307000000000000000e+07,6.970000000000000000e+07
7.111721012305127084e+07,-1.406129399999999998e-09,1.082600000000000051e+02,6.307000000000000000e+07,6.970000000000000000e+07
7.106620485004107654e+07,-1.407138599999999929e-09,1.082650000000000006e+02,6.307000000000000000e+07,6.970000000000000000e+07
7.107396210941889882e+07,-1.406985020000000065e-09,1.082699999999999960e+02,6.307000000000000000e+07,6.970000000000000000e+07
7.106126741167157888e+07,-1.407236369999999951e-09,1.082750000000000057e+02,6.307000000000000000e+07,6.970000000000000000e+07
7.099259626022787392e+07,-1.408597590000000096e-09,1.082800000000000011e+02,6.307000000000000000e+07,6.970000000000000000e+07
7.096169467142744362e+07,-1.409210990000000209e-09,1.082849999999999966e+02,6.307000000000000000e+07,6.970000000000000000e+07
7.094633852367523313e+07,-1.409516009999999916e-09,1.082900000000000063e+02,6.307000000000000000e+07,6.970000000000000000e+07
7.089887378840559721e+07,-1.410459640000000162e-09,1.082950000000000017e+02,6.307000000000000000e+07,6.970000000000000000e+07
7.088340613933372498e+07,-1.410767420000000170e-09,1.082999999999999972e+02,6.307000000000000000e+07,6.970000000000000000e+07
7.091633262710121274e+07,-1.410112400000000148e-09,1.083050000000000068e+02,6.307000000000000000e+07,6.970000000000000000e+07
7.090482986400255561e+07,-1.410341160000000113e-09,1.083100000000000023e+02,6.307000000000000000e+07,6.970000000000000000e+07
7.087181259338246286e+07,-1.410998200000000241e-09,1.083149999999999977e+02,6.307000000000000000e+07,6.970000000000000000e+07
7.089586546585045755e+07,-1.410519490000000008e-09,1.083200000000000074e+02,6.307000000000000000e+07,6.970000000000000000e+07
7.089732561391907930e+07,-1.410490440000000054e-09,1.083250000000000028e+02,6.307000000000000000e+07,6.970000000000000000e+07
7.086921890724994242e+07,-1.411049840000000117e-09,1.083299999999999983e+02,6.307000000000000000e+07,6.970000000000000000e+07
7.089808963963095844e+07,-1.410475240000000171e-09,1.083350000000000080e+02,6.307000000000000000e+07,6.970000000000000000e+07
7.093803340745814145e+07,-1.409681030000000076e-09,1.083400000000000034e+02,6.307000000000000000e+07,6.970000000000000000e+07
7.092304614029264450e+07,-1.409978920000000074e-09,1.083449999999999989e+02,6.307000000000000000e+07,6.970000000000000000e+07
7.092219053426629305e+07,-1.409995930000000161e-09,1.083500000000000085e+02,6.307000000000000000e+07,6.970000000000000000e+07
7.096190465498881042e+07,-1.409206820000000244e-09,1.083550000000000040e+02,6.307000000000000000e+07,6.970000000000000000e+07
7.097255199717080593e+07,-1.408995410000000020e-09,1.083599999999999994e+02,6.307000000000000000e+07,6.970000000000000000e+07
7.096130542461144924e+07,-1.409218720000000108e-09,1.083650000000000091e+02,6.307000000000000000e+07,6.970000000000000000e+07
7.098861442008762062e+07,-1.408676600000000094e-09,1.083700000000000045e+02,6.307000000000000000e+07,6.970000000000000000e+07
7.099350094255232811e+07,-1.408579639999999957e-09,1.083750000000000000e+02,6.307000000000000000e+07,6.970000000000000000e+07
7.096400053024302423e+07,-1.409165199999999922e-09,1.083799999999999955e+02,6.307000000000000000e+07,6.970000000000000000e+07
7.099969019285184145e+07,-1.408456850000000148e-09,1.083850000000000051e+02,6.307000000000000000e+07,6.970000000000000000e+07
7.105282682463623583e+07,-1.407403540000000177e-09,1.083900000000000006e+02,6.307000000000000000e+07,6.970000000000000000e+07
7.102991552035689354e+07,-1.407857510000000009e-09,1.083949999999999960e+02,6.307000000000000000e+07,6.970000000000000000e+07
7.101239365814161301e+07,-1.408204890000000025e-09,1.084000000000000057e+02,6.307000000000000000e+07,6.970000000000000000e+07
7.103381066609747708e+07,-1.407780310000000008e-09,1.084050000000000011e+02,6.307000000000000000e+07,6.970000000000000000e+07
7.100727713819313049e+07,-1.408306360000000194e-09,1.084099999999999966e+02,6.307000000000000000e+07,6.970000000000000000e+07
7.095702902635638416e+07,-1.409303650000000009e-09,1.084150000000000063e+02,6.307000000000000000e+07,6.970000000000000000e+07
7.094447018112754822e+07,-1.409553130000000044e-09,1.084200000000000017e+02,6.307000000000000000e+07,6.970000000000000000e+07
7.091245085705107450e+07,-1.410189590000000104e-09,1.084249999999999972e+02,6.307000000000000000e+07,6.970000000000000000e+07
7.085350765922521055e+07,-1.411362730000000141e-09,1.084300000000000068e+02,6.307000000000000000e+07,6.970000000000000000e+07
7.085638737419386208e+07,-1.411305370000000013e-09,1.084350000000000023e+02,6.307000000000000000e+07,6.970000000000000000e+07
7.087747727326095104e+07,-1.410885429999999986e-09,1.084399999999999977e+02,6.307000000000000000e+07,6.970000000000000000e+07
7.086016208312550187e+07,-1.411230190000000118e-09,1.084450000000000074e+02,6.307000000000000000e+07,6.970000000000000000e+07
7.085878781758306921e+07,-1.411257560000000034e-09,1.084500000000000028e+02,6.307000000000000000e+07,6.970000000000000000e+07
7.087959881013000011e+07,-1.410843200000000048e-09,1.084549999999999983e+02,6.307000000000000000e+07,6.970000000000000000e+07
7.084771530145999789e+07,-1.411478120000000073e-09,1.084600000000000080e+02,6.307000000000000000e+07,6.970000000000000000e+07
7.080738381381016970e+07,-1.412282090000000012e-09,1.084650000000000034e+02,6.307000000000000000e+07,6.970000000000000000e+07
7.085248154121038318e+07,-1.411383169999999998e-09,1.084699999999999989e+02,6.307000000000000000e+07,6.970000000000000000e+07
7.090477556709922850e+07,-1.410342240000000168e-09,1.084750000000000085e+02,6.307000000000000000e+07,6.970000000000000000e+07
7.091994120878714323e+07,-1.410040650000000024e-09,1.084800000000000040e+02,6.307000000000000000e+07,6.970000000000000000e+07
7.096452879897056520e+07,-1.409154709999999928e-09,1.084849999999999994e+02,6.307000000000000000e+07,6.970000000000000000e+07
7.100384620024444163e+07,-1.408374409999999966e-09,1.084900000000000091e+02,6.307000000000000000e+07,6.970000000000000000e+07
7.098814676839098334e+07,-1.408685880000000075e-09,1.084950000000000045e+02,6.307000000000000000e+07,6.970000000000000000e+07
7.098970546335707605e+07,-1.408654950000000224e-09,1.085000000000000000e+02,6.307000000000000000e+07,6.970000000000000000e+07
7.102252752186861634e+07,-1.408003960000000164e-09,1.085049999999999955e+02,6.307000000000000000e+07,6.970000000000000000e+07
7.100389359081012011e+07,-1.408373469999999914e-09,1.085100000000000051e+02,6.307000000000000000e+07,6.970000000000000000e+07
7.096614084777712822e+07,-1.409122700000000023e-09,1.085150000000000006e+02,6.307000000000000000e+07,6.970000000000000000e+07
7.096769857650931180e+07,-1.409091770000000172e-09,1.085199999999999960e+02,6.307000000000000000e+07,6.970000000000000000e+07
7.094408112325139344e+07,-1.409560860000000150e-09,1.085250000000000057e+02,6.307000000000000000e+07,6.970000000000000000e+07
7.089115419681693614e+07,-1.410613230000000070e-09,1.085300000000000011e+02,6.307000000000000000e+07,6.970000000000000000e+07
7.089177586351394653e+07,-1.410600859999999973e-09,1.085349999999999966e+02,6.307000000000000000e+07,6.970000000000000000e+07
7.089710947805447876e+07,-1.410494740000000184e-09,1.085400000000000063e+02,6.307000000000000000e+07,6.970000000000000000e+07
7.085398056706295907e+07,-1.411353310000000157e-09,1.085450000000000017e+02,6.307000000000000000e+07,6.970000000000000000e+07
7.083631205928568542e+07,-1.411705340000000002e-09,1.085499999999999972e+02,6.307000000000000000e+07,6.970000000000000000e+07
7.085175213194693625e+07,-1.411397699999999997e-09,1.085550000000000068e+02,6.307000000000000000e+07,6.970000000000000000e+07
7.083279677489776909e+07,-1.411775400000000042e-09,1.085600000000000023e+02,6.307000000000000000e+07,6.970000000000000000e+07
7.083889681367562711e+07,-1.411653830000000291e-09,1.085649999999999977e+02,6.307000000000000000e+07,6.970000000000000000e+07
7.092740295888271928e+07,-1.409892310000000135e-09,1.085700000000000074e+02,6.307000000000000000e+07,6.970000000000000000e+07
7.099573779927951097e+07,-1.408535260000000162e-09,1.085750000000000028e+02,6.307000000000000000e+07,6.970000000000000000e+07
7.103316935042056441e+07,-1.407793019999999965e-09,1.085799999999999983e+02,6.307000000000000000e+07,6.970000000000000000e+07
7.111972993733398616e+07,-1.406079580000000164e-09,1.085850000000000080e+02,6.307000000000000000e+07,6.970000000000000000e+07
7.120185860774791241e+07,-1.404457719999999901e-09,1.085900000000000034e+02,6.307000000000000000e+07,6.970000000000000000e+07
7.122242473369063437e+07,-1.404052170000000077e-09,1.085949999999999989e+02,6.307000000000000000e+07,6.970000000000000000e+07
7.125705671102593839e+07,-1.403369780000000141e-09,1.086000000000000085e+02,6.307000000000000000e+07,6.970000000000000000e+07
7.132285719907993078e+07,-1.402075070000000146e-09,1.086050000000000040e+02,6.307000000000000000e+07,6.970000000000000000e+07
7.133691215878672898e+07,-1.401798830000000018e-09,1.086099999999999994e+02,6.307000000000000000e+07,6.970000000000000000e+07
7.134218572381366789e+07,-1.401695209999999992e-09,1.086150000000000091e+02,6.307000000000000000e+07,6.970000000000000000e+07
7.139728666749559343e+07,-1.400613450000000051e-09,1.086200000000000045e+02,6.307000000000000000e+07,6.970000000000000000e+07
7.142974542745876312e+07,-1.399976990000000197e-09,1.086250000000000000e+02,6.307000000000000000e+07,6.970000000000000000e+07
7.141851774180245399e+07,-1.400197080000000210e-09,1.086299999999999955e+02,6.307000000000000000e+07,6.970000000000000000e+07
7.144118947351509333e+07,-1.399752730000000012e-09,1.086350000000000051e+02,6.307000000000000000e+07,6.970000000000000000e+07
7.145307983495481312e+07,-1.399519800000000083e-09,1.086400000000000006e+02,6.307000000000000000e+07,6.970000000000000000e+07
7.141312986951850355e+07,-1.400302720000000136e-09,1.086449999999999960e+02,6.307000000000000000e+07,6.970000000000000000e+07
7.139985746589253843e+07,-1.400563020000000188e-09,1.086500000000000057e+02,6.307000000000000000e+07,6.970000000000000000e+07
7.142214649633590877e+07,-1.400125939999999908e-09,1.086550000000000011e+02,6.307000000000000000e+07,6.970000000000000000e+07
7.140477017853462696e+07,-1.400466660000000035e-09,1.086599999999999966e+02,6.307000000000000000e+07,6.970000000000000000e+07
7.139027054842220247e+07,-1.400751100000000089e-09,1.086650000000000063e+02,6.307000000000000000e+07,6.970000000000000000e+07
7.143174912095373869e+07,-1.399937720000000211e-09,1.086700000000000017e+02,6.307000000000000000e+07,6.970000000000000000e+07
7.144294983253201842e+07,-1.399718240000000019e-09,1.086749999999999972e+02,6.307000000000000000e+07,6.970000000000000000e+07
7.141544118959842622e+07,-1.400257400000000083e-09,1.086800000000000068e+02,6.307000000000000000e+07,6.970000000000000000e+07
7.143579103576688468e+07,-1.399858510000000148e-09,1.086850000000000023e+02,6.307000000000000000e+07,6.970000000000000000e+07
7.145960378236541152e+07,-1.399392030000000010e-09,1.086899999999999977e+02,6.307000000000000000e+07,6.970000000000000000e+07
7.143726687474866211e+07,-1.399829589999999946e-09,1.086950000000000074e+02,6.307000000000000000e+07,6.970000000000000000e+07
7.144450508415886760e+07,-1.399687770000000150e-09,1.087000000000000028e+02,6.307000000000000000e+07,6.970000000000000000e+07
7.149154168914510310e+07,-1.398766870000000036e-09,1.087049999999999983e+02,6.307000000000000000e+07,6.970000000000000000e+07
7.149360405349287391e+07,-1.398726520000000201e-09,1.087100000000000080e+02,6.307000000000000000e+07,6.970000000000000000e+07
7.149517837946912646e+07,-1.398695720000000103e-09,1.087150000000000034e+02,6.307000000000000000e+07,6.970000000000000000e+07
7.155106275938333571e+07,-1.397603280000000148e-09,1.087199999999999989e+02,6.307000000000000000e+07,6.970000000000000000e+07
7.158330334052576125e+07,-1.396973810000000000e-09,1.087250000000000085e+02,6.307000000000000000e+07,6.970000000000000000e+07
7.157188595054328442e+07,-1.397196660000000108e-09,1.087300000000000040e+02,6.307000000000000000e+07,6.970000000000000000e+07
7.159468644283732772e+07,-1.396751700000000087e-09,1.087349999999999994e+02,6.307000000000000000e+07,6.970000000000000000e+07
7.161640745358645916e+07,-1.396328070000000166e-09,1.087400000000000091e+02,6.307000000000000000e+07,6.970000000000000000e+07
7.158620476278913021e+07,-1.396917190000000066e-09,1.087450000000000045e+02,6.307000000000000000e+07,6.970000000000000000e+07
7.159164287270687521e+07,-1.396811080000000115e-09,1.087500000000000000e+02,6.307000000000000000e+07,6.970000000000000000e+07
7.162539648327755928e+07,-1.396152829999999974e-09,1.087549999999999955e+02,6.307000000000000000e+07,6.970000000000000000e+07
7.159307646553657949e+07,-1.396783110000000215e-09,1.087600000000000051e+02,6.307000000000000000e+07,6.970000000000000000e+07
7.153392301368983090e+07,-1.397938150000000272e-09,1.087650000000000006e+02,6.307000000000000000e+07,6.970000000000000000e+07
7.152005170499224961e+07,-1.398209280000000177e-09,1.087699999999999960e+02,6.307000000000000000e+07,6.970000000000000000e+07
7.146768416066218913e+07,-1.399233809999999949e-09,1.087750000000000057e+02,6.307000000000000000e+07,6.970000000000000000e+07
7.138809437905851007e+07,-1.400793800000000052e-09,1.087800000000000011e+02,6.307000000000000000e+07,6.970000000000000000e+07
7.137638305660566688e+07,-1.401023640000000071e-09,1.087849999999999966e+02,6.307000000000000000e+07,6.970000000000000000e+07
7.137034036786527932e+07,-1.401142260000000123e-09,1.087900000000000063e+02,6.307000000000000000e+07,6.970000000000000000e+07
7.131808951960705221e+07,-1.402168800000000163e-09,1.087950000000000017e+02,6.307000000000000000e+07,6.970000000000000000e+07
7.128796305025111139e+07,-1.402761360000000085e-09,1.087999999999999972e+02,6.307000000000000000e+07,6.970000000000000000e+07
7.128180219784605503e+07,-1.402882600000000228e-09,1.088050000000000068e+02,6.307000000000000000e+07,6.970000000000000000e+07
7.124198866027018428e+07,-1.403666600000000129e-09,1.088100000000000023e+02,6.307000000000000000e+07,6.970000000000000000e+07
7.122146601881057024e+07,-1.404071070000000105e-09,1.088149999999999977e+02,6.307000000000000000e+07,6.970000000000000000e+07
7.126855468803590536e+07,-1.403143370000000098e-09,1.088200000000000074e+02,6.307000000000000000e+07,6.970000000000000000e+07
7.125816313030098379e+07,-1.403347990000000267e-09,1.088250000000000028e+02,6.307000000000000000e+07,6.970000000000000000e+07
7.115470813840086758e+07,-1.405388380000000066e-09,1.088299999999999983e+02,6.307000000000000000e+07,6.970000000000000000e+07
7.105066411126795411e+07,-1.407446380000000143e-09,1.088350000000000080e+02,6.307000000000000000e+07,6.970000000000000000e+07
7.090335231404258311e+07,-1.410370549999999928e-09,1.088400000000000034e+02,6.307000000000000000e+07,6.970000000000000000e+07
7.068986336624932289e+07,-1.414629980000000019e-09,1.088449999999999989e+02,6.307000000000000000e+07,6.970000000000000000e+07
7.050937793764102459e+07,-1.418251060000000109e-09,1.088500000000000085e+02,6.307000000000000000e+07,6.970000000000000000e+07
7.035626060471121967e+07,-1.421337620000000125e-09,1.088550000000000040e+02,6.307000000000000000e+07,6.970000000000000000e+07
7.014859949618855119e+07,-1.425545210000000070e-09,1.088599999999999994e+02,6.307000000000000000e+07,6.970000000000000000e+07
6.994614776137703657e+07,-1.429671300000000090e-09,1.088650000000000091e+02,6.307000000000000000e+07,6.970000000000000000e+07
6.980636085472610593e+07,-1.432534210000000158e-09,1.088700000000000045e+02,6.307000000000000000e+07,6.970000000000000000e+07
6.963668182408858836e+07,-1.436024770000000125e-09,1.088750000000000000e+02,6.307000000000000000e+07,6.970000000000000000e+07
6.943480650755226612e+07,-1.440199880000000138e-09,1.088799999999999955e+02,6.307000000000000000e+07,6.970000000000000000e+07
6.928373984759379923e+07,-1.443340099999999930e-09,1.088850000000000051e+02,6.307000000000000000e+07,6.970000000000000000e+07
6.913840091216780245e+07,-1.446374210000000184e-09,1.088900000000000006e+02,6.307000000000000000e+07,6.970000000000000000e+07
6.893245295837442577e+07,-1.450695510000000228e-09,1.088949999999999960e+02,6.307000000000000000e+07,6.970000000000000000e+07
6.874856478777433932e+07,-1.454575820000000152e-09,1.089000000000000057e+02,6.307000000000000000e+07,6.970000000000000000e+07
6.859767851187598705e+07,-1.457775279999999969e-09,1.089050000000000011e+02,6.307000000000000000e+07,6.970000000000000000e+07
6.840142484272032976e+07,-1.461957849999999920e-09,1.089099999999999966e+02,6.307000000000000000e+07,6.970000000000000000e+07
6.819874604056835175e+07,-1.466302620000000083e-09,1.089150000000000063e+02,6.307000000000000000e+07,6.970000000000000000e+07
6.805909911871974170e+07,-1.469311250000000156e-09,1.089200000000000017e+02,6.307000000000000000e+07,6.970000000000000000e+07
6.789717209568266571e+07,-1.472815390000000234e-09,1.089249999999999972e+02,6.307000000000000000e+07,6.970000000000000000e+07
6.771162358924271166e+07,-1.476851310000000172e-09,1.089300000000000068e+02,6.307000000000000000e+07,6.970000000000000000e+07
6.757637943612660468e+07,-1.479807010000000206e-09,1.089350000000000023e+02,6.307000000000000000e+07,6.970000000000000000e+07
6.744906138965354860e+07,-1.482600320000000007e-09,1.089399999999999977e+02,6.307000000000000000e+07,6.970000000000000000e+07
6.728524323326101899e+07,-1.486209980000000096e-09,1.089450000000000074e+02,6.307000000000000000e+07,6.970000000000000000e+07
6.715502156508915126e+07,-1.489091919999999944e-09,1.089500000000000028e+02,6.307000000000000000e+07,6.970000000000000000e+07
6.706259528756508231e+07,-1.491144199999999976e-09,1.089549999999999983e+02,6.307000000000000000e+07,6.970000000000000000e+07
6.694609610133516788e+07,-1.493739080000000299e-09,1.089600000000000080e+02,6.307000000000000000e+07,6.970000000000000000e+07
6.686088013964349777e+07,-1.495642890000000070e-09,1.089650000000000034e+02,6.307000000000000000e+07,6.970000000000000000e+07
6.684876805876016617e+07,-1.495913880000000179e-09,1.089699999999999989e+02,6.307000000000000000e+07,6.970000000000000000e+07
6.681215771212936938e+07,-1.496733580000000087e-09,1.089750000000000085e+02,6.307000000000000000e+07,6.970000000000000000e+07
6.674089900911989063e+07,-1.498331630000000163e-09,1.089800000000000040e+02,6.307000000000000000e+07,6.970000000000000000e+07
6.670366719085743278e+07,-1.499167950000000075e-09,1.089849999999999994e+02,6.307000000000000000e+07,6.970000000000000000e+07
6.666325573008180410e+07,-1.500076750000000261e-09,1.089900000000000091e+02,6.307000000000000000e+07,6.970000000000000000e+07
6.658835742656588554e+07,-1.501764029999999953e-09,1.089950000000000045e+02,6.307000000000000000e+07,6.970000000000000000e+07
6.654606346129406989e+07,-1.502718490000000053e-09,1.090000000000000000e+02,6.307000000000000000e+07,6.970000000000000000e+07
6.652000557570686936e+07,-1.503307149999999973e-09,1.090049999999999955e+02,6.307000000000000000e+07,6.970000000000000000e+07
6.643507797096456587e+07,-1.505228910000000089e-09,1.090100000000000051e+02,6.307000000000000000e+07,6.970000000000000000e+07
6.633140255223470181e+07,-1.507581570000000045e-09,1.090150000000000006e+02,6.307000000000000000e+07,6.970000000000000000e+07
6.625573314999930561e+07,-1.509303349999999981e-09,1.090199999999999960e+02,6.307000000000000000e+07,6.970000000000000000e+07
6.613912338147643954e+07,-1.511964400000000181e-09,1.090250000000000057e+02,6.307000000000000000e+07,6.970000000000000000e+07
6.600373309193920344e+07,-1.515065820000000013e-09,1.090300000000000011e+02,6.307000000000000000e+07,6.970000000000000000e+07
6.591050271205899864e+07,-1.517208880000000156e-09,1.090349999999999966e+02,6.307000000000000000e+07,6.970000000000000000e+07
6.581350080780807883e+07,-1.519445079999999962e-09,1.090400000000000063e+02,6.307000000000000000e+07,6.970000000000000000e+07
6.567626292974334955e+07,-1.522620130000000022e-09,1.090450000000000017e+02,6.307000000000000000e+07,6.970000000000000000e+07
6.556833068511588126e+07,-1.525126520000000096e-09,1.090499999999999972e+02,6.307000000000000000e+07,6.970000000000000000e+07
6.548729376888792217e+07,-1.527013780000000174e-09,1.090550000000000068e+02,6.307000000000000000e+07,6.970000000000000000e+07
6.536769850079903007e+07,-1.529807570000000046e-09,1.090600000000000023e+02,6.307000000000000000e+07,6.970000000000000000e+07
6.525533685715197772e+07,-1.532441710000000105e-09,1.090649999999999977e+02,6.307000000000000000e+07,6.970000000000000000e+07
6.518908733634963632e+07,-1.533999080000000117e-09,1.090700000000000074e+02,6.307000000000000000e+07,6.970000000000000000e+07
6.509685725587831438e+07,-1.536172469999999919e-09,1.090750000000000028e+02,6.307000000000000000e+07,6.970000000000000000e+07
6.498294766224658489e+07,-1.538865250000000018e-09,1.090799999999999983e+02,6.307000000000000000e+07,6.970000000000000000e+07
6.491416088917652518e+07,-1.540495920000000028e-09,1.090850000000000080e+02,6.307000000000000000e+07,6.970000000000000000e+07
6.483427079906909168e+07,-1.542394150000000171e-09,1.090900000000000034e+02,6.307000000000000000e+07,6.970000000000000000e+07
6.470628200938887894e+07,-1.545445000000000137e-09,1.090949999999999989e+02,6.307000000000000000e+07,6.970000000000000000e+07
6.460914327274578810e+07,-1.547768550000000077e-09,1.091000000000000085e+02,6.307000000000000000e+07,6.970000000000000000e+07
6.453593282005582750e+07,-1.549524360000000026e-09,1.091050000000000040e+02,6.307000000000000000e+07,6.970000000000000000e+07
6.442183292509432882e+07,-1.552268780000000001e-09,1.091099999999999994e+02,6.307000000000000000e+07,6.970000000000000000e+07
6.431135876157724857e+07,-1.554935270000000238e-09,1.091150000000000091e+02,6.307000000000000000e+07,6.970000000000000000e+07
6.423432888727931678e+07,-1.556799950000000233e-09,1.091200000000000045e+02,6.307000000000000000e+07,6.970000000000000000e+07
6.412074438875037432e+07,-1.559557690000000194e-09,1.091250000000000000e+02,6.307000000000000000e+07,6.970000000000000000e+07
6.398295207513093203e+07,-1.562916320000000167e-09,1.091299999999999955e+02,6.307000000000000000e+07,6.970000000000000000e+07
6.388796361370919645e+07,-1.565240060000000127e-09,1.091350000000000051e+02,6.307000000000000000e+07,6.970000000000000000e+07
6.379372966072490811e+07,-1.567552180000000229e-09,1.091400000000000006e+02,6.307000000000000000e+07,6.970000000000000000e+07
6.366819559259335697e+07,-1.570642910000000004e-09,1.091449999999999960e+02,6.307000000000000000e+07,6.970000000000000000e+07
6.358503571457003802e+07,-1.572697079999999977e-09,1.091500000000000057e+02,6.307000000000000000e+07,6.970000000000000000e+07
6.353003509151371568e+07,-1.574058629999999937e-09,1.091550000000000011e+02,6.307000000000000000e+07,6.970000000000000000e+07
6.344675082971218973e+07,-1.576124840000000191e-09,1.091599999999999966e+02,6.307000000000000000e+07,6.970000000000000000e+07
6.339888323501170427e+07,-1.577314850000000104e-09,1.091650000000000063e+02,6.307000000000000000e+07,6.970000000000000000e+07
6.340289969230763614e+07,-1.577214930000000016e-09,1.091700000000000017e+02,6.307000000000000000e+07,6.970000000000000000e+07
6.339078393594872952e+07,-1.577516380000000157e-09,1.091749999999999972e+02,6.307000000000000000e+07,6.970000000000000000e+07
6.336050495788030326e+07,-1.578270250000000255e-09,1.091800000000000068e+02,6.307000000000000000e+07,6.970000000000000000e+07
6.337647405835820735e+07,-1.577872570000000128e-09,1.091850000000000023e+02,6.307000000000000000e+07,6.970000000000000000e+07
6.339140518536115438e+07,-1.577500920000000150e-09,1.091899999999999977e+02,6.307000000000000000e+07,6.970000000000000000e+07
6.335762986506845802e+07,-1.578341870000000214e-09,1.091950000000000074e+02,6.307000000000000000e+07,6.970000000000000000e+07
6.334473811001687497e+07,-1.578663090000000122e-09,1.092000000000000028e+02,6.307000000000000000e+07,6.970000000000000000e+07
6.335410480019543320e+07,-1.578429690000000167e-09,1.092049999999999983e+02,6.307000000000000000e+07,6.970000000000000000e+07
6.331145981487425417e+07,-1.579492880000000103e-09,1.092100000000000080e+02,6.307000000000000000e+07,6.970000000000000000e+07
6.326485349470020831e+07,-1.580656470000000197e-09,1.092150000000000034e+02,6.307000000000000000e+07,6.970000000000000000e+07
6.325266120549514890e+07,-1.580961150000000044e-09,1.092199999999999989e+02,6.307000000000000000e+07,6.970000000000000000e+07
6.320611701215709001e+07,-1.582125350000000167e-09,1.092250000000000085e+02,6.307000000000000000e+07,6.970000000000000000e+07
6.314732360898649693e+07,-1.583598390000000057e-09,1.092300000000000040e+02,6.307000000000000000e+07,6.970000000000000000e+07
6.313058258612449467e+07,-1.584018330000000084e-09,1.092349999999999994e+02,6.307000000000000000e+07,6.970000000000000000e+07
6.310824475707273185e+07,-1.584579010000000059e-09,1.092400000000000091e+02,6.307000000000000000e+07,6.970000000000000000e+07
6.305422575769788027e+07,-1.585936530000000057e-09,1.092450000000000045e+02,6.307000000000000000e+07,6.970000000000000000e+07
6.303567162182097137e+07,-1.586403340000000012e-09,1.092500000000000000e+02,6.307000000000000000e+07,6.970000000000000000e+07
6.303851200466969609e+07,-1.586331860000000056e-09,1.092549999999999955e+02,6.307000000000000000e+07,6.970000000000000000e+07
6.299802815541893244e+07,-1.587351270000000181e-09,1.092600000000000051e+02,6.307000000000000000e+07,6.970000000000000000e+07
6.296582986715885252e+07,-1.588162980000000065e-09,1.092650000000000006e+02,6.307000000000000000e+07,6.970000000000000000e+07
6.297524504832890630e+07,-1.587925540000000104e-09,1.092699999999999960e+02,6.307000000000000000e+07,6.970000000000000000e+07
6.295931218563196063e+07,-1.588327389999999989e-09,1.092750000000000057e+02,6.307000000000000000e+07,6.970000000000000000e+07
6.293253848362487555e+07,-1.589003120000000243e-09,1.092800000000000011e+02,6.307000000000000000e+07,6.970000000000000000e+07
6.294342502077558637e+07,-1.588728289999999985e-09,1.092849999999999966e+02,6.307000000000000000e+07,6.970000000000000000e+07
6.294812455127429217e+07,-1.588609680000000185e-09,1.092900000000000063e+02,6.307000000000000000e+07,6.970000000000000000e+07
6.291664582552772760e+07,-1.589404500000000309e-09,1.092950000000000017e+02,6.307000000000000000e+07,6.970000000000000000e+07
6.291645700543825328e+07,-1.589409270000000051e-09,1.092999999999999972e+02,6.307000000000000000e+07,6.970000000000000000e+07
6.293082323592017591e+07,-1.589046430000000028e-09,1.093050000000000068e+02,6.307000000000000000e+07,6.970000000000000000e+07
6.290915880980551988e+07,-1.589593660000000058e-09,1.093100000000000023e+02,6.307000000000000000e+07,6.970000000000000000e+07
6.289749447516271472e+07,-1.589888449999999896e-09,1.093149999999999977e+02,6.307000000000000000e+07,6.970000000000000000e+07
6.291327890193880349e+07,-1.589489560000000168e-09,1.093200000000000074e+02,6.307000000000000000e+07,6.970000000000000000e+07
6.288725935003212839e+07,-1.590147210000000118e-09,1.093250000000000028e+02,6.307000000000000000e+07,6.970000000000000000e+07
6.284624154808393121e+07,-1.591185050000000038e-09,1.093299999999999983e+02,6.307000000000000000e+07,6.970000000000000000e+07
6.283842339853544533e+07,-1.591383020000000155e-09,1.093350000000000080e+02,6.307000000000000000e+07,6.970000000000000000e+07
6.281635296860504895e+07,-1.591942150000000050e-09,1.093400000000000034e+02,6.307000000000000000e+07,6.970000000000000000e+07
6.276349724457891285e+07,-1.593282790000000127e-09,1.093449999999999989e+02,6.307000000000000000e+07,6.970000000000000000e+07
6.274868795317181200e+07,-1.593658819999999971e-09,1.093500000000000085e+02,6.307000000000000000e+07,6.970000000000000000e+07
6.276238718170627952e+07,-1.593310970000000135e-09,1.093550000000000040e+02,6.307000000000000000e+07,6.970000000000000000e+07
6.273949390158317238e+07,-1.593892359999999929e-09,1.093599999999999994e+02,6.307000000000000000e+07,6.970000000000000000e+07
6.272837362163494527e+07,-1.594174920000000087e-09,1.093650000000000091e+02,6.307000000000000000e+07,6.970000000000000000e+07
6.275416377641906589e+07,-1.593519760000000062e-09,1.093700000000000045e+02,6.307000000000000000e+07,6.970000000000000000e+07
6.274959593025197089e+07,-1.593635760000000023e-09,1.093750000000000000e+02,6.307000000000000000e+07,6.970000000000000000e+07
6.272298176826070994e+07,-1.594311960000000096e-09,1.093799999999999955e+02,6.307000000000000000e+07,6.970000000000000000e+07
6.273476446722012013e+07,-1.594012520000000017e-09,1.093850000000000051e+02,6.307000000000000000e+07,6.970000000000000000e+07
6.274539449275013059e+07,-1.593742470000000166e-09,1.093900000000000006e+02,6.307000000000000000e+07,6.970000000000000000e+07
6.272815405783724040e+07,-1.594180500000000128e-09,1.093949999999999960e+02,6.307000000000000000e+07,6.970000000000000000e+07
6.274291665254166722e+07,-1.593805410000000129e-09,1.094000000000000057e+02,6.307000000000000000e+07,6.970000000000000000e+07
6.277032156677082926e+07,-1.593109570000000041e-09,1.094050000000000011e+02,6.307000000000000000e+07,6.970000000000000000e+07
6.273947028412748128e+07,-1.593892960000000120e-09,1.094099999999999966e+02,6.307000000000000000e+07,6.970000000000000000e+07
6.270587553865679353e+07,-1.594746890000000104e-09,1.094150000000000063e+02,6.307000000000000000e+07,6.970000000000000000e+07
6.269282707103355974e+07,-1.595078810000000114e-09,1.094200000000000017e+02,6.307000000000000000e+07,6.970000000000000000e+07
6.264639836834699661e+07,-1.596260959999999962e-09,1.094249999999999972e+02,6.307000000000000000e+07,6.970000000000000000e+07
6.258490855427991599e+07,-1.597829289999999994e-09,1.094300000000000068e+02,6.307000000000000000e+07,6.970000000000000000e+07
6.257513866212701797e+07,-1.598078759999999984e-09,1.094350000000000023e+02,6.307000000000000000e+07,6.970000000000000000e+07
6.256254455782627314e+07,-1.598400459999999962e-09,1.094399999999999977e+02,6.307000000000000000e+07,6.970000000000000000e+07
6.252349750267708302e+07,-1.599398690000000036e-09,1.094450000000000074e+02,6.307000000000000000e+07,6.970000000000000000e+07
6.251923404235313088e+07,-1.599507760000000145e-09,1.094500000000000028e+02,6.307000000000000000e+07,6.970000000000000000e+07
6.252869207196586579e+07,-1.599265820000000198e-09,1.094549999999999983e+02,6.307000000000000000e+07,6.970000000000000000e+07
6.250552744192359596e+07,-1.599858510000000078e-09,1.094600000000000080e+02,6.307000000000000000e+07,6.970000000000000000e+07
6.249878947657132149e+07,-1.600030990000000176e-09,1.094650000000000034e+02,6.307000000000000000e+07,6.970000000000000000e+07
6.252980404947763681e+07,-1.599237380000000065e-09,1.094699999999999989e+02,6.307000000000000000e+07,6.970000000000000000e+07
6.253433995110490173e+07,-1.599121380000000104e-09,1.094750000000000085e+02,6.307000000000000000e+07,6.970000000000000000e+07
6.252507450878660381e+07,-1.599358350000000039e-09,1.094800000000000040e+02,6.307000000000000000e+07,6.970000000000000000e+07
6.256077075069759041e+07,-1.598445780000000223e-09,1.094849999999999994e+02,6.307000000000000000e+07,6.970000000000000000e+07
6.259229468572515249e+07,-1.597640740000000067e-09,1.094900000000000091e+02,6.307000000000000000e+07,6.970000000000000000e+07
6.258953158664268255e+07,-1.597711270000000133e-09,1.094950000000000045e+02,6.307000000000000000e+07,6.970000000000000000e+07
6.262029593675560504e+07,-1.596926340000000018e-09,1.095000000000000000e+02,6.307000000000000000e+07,6.970000000000000000e+07
6.266134159724473953e+07,-1.595880290000000128e-09,1.095049999999999955e+02,6.307000000000000000e+07,6.970000000000000000e+07
6.266385540736465901e+07,-1.595816270000000110e-09,1.095100000000000051e+02,6.307000000000000000e+07,6.970000000000000000e+07
6.268371539193679392e+07,-1.595310670000000033e-09,1.095150000000000006e+02,6.307000000000000000e+07,6.970000000000000000e+07
6.274730044485451281e+07,-1.593694060000000203e-09,1.095199999999999960e+02,6.307000000000000000e+07,6.970000000000000000e+07
6.277874547726222873e+07,-1.592895800000000057e-09,1.095250000000000057e+02,6.307000000000000000e+07,6.970000000000000000e+07
6.278055531510603428e+07,-1.592849880000000019e-09,1.095300000000000011e+02,6.307000000000000000e+07,6.970000000000000000e+07
6.282336678941472620e+07,-1.591764420000000139e-09,1.095349999999999966e+02,6.307000000000000000e+07,6.970000000000000000e+07
6.285712471837259084e+07,-1.590909549999999898e-09,1.095400000000000063e+02,6.307000000000000000e+07,6.970000000000000000e+07
6.286085746685277671e+07,-1.590815080000000099e-09,1.095450000000000017e+02,6.307000000000000000e+07,6.970000000000000000e+07
6.290067612754478306e+07,-1.589808030000000027e-09,1.095499999999999972e+02,6.307000000000000000e+07,6.970000000000000000e+07
6.295518645853077620e+07,-1.588431480000000042e-09,1.095550000000000068e+02,6.307000000000000000e+07,6.970000000000000000e+07
6.296595277296640724e+07,-1.588159880000000111e-09,1.095600000000000023e+02,6.307000000000000000e+07,6.970000000000000000e+07
6.299502038222783059e+07,-1.587427060000000104e-09,1.095649999999999977e+02,6.307000000000000000e+07,6.970000000000000000e+07
6.306321799404996634e+07,-1.585710390000000183e-09,1.095700000000000074e+02,6.307000000000000000e+07,6.970000000000000000e+07
6.308499424873032421e+07,-1.585163020000000150e-09,1.095750000000000028e+02,6.307000000000000000e+07,6.970000000000000000e+07
6.308159018293005228e+07,-1.585248560000000079e-09,1.095799999999999983e+02,6.307000000000000000e+07,6.970000000000000000e+07
6.311508251407115906e+07,-1.584407340000000053e-09,1.095850000000000080e+02,6.307000000000000000e+07,6.970000000000000000e+07
6.313559471312126517e+07,-1.583892580000000116e-09,1.095900000000000034e+02,6.307000000000000000e+07,6.970000000000000000e+07
6.312692732427269965e+07,-1.584110050000000246e-09,1.095949999999999989e+02,6.307000000000000000e+07,6.970000000000000000e+07
6.315326885961382091e+07,-1.583449310000000180e-09,1.096000000000000085e+02,6.307000000000000000e+07,6.970000000000000000e+07
6.318693119361490756e+07,-1.582605740000000025e-09,1.096050000000000040e+02,6.307000000000000000e+07,6.970000000000000000e+07
6.317676849717225879e+07,-1.582860320000000031e-09,1.096099999999999994e+02,6.307000000000000000e+07,6.970000000000000000e+07
6.318112730193487555e+07,-1.582751119999999963e-09,1.096150000000000091e+02,6.307000000000000000e+07,6.970000000000000000e+07
6.322206233503151685e+07,-1.581726320000000023e-09,1.096200000000000045e+02,6.307000000000000000e+07,6.970000000000000000e+07
6.322982272020653635e+07,-1.581532190000000054e-09,1.096250000000000000e+02,6.307000000000000000e+07,6.970000000000000000e+07
6.321682706008420140e+07,-1.581857309999999964e-09,1.096299999999999955e+02,6.307000000000000000e+07,6.970000000000000000e+07
6.323783814797670394e+07,-1.581331730000000218e-09,1.096350000000000051e+02,6.307000000000000000e+07,6.970000000000000000e+07
6.324460442096860707e+07,-1.581162550000000138e-09,1.096400000000000006e+02,6.307000000000000000e+07,6.970000000000000000e+07
6.320778537371719629e+07,-1.582083590000000255e-09,1.096449999999999960e+02,6.307000000000000000e+07,6.970000000000000000e+07
6.319245182845716178e+07,-1.582467480000000164e-09,1.096500000000000057e+02,6.307000000000000000e+07,6.970000000000000000e+07
6.319090766250734776e+07,-1.582506149999999960e-09,1.096550000000000011e+02,6.307000000000000000e+07,6.970000000000000000e+07
6.315668026712092757e+07,-1.583363780000000088e-09,1.096599999999999966e+02,6.307000000000000000e+07,6.970000000000000000e+07
6.314212462565717846e+07,-1.583728780000000014e-09,1.096650000000000063e+02,6.307000000000000000e+07,6.970000000000000000e+07
6.316099361464460939e+07,-1.583255650000000030e-09,1.096700000000000017e+02,6.307000000000000000e+07,6.970000000000000000e+07
6.314917908656303585e+07,-1.583551860000000196e-09,1.096749999999999972e+02,6.307000000000000000e+07,6.970000000000000000e+07
6.313081055585788935e+07,-1.584012610000000039e-09,1.096800000000000068e+02,6.307000000000000000e+07,6.970000000000000000e+07
6.316112246965648234e+07,-1.583252420000000117e-09,1.096850000000000023e+02,6.307000000000000000e+07,6.970000000000000000e+07
6.318080516089121252e+07,-1.582759190000000137e-09,1.096899999999999977e+02,6.307000000000000000e+07,6.970000000000000000e+07
6.316536101549384743e+07,-1.583146180000000000e-09,1.096950000000000074e+02,6.307000000000000000e+07,6.970000000000000000e+07
6.318296081407302618e+07,-1.582705190000000087e-09,1.097000000000000028e+02,6.307000000000000000e+07,6.970000000000000000e+07
6.321189592760583758e+07,-1.581980710000000217e-09,1.097049999999999983e+02,6.307000000000000000e+07,6.970000000000000000e+07
6.320413474876296520e+07,-1.582174970000000144e-09,1.097100000000000080e+02,6.307000000000000000e+07,6.970000000000000000e+07
6.321250088900481164e+07,-1.581965569999999981e-09,1.097150000000000034e+02,6.307000000000000000e+07,6.970000000000000000e+07
6.324130189252378792e+07,-1.581245120000000072e-09,1.097199999999999989e+02,6.307000000000000000e+07,6.970000000000000000e+07
6.322949488504684716e+07,-1.581540390000000186e-09,1.097250000000000085e+02,6.307000000000000000e+07,6.970000000000000000e+07
6.320069904017983377e+07,-1.582260980000000099e-09,1.097300000000000040e+02,6.307000000000000000e+07,6.970000000000000000e+07
6.320959606116229296e+07,-1.582038269999999995e-09,1.097349999999999994e+02,6.307000000000000000e+07,6.970000000000000000e+07
6.319769624679499120e+07,-1.582336160000000200e-09,1.097400000000000091e+02,6.307000000000000000e+07,6.970000000000000000e+07
6.315242414148178697e+07,-1.583470490000000231e-09,1.097450000000000045e+02,6.307000000000000000e+07,6.970000000000000000e+07
6.314938286476227641e+07,-1.583546750000000180e-09,1.097500000000000000e+02,6.307000000000000000e+07,6.970000000000000000e+07
6.315106697643022984e+07,-1.583504520000000036e-09,1.097549999999999955e+02,6.307000000000000000e+07,6.970000000000000000e+07
6.311926149656122178e+07,-1.584302440000000115e-09,1.097600000000000051e+02,6.307000000000000000e+07,6.970000000000000000e+07
6.309615534808502346e+07,-1.584882620000000102e-09,1.097650000000000006e+02,6.307000000000000000e+07,6.970000000000000000e+07
6.309859427942086756e+07,-1.584821360000000178e-09,1.097699999999999960e+02,6.307000000000000000e+07,6.970000000000000000e+07
6.307906701795735955e+07,-1.585311970000000068e-09,1.097750000000000057e+02,6.307000000000000000e+07,6.970000000000000000e+07
6.305924962595459819e+07,-1.585810180000000106e-09,1.097800000000000011e+02,6.307000000000000000e+07,6.970000000000000000e+07
6.308720983471561223e+07,-1.585107350000000106e-09,1.097849999999999966e+02,6.307000000000000000e+07,6.970000000000000000e+07
6.309968959054200351e+07,-1.584793850000000260e-09,1.097900000000000063e+02,6.307000000000000000e+07,6.970000000000000000e+07
6.308710555899159610e+07,-1.585109969999999990e-09,1.097950000000000017e+02,6.307000000000000000e+07,6.970000000000000000e+07
6.311295857607471943e+07,-1.584460659999999969e-09,1.097999999999999972e+02,6.307000000000000000e+07,6.970000000000000000e+07
6.314203093299049884e+07,-1.583731130000000143e-09,1.098050000000000068e+02,6.307000000000000000e+07,6.970000000000000000e+07
6.312817346117091179e+07,-1.584078780000000121e-09,1.098100000000000023e+02,6.307000000000000000e+07,6.970000000000000000e+07
6.312676672882044315e+07,-1.584114080000000000e-09,1.098149999999999977e+02,6.307000000000000000e+07,6.970000000000000000e+07
6.315667508172520250e+07,-1.583363910000000254e-09,1.098200000000000074e+02,6.307000000000000000e+07,6.970000000000000000e+07
6.314554041156407446e+07,-1.583643109999999919e-09,1.098250000000000028e+02,6.307000000000000000e+07,6.970000000000000000e+07
6.313499680328570306e+07,-1.583907580000000142e-09,1.098299999999999983e+02,6.307000000000000000e+07,6.970000000000000000e+07
6.316920069388840348e+07,-1.583049950000000013e-09,1.098350000000000080e+02,6.307000000000000000e+07,6.970000000000000000e+07
6.318366422755187005e+07,-1.582687570000000178e-09,1.098400000000000034e+02,6.307000000000000000e+07,6.970000000000000000e+07
6.317210141098298877e+07,-1.582977260000000251e-09,1.098449999999999989e+02,6.307000000000000000e+07,6.970000000000000000e+07
6.319350168077968061e+07,-1.582441190000000097e-09,1.098500000000000085e+02,6.307000000000000000e+07,6.970000000000000000e+07
6.322430115034529567e+07,-1.581670310000000118e-09,1.098550000000000040e+02,6.307000000000000000e+07,6.970000000000000000e+07
6.321193908166819811e+07,-1.581979630000000162e-09,1.098599999999999994e+02,6.307000000000000000e+07,6.970000000000000000e+07
6.321989322172679007e+07,-1.581780590000000034e-09,1.098650000000000091e+02,6.307000000000000000e+07,6.970000000000000000e+07
6.326109662579607219e+07,-1.580750340000000218e-09,1.098700000000000045e+02,6.307000000000000000e+07,6.970000000000000000e+07
6.327213437371450663e+07,-1.580474580000000160e-09,1.098750000000000000e+02,6.307000000000000000e+07,6.970000000000000000e+07
6.328300937642834336e+07,-1.580202980000000022e-09,1.098799999999999955e+02,6.307000000000000000e+07,6.970000000000000000e+07
6.333748343748559058e+07,-1.578843910000000149e-09,1.098850000000000051e+02,6.307000000000000000e+07,6.970000000000000000e+07
6.338684977302024513e+07,-1.577614290000000183e-09,1.098900000000000006e+02,6.307000000000000000e+07,6.970000000000000000e+07
6.341821690436797589e+07,-1.576833990000000013e-09,1.098949999999999960e+02,6.307000000000000000e+07,6.970000000000000000e+07
6.347732385594882816e+07,-1.575365720000000073e-09,1.099000000000000057e+02,6.307000000000000000e+07,6.970000000000000000e+07
6.352866164816498011e+07,-1.574092660000000155e-09,1.099050000000000011e+02,6.307000000000000000e+07,6.970000000000000000e+07
6.354472128789594769e+07,-1.573694840000000024e-09,1.099099999999999966e+02,6.307000000000000000e+07,6.970000000000000000e+07
6.358074066120358557e+07,-1.572803320000000094e-09,1.099150000000000063e+02,6.307000000000000000e+07,6.970000000000000000e+07
6.364232443432681262e+07,-1.571281390000000170e-09,1.099200000000000017e+02,6.307000000000000000e+07,6.970000000000000000e+07
6.366997559529834986e+07,-1.570599000000000234e-09,1.099249999999999972e+02,6.307000000000000000e+07,6.970000000000000000e+07
6.368836478091765940e+07,-1.570145510000000059e-09,1.099300000000000068e+02,6.307000000000000000e+07,6.970000000000000000e+07
6.374500935540881008e+07,-1.568750260000000109e-09,1.099350000000000023e+02,6.307000000000000000e+07,6.970000000000000000e+07
6.378383586587159336e+07,-1.567795330000000190e-09,1.099399999999999977e+02,6.307000000000000000e+07,6.970000000000000000e+07
6.378289201620802283e+07,-1.567818530000000141e-09,1.099450000000000074e+02,6.307000000000000000e+07,6.970000000000000000e+07
6.381844520270684361e+07,-1.566945100000000146e-09,1.099500000000000028e+02,6.307000000000000000e+07,6.970000000000000000e+07
6.385180374353802949e+07,-1.566126470000000042e-09,1.099549999999999983e+02,6.307000000000000000e+07,6.970000000000000000e+07
6.384230277040991187e+07,-1.566359540000000181e-09,1.099600000000000080e+02,6.307000000000000000e+07,6.970000000000000000e+07
6.385596016174791753e+07,-1.566024530000000054e-09,1.099650000000000034e+02,6.307000000000000000e+07,6.970000000000000000e+07
6.390014401175455749e+07,-1.564941700000000103e-09,1.099699999999999989e+02,6.307000000000000000e+07,6.970000000000000000e+07
6.390399105282777548e+07,-1.564847490000000015e-09,1.099750000000000085e+02,6.307000000000000000e+07,6.970000000000000000e+07
6.389847728139480948e+07,-1.564982520000000170e-09,1.099800000000000040e+02,6.307000000000000000e+07,6.970000000000000000e+07
6.393172419186736643e+07,-1.564168670000000059e-09,1.099849999999999994e+02,6.307000000000000000e+07,6.970000000000000000e+07
6.393566292341049016e+07,-1.564072310000000113e-09,1.099900000000000091e+02,6.307000000000000000e+07,6.970000000000000000e+07
6.390824207981960475e+07,-1.564743400000000170e-09,1.099950000000000045e+02,6.307000000000000000e+07,6.970000000000000000e+07
6.392607935940749943e+07,-1.564306790000000123e-09,1.100000000000000000e+02,6.307000000000000000e+07,6.970000000000000000e+07
6.395115073444827646e+07,-1.563693519999999969e-09,1.100049999999999955e+02,6.307000000000000000e+07,6.970000000000000000e+07
6.392906921455204487e+07,-1.564233630000000128e-09,1.100100000000000051e+02,6.307000000000000000e+07,6.970000000000000000e+07
6.392951183169047534e+07,-1.564222800000000067e-09,1.100150000000000006e+02,6.307000000000000000e+07,6.970000000000000000e+07
6.394879676118273288e+07,-1.563751080000000161e-09,1.100199999999999960e+02,6.307000000000000000e+07,6.970000000000000000e+07
6.392434834640336037e+07,-1.564349150000000019e-09,1.100250000000000057e+02,6.307000000000000000e+07,6.970000000000000000e+07
6.390058051185272634e+07,-1.564931010000000045e-09,1.100300000000000011e+02,6.307000000000000000e+07,6.970000000000000000e+07
6.392674996825077385e+07,-1.564290380000000227e-09,1.100349999999999966e+02,6.307000000000000000e+07,6.970000000000000000e+07
6.393498681356880069e+07,-1.564088850000000174e-09,1.100400000000000063e+02,6.307000000000000000e+07,6.970000000000000000e+07
6.391992479999823123e+07,-1.564457410000000036e-09,1.100450000000000017e+02,6.307000000000000000e+07,6.970000000000000000e+07
6.394651411245211214e+07,-1.563806900000000253e-09,1.100499999999999972e+02,6.307000000000000000e+07,6.970000000000000000e+07
6.397951427136642486e+07,-1.563000299999999971e-09,1.100550000000000068e+02,6.307000000000000000e+07,6.970000000000000000e+07
6.396860195846399665e+07,-1.563266930000000097e-09,1.100600000000000023e+02,6.307000000000000000e+07,6.970000000000000000e+07
6.398270440009122342e+07,-1.562922370000000028e-09,1.100649999999999977e+02,6.307000000000000000e+07,6.970000000000000000e+07
6.403969190350530297e+07,-1.561531560000000005e-09,1.100700000000000074e+02,6.307000000000000000e+07,6.970000000000000000e+07
6.406733322960831225e+07,-1.560857850000000271e-09,1.100750000000000028e+02,6.307000000000000000e+07,6.970000000000000000e+07
6.406741614310400933e+07,-1.560855829999999958e-09,1.100799999999999983e+02,6.307000000000000000e+07,6.970000000000000000e+07
6.408241552308338135e+07,-1.560490490000000172e-09,1.100850000000000080e+02,6.307000000000000000e+07,6.970000000000000000e+07
6.405961418444620073e+07,-1.561045929999999966e-09,1.100900000000000034e+02,6.307000000000000000e+07,6.970000000000000000e+07
6.399905752427927405e+07,-1.562523010000000068e-09,1.100949999999999989e+02,6.307000000000000000e+07,6.970000000000000000e+07
6.397571584187787771e+07,-1.563093099999999982e-09,1.101000000000000085e+02,6.307000000000000000e+07,6.970000000000000000e+07
6.394150487904693186e+07,-1.563929410000000263e-09,1.101050000000000040e+02,6.307000000000000000e+07,6.970000000000000000e+07
6.386407191370390356e+07,-1.565825620000000092e-09,1.101099999999999994e+02,6.307000000000000000e+07,6.970000000000000000e+07
6.380975911560694873e+07,-1.567158400000000104e-09,1.101150000000000091e+02,6.307000000000000000e+07,6.970000000000000000e+07
6.378783818015441298e+07,-1.567696959999999976e-09,1.101200000000000045e+02,6.307000000000000000e+07,6.970000000000000000e+07
6.373237988503354788e+07,-1.569061130000000027e-09,1.101250000000000000e+02,6.307000000000000000e+07,6.970000000000000000e+07
6.367881708802971989e+07,-1.570380930000000120e-09,1.101299999999999955e+02,6.307000000000000000e+07,6.970000000000000000e+07
6.367651028679378331e+07,-1.570437820000000016e-09,1.101350000000000051e+02,6.307000000000000000e+07,6.970000000000000000e+07
6.364973621448871493e+07,-1.571098420000000078e-09,1.101400000000000006e+02,6.307000000000000000e+07,6.970000000000000000e+07
6.359880894440166652e+07,-1.572356490000000015e-09,1.101449999999999960e+02,6.307000000000000000e+07,6.970000000000000000e+07
6.359138475620137900e+07,-1.572540060000000092e-09,1.101500000000000057e+02,6.307000000000000000e+07,6.970000000000000000e+07
6.358790681881547719e+07,-1.572626070000000254e-09,1.101550000000000011e+02,6.307000000000000000e+07,6.970000000000000000e+07
6.355118667414994538e+07,-1.573534740000000067e-09,1.101599999999999966e+02,6.307000000000000000e+07,6.970000000000000000e+07
6.354214196188853681e+07,-1.573758720000000245e-09,1.101650000000000063e+02,6.307000000000000000e+07,6.970000000000000000e+07
6.356834995169981569e+07,-1.573109890000000088e-09,1.101700000000000017e+02,6.307000000000000000e+07,6.970000000000000000e+07
6.355685799376180023e+07,-1.573394330000000142e-09,1.101749999999999972e+02,6.307000000000000000e+07,6.970000000000000000e+07
6.354648873971788585e+07,-1.573651070000000051e-09,1.101800000000000068e+02,6.307000000000000000e+07,6.970000000000000000e+07
6.357776955477034301e+07,-1.572876820000000156e-09,1.101850000000000023e+02,6.307000000000000000e+07,6.970000000000000000e+07
6.358507371932636201e+07,-1.572696139999999925e-09,1.101899999999999977e+02,6.307000000000000000e+07,6.970000000000000000e+07
6.356147585221351683e+07,-1.573280020000000058e-09,1.101950000000000074e+02,6.307000000000000000e+07,6.970000000000000000e+07
6.357146970671029389e+07,-1.573032690000000088e-09,1.102000000000000028e+02,6.307000000000000000e+07,6.970000000000000000e+07
6.358566118160432577e+07,-1.572681610000000132e-09,1.102049999999999983e+02,6.307000000000000000e+07,6.970000000000000000e+07
6.357474982080343366e+07,-1.572951530000000231e-09,1.102100000000000080e+02,6.307000000000000000e+07,6.970000000000000000e+07
6.358780613776974380e+07,-1.572628560000000179e-09,1.102150000000000034e+02,6.307000000000000000e+07,6.970000000000000000e+07
6.361724445671776682e+07,-1.571900840000000144e-09,1.102199999999999989e+02,6.307000000000000000e+07,6.970000000000000000e+07
6.358226553276596963e+07,-1.572765600000000188e-09,1.102250000000000085e+02,6.307000000000000000e+07,6.970000000000000000e+07
6.352520993827261776e+07,-1.574178190000000040e-09,1.102300000000000040e+02,6.307000000000000000e+07,6.970000000000000000e+07
6.351364119309815764e+07,-1.574464920000000162e-09,1.102349999999999994e+02,6.307000000000000000e+07,6.970000000000000000e+07
6.348224208385486901e+07,-1.575243670000000251e-09,1.102400000000000091e+02,6.307000000000000000e+07,6.970000000000000000e+07
6.343312465463438630e+07,-1.576463410000000046e-09,1.102450000000000045e+02,6.307000000000000000e+07,6.970000000000000000e+07
6.343422034376297891e+07,-1.576436180000000134e-09,1.102500000000000000e+02,6.307000000000000000e+07,6.970000000000000000e+07
6.344554360817459226e+07,-1.576154829999999990e-09,1.102549999999999955e+02,6.307000000000000000e+07,6.970000000000000000e+07
6.341778696935452521e+07,-1.576844680000000071e-09,1.102600000000000051e+02,6.307000000000000000e+07,6.970000000000000000e+07
6.341684829146321863e+07,-1.576868020000000232e-09,1.102650000000000006e+02,6.307000000000000000e+07,6.970000000000000000e+07
6.343944862592882663e+07,-1.576306259999999995e-09,1.102699999999999960e+02,6.307000000000000000e+07,6.970000000000000000e+07
6.341850366501240432e+07,-1.576826860000000098e-09,1.102750000000000057e+02,6.307000000000000000e+07,6.970000000000000000e+07
6.340122101495096087e+07,-1.577256690000000134e-09,1.102800000000000011e+02,6.307000000000000000e+07,6.970000000000000000e+07
6.342698338000555336e+07,-1.576616050000000065e-09,1.102849999999999966e+02,6.307000000000000000e+07,6.970000000000000000e+07
6.341361420795723796e+07,-1.576948440000000101e-09,1.102900000000000063e+02,6.307000000000000000e+07,6.970000000000000000e+07
6.337659817084490508e+07,-1.577869480000000011e-09,1.102950000000000017e+02,6.307000000000000000e+07,6.970000000000000000e+07
6.338536399111826718e+07,-1.577651270000000101e-09,1.102999999999999972e+02,6.307000000000000000e+07,6.970000000000000000e+07
6.338043103586073220e+07,-1.577774060000000117e-09,1.103050000000000068e+02,6.307000000000000000e+07,6.970000000000000000e+07
6.333294900788776577e+07,-1.578956950000000160e-09,1.103100000000000023e+02,6.307000000000000000e+07,6.970000000000000000e+07
6.331388294971251488e+07,-1.579432430000000065e-09,1.103149999999999977e+02,6.307000000000000000e+07,6.970000000000000000e+07
6.331083973060350865e+07,-1.579508350000000154e-09,1.103200000000000074e+02,6.307000000000000000e+07,6.970000000000000000e+07
6.328307144994799793e+07,-1.580201430000000148e-09,1.103250000000000028e+02,6.307000000000000000e+07,6.970000000000000000e+07
6.326909556682367623e+07,-1.580550490000000204e-09,1.103299999999999983e+02,6.307000000000000000e+07,6.970000000000000000e+07
6.329326317013499886e+07,-1.579946979999999894e-09,1.103350000000000080e+02,6.307000000000000000e+07,6.970000000000000000e+07
6.328821276150356978e+07,-1.580073060000000090e-09,1.103400000000000034e+02,6.307000000000000000e+07,6.970000000000000000e+07
6.325967275821889937e+07,-1.580785920000000103e-09,1.103449999999999989e+02,6.307000000000000000e+07,6.970000000000000000e+07
6.327552140010403842e+07,-1.580389980000000282e-09,1.103500000000000085e+02,6.307000000000000000e+07,6.970000000000000000e+07
6.329246317462526262e+07,-1.579966950000000139e-09,1.103550000000000040e+02,6.307000000000000000e+07,6.970000000000000000e+07
6.328232257109647244e+07,-1.580220130000000112e-09,1.103599999999999994e+02,6.307000000000000000e+07,6.970000000000000000e+07
6.328618729662311822e+07,-1.580123629999999956e-09,1.103650000000000091e+02,6.307000000000000000e+07,6.970000000000000000e+07
6.330311594965242594e+07,-1.579701070000000046e-09,1.103700000000000045e+02,6.307000000000000000e+07,6.970000000000000000e+07
6.327528717916194350e+07,-1.580395830000000079e-09,1.103750000000000000e+02,6.307000000000000000e+07,6.970000000000000000e+07
6.324342927806367725e+07,-1.581191929999999908e-09,1.103799999999999955e+02,6.307000000000000000e+07,6.970000000000000000e+07
6.325217149923060834e+07,-1.580973390000000182e-09,1.103850000000000051e+02,6.307000000000000000e+07,6.970000000000000000e+07
6.323322401067700237e+07,-1.581447120000000150e-09,1.103900000000000006e+02,6.307000000000000000e+07,6.970000000000000000e+07
6.318977204788932949e+07,-1.582534590000000092e-09,1.103949999999999960e+02,6.307000000000000000e+07,6.970000000000000000e+07
6.319106898378795385e+07,-1.582502110000000161e-09,1.104000000000000057e+02,6.307000000000000000e+07,6.970000000000000000e+07
6.318808587124382704e+07,-1.582576820000000236e-09,1.104050000000000011e+02,6.307000000000000000e+07,6.970000000000000000e+07
6.314013800199006498e+07,-1.583778610000000099e-09,1.104099999999999966e+02,6.307000000000000000e+07,6.970000000000000000e+07
6.311704883766230196e+07,-1.584357980000000200e-09,1.104150000000000063e+02,6.307000000000000000e+07,6.970000000000000000e+07
6.312138067920814455e+07,-1.584249250000000158e-09,1.104200000000000017e+02,6.307000000000000000e+07,6.970000000000000000e+07
6.309824351715868711e+07,-1.584830170000000133e-09,1.104249999999999972e+02,6.307000000000000000e+07,6.970000000000000000e+07
6.308881062974284589e+07,-1.585067130000000230e-09,1.104300000000000068e+02,6.307000000000000000e+07,6.970000000000000000e+07
6.311622381136670709e+07,-1.584378690000000226e-09,1.104350000000000023e+02,6.307000000000000000e+07,6.970000000000000000e+07
6.310526428216484189e+07,-1.584653850000000093e-09,1.104399999999999977e+02,6.307000000000000000e+07,6.970000000000000000e+07
6.305774973753787577e+07,-1.585847900000000218e-09,1.104450000000000074e+02,6.307000000000000000e+07,6.970000000000000000e+07
6.304287082910415530e+07,-1.586222180000000125e-09,1.104500000000000028e+02,6.307000000000000000e+07,6.970000000000000000e+07
6.302090202283420414e+07,-1.586775129999999993e-09,1.104549999999999983e+02,6.307000000000000000e+07,6.970000000000000000e+07
6.294413618532878906e+07,-1.588710340000000054e-09,1.104600000000000080e+02,6.307000000000000000e+07,6.970000000000000000e+07
6.287672194976690412e+07,-1.590413700000000240e-09,1.104650000000000034e+02,6.307000000000000000e+07,6.970000000000000000e+07
6.283077220759455115e+07,-1.591576810000000264e-09,1.104699999999999989e+02,6.307000000000000000e+07,6.970000000000000000e+07
6.275215384217633307e+07,-1.593570799999999954e-09,1.104750000000000085e+02,6.307000000000000000e+07,6.970000000000000000e+07
6.269112486509810388e+07,-1.595122120000000106e-09,1.104800000000000040e+02,6.307000000000000000e+07,6.970000000000000000e+07
6.267718998301173002e+07,-1.595476759999999996e-09,1.104849999999999994e+02,6.307000000000000000e+07,6.970000000000000000e+07
6.263898886941498518e+07,-1.596449780000000057e-09,1.104900000000000091e+02,6.307000000000000000e+07,6.970000000000000000e+07
6.257824588308203220e+07,-1.597999409999999918e-09,1.104950000000000045e+02,6.307000000000000000e+07,6.970000000000000000e+07
6.254560473678379506e+07,-1.598833370000000071e-09,1.105000000000000000e+02,6.307000000000000000e+07,6.970000000000000000e+07
6.251350995091927052e+07,-1.599654219999999931e-09,1.105049999999999955e+02,6.307000000000000000e+07,6.970000000000000000e+07
6.245004893804409355e+07,-1.601279770000000295e-09,1.105100000000000051e+02,6.307000000000000000e+07,6.970000000000000000e+07
6.242266339189884067e+07,-1.601982270000000066e-09,1.105150000000000006e+02,6.307000000000000000e+07,6.970000000000000000e+07
6.241802835392618179e+07,-1.602101229999999978e-09,1.105199999999999960e+02,6.307000000000000000e+07,6.970000000000000000e+07
6.237468458057627827e+07,-1.603214520000000168e-09,1.105250000000000057e+02,6.307000000000000000e+07,6.970000000000000000e+07
6.234404597933240980e+07,-1.604002410000000234e-09,1.105300000000000011e+02,6.307000000000000000e+07,6.970000000000000000e+07
6.235404476970531046e+07,-1.603745200000000092e-09,1.105349999999999966e+02,6.307000000000000000e+07,6.970000000000000000e+07
6.233290845768493414e+07,-1.604289010000000190e-09,1.105400000000000063e+02,6.307000000000000000e+07,6.970000000000000000e+07
6.229383660108631849e+07,-1.605295249999999963e-09,1.105450000000000017e+02,6.307000000000000000e+07,6.970000000000000000e+07
6.229500077946619689e+07,-1.605265250000000119e-09,1.105499999999999972e+02,6.307000000000000000e+07,6.970000000000000000e+07
6.229046305789650977e+07,-1.605382190000000132e-09,1.105550000000000068e+02,6.307000000000000000e+07,6.970000000000000000e+07
6.225197064060110599e+07,-1.606374850000000001e-09,1.105600000000000023e+02,6.307000000000000000e+07,6.970000000000000000e+07
6.224719469011509418e+07,-1.606498100000000206e-09,1.105649999999999977e+02,6.307000000000000000e+07,6.970000000000000000e+07
6.226665842173086852e+07,-1.605995930000000105e-09,1.105700000000000074e+02,6.307000000000000000e+07,6.970000000000000000e+07
6.225764693400792778e+07,-1.606228390000000215e-09,1.105750000000000028e+02,6.307000000000000000e+07,6.970000000000000000e+07
6.226012303061036021e+07,-1.606164509999999994e-09,1.105799999999999983e+02,6.307000000000000000e+07,6.970000000000000000e+07
6.229483895606757700e+07,-1.605269420000000084e-09,1.105850000000000080e+02,6.307000000000000000e+07,6.970000000000000000e+07
6.228604083185075969e+07,-1.605496169999999987e-09,1.105900000000000034e+02,6.307000000000000000e+07,6.970000000000000000e+07
6.225748530461864918e+07,-1.606232560000000180e-09,1.105949999999999989e+02,6.307000000000000000e+07,6.970000000000000000e+07
6.227017324458886683e+07,-1.605905280000000160e-09,1.106000000000000085e+02,6.307000000000000000e+07,6.970000000000000000e+07
6.227215242150495946e+07,-1.605854240000000061e-09,1.106050000000000040e+02,6.307000000000000000e+07,6.970000000000000000e+07
6.223807921238258481e+07,-1.606733390000000101e-09,1.106099999999999994e+02,6.307000000000000000e+07,6.970000000000000000e+07
6.222621941330855340e+07,-1.607039620000000029e-09,1.106150000000000091e+02,6.307000000000000000e+07,6.970000000000000000e+07
6.222117137577231973e+07,-1.607170000000000148e-09,1.106200000000000045e+02,6.307000000000000000e+07,6.970000000000000000e+07
6.217433858627739549e+07,-1.608380600000000173e-09,1.106250000000000000e+02,6.307000000000000000e+07,6.970000000000000000e+07
6.214073103325383365e+07,-1.609250459999999982e-09,1.106299999999999955e+02,6.307000000000000000e+07,6.970000000000000000e+07
6.215255285675290227e+07,-1.608944370000000058e-09,1.106350000000000051e+02,6.307000000000000000e+07,6.970000000000000000e+07
6.213943515079457313e+07,-1.609284020000000174e-09,1.106400000000000006e+02,6.307000000000000000e+07,6.970000000000000000e+07
6.210228609196697921e+07,-1.610246679999999993e-09,1.106449999999999960e+02,6.307000000000000000e+07,6.970000000000000000e+07
6.211337722450908273e+07,-1.609959150000000030e-09,1.106500000000000057e+02,6.307000000000000000e+07,6.970000000000000000e+07
6.212459196257375926e+07,-1.609668520000000112e-09,1.106550000000000011e+02,6.307000000000000000e+07,6.970000000000000000e+07
6.211220207812397182e+07,-1.609989610000000062e-09,1.106599999999999966e+02,6.307000000000000000e+07,6.970000000000000000e+07
6.213012036611117423e+07,-1.609525290000000239e-09,1.106650000000000063e+02,6.307000000000000000e+07,6.970000000000000000e+07
6.215514036156602204e+07,-1.608877390000000089e-09,1.106700000000000017e+02,6.307000000000000000e+07,6.970000000000000000e+07
6.212870565266969055e+07,-1.609561940000000135e-09,1.106749999999999972e+02,6.307000000000000000e+07,6.970000000000000000e+07
6.211176613558560610e+07,-1.610000909999999942e-09,1.106800000000000068e+02,6.307000000000000000e+07,6.970000000000000000e+07
6.213177371314751357e+07,-1.609482460000000111e-09,1.106850000000000023e+02,6.307000000000000000e+07,6.970000000000000000e+07
6.212025306921416521e+07,-1.609780950000000094e-09,1.106899999999999977e+02,6.307000000000000000e+07,6.970000000000000000e+07
6.209276190449105948e+07,-1.610493670000000103e-09,1.106950000000000074e+02,6.307000000000000000e+07,6.970000000000000000e+07
6.211347329064124823e+07,-1.609956660000000105e-09,1.107000000000000028e+02,6.307000000000000000e+07,6.970000000000000000e+07
6.212596480458480120e+07,-1.609632950000000065e-09,1.107049999999999983e+02,6.307000000000000000e+07,6.970000000000000000e+07
6.209928572904759645e+07,-1.610324480000000185e-09,1.107100000000000080e+02,6.307000000000000000e+07,6.970000000000000000e+07
6.210164280208177119e+07,-1.610263360000000058e-09,1.107150000000000034e+02,6.307000000000000000e+07,6.970000000000000000e+07
6.211929799975240231e+07,-1.609805699999999918e-09,1.107199999999999989e+02,6.307000000000000000e+07,6.970000000000000000e+07
6.210524508853711188e+07,-1.610169960000000063e-09,1.107250000000000085e+02,6.307000000000000000e+07,6.970000000000000000e+07
6.210516756169839948e+07,-1.610171969999999918e-09,1.107300000000000040e+02,6.307000000000000000e+07,6.970000000000000000e+07
6.213511232953371853e+07,-1.609395980000000130e-09,1.107349999999999994e+02,6.307000000000000000e+07,6.970000000000000000e+07
6.213330283830830455e+07,-1.609442850000000057e-09,1.107400000000000091e+02,6.307000000000000000e+07,6.970000000000000000e+07
6.211285831820988655e+07,-1.609972600000000182e-09,1.107450000000000045e+02,6.307000000000000000e+07,6.970000000000000000e+07
6.214515080052182823e+07,-1.609136010000000101e-09,1.107500000000000000e+02,6.307000000000000000e+07,6.970000000000000000e+07
6.217337682783821225e+07,-1.608405480000000163e-09,1.107549999999999955e+02,6.307000000000000000e+07,6.970000000000000000e+07
6.217222801391066611e+07,-1.608435200000000000e-09,1.107600000000000051e+02,6.307000000000000000e+07,6.970000000000000000e+07
6.220524820702703297e+07,-1.607581399999999976e-09,1.107650000000000006e+02,6.307000000000000000e+07,6.970000000000000000e+07
6.225436838591692597e+07,-1.606312980000000049e-09,1.107699999999999960e+02,6.307000000000000000e+07,6.970000000000000000e+07
6.225348747305132449e+07,-1.606335709999999974e-09,1.107750000000000057e+02,6.307000000000000000e+07,6.970000000000000000e+07
6.225910938866996020e+07,-1.606190660000000058e-09,1.107800000000000011e+02,6.307000000000000000e+07,6.970000000000000000e+07
6.229726329056823999e+07,-1.605206949999999940e-09,1.107849999999999966e+02,6.307000000000000000e+07,6.970000000000000000e+07
6.231466955181924254e+07,-1.604758570000000194e-09,1.107900000000000063e+02,6.307000000000000000e+07,6.970000000000000000e+07
6.231797270710849762e+07,-1.604673510000000128e-09,1.107950000000000017e+02,6.307000000000000000e+07,6.970000000000000000e+07
6.236366212096270919e+07,-1.603497879999999960e-09,1.107999999999999972e+02,6.307000000000000000e+07,6.970000000000000000e+07
6.239200879158309102e+07,-1.602769360000000084e-09,1.108050000000000068e+02,6.307000000000000000e+07,6.970000000000000000e+07
6.238142460833666474e+07,-1.603041300000000082e-09,1.108100000000000023e+02,6.307000000000000000e+07,6.970000000000000000e+07
6.240873229972115904e+07,-1.602339870000000114e-09,1.108149999999999977e+02,6.307000000000000000e+07,6.970000000000000000e+07
6.245290231471128017e+07,-1.601206610000000093e-09,1.108200000000000074e+02,6.307000000000000000e+07,6.970000000000000000e+07
6.245155671777625382e+07,-1.601241109999999924e-09,1.108250000000000028e+02,6.307000000000000000e+07,6.970000000000000000e+07
6.245754214357008040e+07,-1.601087660000000019e-09,1.108299999999999983e+02,6.307000000000000000e+07,6.970000000000000000e+07
6.250042070595687628e+07,-1.599989230000000058e-09,1.108350000000000080e+02,6.307000000000000000e+07,6.970000000000000000e+07
6.251213829445332289e+07,-1.599689320000000160e-09,1.108400000000000034e+02,6.307000000000000000e+07,6.970000000000000000e+07
6.249868713695332408e+07,-1.600033610000000267e-09,1.108449999999999989e+02,6.307000000000000000e+07,6.970000000000000000e+07
6.252228802338743210e+07,-1.599429630000000138e-09,1.108500000000000085e+02,6.307000000000000000e+07,6.970000000000000000e+07
6.254081217962804437e+07,-1.598955890000000125e-09,1.108550000000000040e+02,6.307000000000000000e+07,6.970000000000000000e+07
6.252921794950973988e+07,-1.599252370000000253e-09,1.108599999999999994e+02,6.307000000000000000e+07,6.970000000000000000e+07
6.254701972207607329e+07,-1.598797200000000038e-09,1.108650000000000091e+02,6.307000000000000000e+07,6.970000000000000000e+07
6.257463041514750570e+07,-1.598091740000000110e-09,1.108700000000000045e+02,6.307000000000000000e+07,6.970000000000000000e+07
6.255024504809100926e+07,-1.598714760000000063e-09,1.108750000000000000e+02,6.307000000000000000e+07,6.970000000000000000e+07
6.253678296317426115e+07,-1.599058909999999960e-09,1.108799999999999955e+02,6.307000000000000000e+07,6.970000000000000000e+07
6.256238682112310827e+07,-1.598404490000000130e-09,1.108850000000000051e+02,6.307000000000000000e+07,6.970000000000000000e+07
6.256343423903935403e+07,-1.598377730000000037e-09,1.108900000000000006e+02,6.307000000000000000e+07,6.970000000000000000e+07
6.257485438737522066e+07,-1.598086020000000065e-09,1.108949999999999960e+02,6.307000000000000000e+07,6.970000000000000000e+07
6.262991126775798202e+07,-1.596681170000000157e-09,1.109000000000000057e+02,6.307000000000000000e+07,6.970000000000000000e+07
6.266320553552720696e+07,-1.595832820000000216e-09,1.109050000000000011e+02,6.307000000000000000e+07,6.970000000000000000e+07
6.265931915135721862e+07,-1.595931800000000045e-09,1.109099999999999966e+02,6.307000000000000000e+07,6.970000000000000000e+07
6.268995172917599976e+07,-1.595151970000000108e-09,1.109150000000000063e+02,6.307000000000000000e+07,6.970000000000000000e+07
6.273139809228548408e+07,-1.594098060000000153e-09,1.109200000000000017e+02,6.307000000000000000e+07,6.970000000000000000e+07
6.272374894127015769e+07,-1.594292460000000084e-09,1.109249999999999972e+02,6.307000000000000000e+07,6.970000000000000000e+07
6.272146596825143695e+07,-1.594350490000000094e-09,1.109300000000000068e+02,6.307000000000000000e+07,6.970000000000000000e+07
6.275189197738710791e+07,-1.593577450000000006e-09,1.109350000000000023e+02,6.307000000000000000e+07,6.970000000000000000e+07
6.275243461091203243e+07,-1.593563670000000039e-09,1.109399999999999977e+02,6.307000000000000000e+07,6.970000000000000000e+07
6.274859778689084202e+07,-1.593661110000000039e-09,1.109450000000000074e+02,6.307000000000000000e+07,6.970000000000000000e+07
6.279811639561795443e+07,-1.592404450000000180e-09,1.109500000000000028e+02,6.307000000000000000e+07,6.970000000000000000e+07
6.284287662639328837e+07,-1.591270250000000107e-09,1.109549999999999983e+02,6.307000000000000000e+07,6.970000000000000000e+07
6.284884447528646886e+07,-1.591119150000000124e-09,1.109600000000000080e+02,6.307000000000000000e+07,6.970000000000000000e+07
6.289155970615252107e+07,-1.590038480000000076e-09,1.109650000000000034e+02,6.307000000000000000e+07,6.970000000000000000e+07
6.294810077648497373e+07,-1.588610279999999963e-09,1.109699999999999989e+02,6.307000000000000000e+07,6.970000000000000000e+07
6.296238314937236160e+07,-1.588249920000000027e-09,1.109750000000000085e+02,6.307000000000000000e+07,6.970000000000000000e+07
6.300289620533681661e+07,-1.587228620000000168e-09,1.109800000000000040e+02,6.307000000000000000e+07,6.970000000000000000e+07
6.308658100160861015e+07,-1.585123150000000179e-09,1.109849999999999994e+02,6.307000000000000000e+07,6.970000000000000000e+07
6.312238553785856068e+07,-1.584224029999999894e-09,1.109900000000000091e+02,6.307000000000000000e+07,6.970000000000000000e+07
6.312232935736721754e+07,-1.584225440000000178e-09,1.109950000000000045e+02,6.307000000000000000e+07,6.970000000000000000e+07
6.315040735864920914e+07,-1.583521060000000097e-09,1.110000000000000000e+02,6.307000000000000000e+07,6.970000000000000000e+07
6.316233245583378524e+07,-1.583222090000000044e-09,1.110049999999999955e+02,6.307000000000000000e+07,6.970000000000000000e+07
6.313614958357983828e+07,-1.583878660000000146e-09,1.110100000000000051e+02,6.307000000000000000e+07,6.970000000000000000e+07
6.314385659464398772e+07,-1.583685340000000063e-09,1.110150000000000006e+02,6.307000000000000000e+07,6.970000000000000000e+07
6.316138815997838974e+07,-1.583245760000000228e-09,1.110199999999999960e+02,6.307000000000000000e+07,6.970000000000000000e+07
6.312649575075356662e+07,-1.584120880000000100e-09,1.110250000000000057e+02,6.307000000000000000e+07,6.970000000000000000e+07
6.310235098472891003e+07,-1.584727010000000087e-09,1.110300000000000011e+02,6.307000000000000000e+07,6.970000000000000000e+07
6.311203965470822155e+07,-1.584483730000000168e-09,1.110349999999999966e+02,6.307000000000000000e+07,6.970000000000000000e+07
6.308866853699333966e+07,-1.585070700000000003e-09,1.110400000000000063e+02,6.307000000000000000e+07,6.970000000000000000e+07
6.305092956489864737e+07,-1.586019440000000058e-09,1.110450000000000017e+02,6.307000000000000000e+07,6.970000000000000000e+07
6.304314069226121902e+07,-1.586215390000000069e-09,1.110499999999999972e+02,6.307000000000000000e+07,6.970000000000000000e+07
6.301552131524584442e+07,-1.586910620000000128e-09,1.110550000000000068e+02,6.307000000000000000e+07,6.970000000000000000e+07
6.296225510398012400e+07,-1.588253149999999940e-09,1.110600000000000023e+02,6.307000000000000000e+07,6.970000000000000000e+07
6.294311837316360325e+07,-1.588736030000000137e-09,1.110649999999999977e+02,6.307000000000000000e+07,6.970000000000000000e+07
6.294199164713192731e+07,-1.588764470000000269e-09,1.110700000000000074e+02,6.307000000000000000e+07,6.970000000000000000e+07
6.289625742864552140e+07,-1.589919720000000020e-09,1.110750000000000028e+02,6.307000000000000000e+07,6.970000000000000000e+07
6.286704926714623719e+07,-1.590658400000000075e-09,1.110799999999999983e+02,6.307000000000000000e+07,6.970000000000000000e+07
6.287757828566596657e+07,-1.590392040000000118e-09,1.110850000000000080e+02,6.307000000000000000e+07,6.970000000000000000e+07
6.285847441514574736e+07,-1.590875389999999927e-09,1.110900000000000034e+02,6.307000000000000000e+07,6.970000000000000000e+07
6.283890671914938092e+07,-1.591370780000000224e-09,1.110949999999999989e+02,6.307000000000000000e+07,6.970000000000000000e+07
6.287148797510489821e+07,-1.590546100000000259e-09,1.111000000000000085e+02,6.307000000000000000e+07,6.970000000000000000e+07
6.288565571652997285e+07,-1.590187760000000223e-09,1.111050000000000040e+02,6.307000000000000000e+07,6.970000000000000000e+07
6.286232429320305586e+07,-1.590777960000000178e-09,1.111099999999999994e+02,6.307000000000000000e+07,6.970000000000000000e+07
6.286923138887958974e+07,-1.590603190000000012e-09,1.111150000000000091e+02,6.307000000000000000e+07,6.970000000000000000e+07
6.288502021781697869e+07,-1.590203830000000258e-09,1.111200000000000045e+02,6.307000000000000000e+07,6.970000000000000000e+07
6.285908013807323575e+07,-1.590860060000000086e-09,1.111250000000000000e+02,6.307000000000000000e+07,6.970000000000000000e+07
6.285737442371023446e+07,-1.590903230000000075e-09,1.111299999999999955e+02,6.307000000000000000e+07,6.970000000000000000e+07
6.289047754148343951e+07,-1.590065840000000153e-09,1.111350000000000051e+02,6.307000000000000000e+07,6.970000000000000000e+07
6.288387144906725734e+07,-1.590232880000000213e-09,1.111400000000000006e+02,6.307000000000000000e+07,6.970000000000000000e+07
6.286666392358456552e+07,-1.590668150000000081e-09,1.111449999999999960e+02,6.307000000000000000e+07,6.970000000000000000e+07
6.289043996699031442e+07,-1.590066790000000249e-09,1.111500000000000057e+02,6.307000000000000000e+07,6.970000000000000000e+07
6.289129667659181356e+07,-1.590045130000000127e-09,1.111550000000000011e+02,6.307000000000000000e+07,6.970000000000000000e+07
6.285470955379264802e+07,-1.590970680000000276e-09,1.111599999999999966e+02,6.307000000000000000e+07,6.970000000000000000e+07
6.285535787273132056e+07,-1.590954269999999967e-09,1.111650000000000063e+02,6.307000000000000000e+07,6.970000000000000000e+07
6.286645682807329297e+07,-1.590673390000000262e-09,1.111700000000000017e+02,6.307000000000000000e+07,6.970000000000000000e+07
6.284597336798810959e+07,-1.591191840000000093e-09,1.111749999999999972e+02,6.307000000000000000e+07,6.970000000000000000e+07
6.286547867592275888e+07,-1.590698140000000087e-09,1.111800000000000068e+02,6.307000000000000000e+07,6.970000000000000000e+07
6.292757715487307310e+07,-1.589128400000000184e-09,1.111850000000000023e+02,6.307000000000000000e+07,6.970000000000000000e+07
6.294811940006842464e+07,-1.588609809999999937e-09,1.111899999999999977e+02,6.307000000000000000e+07,6.970000000000000000e+07
6.295776115955907106e+07,-1.588366519999999972e-09,1.111950000000000074e+02,6.307000000000000000e+07,6.970000000000000000e+07
6.302373313079185784e+07,-1.586703850000000101e-09,1.112000000000000028e+02,6.307000000000000000e+07,6.970000000000000000e+07
6.308499424873032421e+07,-1.585163020000000150e-09,1.112049999999999983e+02,6.307000000000000000e+07,6.970000000000000000e+07
6.313214253780695051e+07,-1.583979190000000056e-09,1.112100000000000080e+02,6.307000000000000000e+07,6.970000000000000000e+07
6.322376911256121099e+07,-1.581683620000000060e-09,1.112150000000000034e+02,6.307000000000000000e+07,6.970000000000000000e+07
6.332443266215978563e+07,-1.579169300000000022e-09,1.112199999999999989e+02,6.307000000000000000e+07,6.970000000000000000e+07
6.338272969185015559e+07,-1.577716839999999992e-09,1.112250000000000085e+02,6.307000000000000000e+07,6.970000000000000000e+07
6.344127261061229557e+07,-1.576260940000000148e-09,1.112300000000000040e+02,6.307000000000000000e+07,6.970000000000000000e+07
6.351081470726794749e+07,-1.574534990000000247e-09,1.112349999999999994e+02,6.307000000000000000e+07,6.970000000000000000e+07
6.353079751340967417e+07,-1.574039739999999953e-09,1.112400000000000091e+02,6.307000000000000000e+07,6.970000000000000000e+07
6.353714662743713707e+07,-1.573882450000000106e-09,1.112450000000000045e+02,6.307000000000000000e+07,6.970000000000000000e+07
6.358020220335409790e+07,-1.572816640000000287e-09,1.112500000000000000e+02,6.307000000000000000e+07,6.970000000000000000e+07
6.359264080523545295e+07,-1.572509000000000075e-09,1.112549999999999955e+02,6.307000000000000000e+07,6.970000000000000000e+07
6.355804521740518510e+07,-1.573364940000000120e-09,1.112600000000000051e+02,6.307000000000000000e+07,6.970000000000000000e+07
6.354794977823322266e+07,-1.573614890000000181e-09,1.112650000000000006e+02,6.307000000000000000e+07,6.970000000000000000e+07
6.354382245703500509e+07,-1.573717100000000130e-09,1.112699999999999960e+02,6.307000000000000000e+07,6.970000000000000000e+07
6.349858993761213124e+07,-1.574838120000000013e-09,1.112750000000000057e+02,6.307000000000000000e+07,6.970000000000000000e+07
6.347126587244985998e+07,-1.575516080000000275e-09,1.112800000000000011e+02,6.307000000000000000e+07,6.970000000000000000e+07
6.346800730392366648e+07,-1.575596970000000169e-09,1.112849999999999966e+02,6.307000000000000000e+07,6.970000000000000000e+07
6.342735671495308727e+07,-1.576606770000000084e-09,1.112900000000000063e+02,6.307000000000000000e+07,6.970000000000000000e+07
6.337925043832296878e+07,-1.577803450000000139e-09,1.112950000000000017e+02,6.307000000000000000e+07,6.970000000000000000e+07
6.337798914759678394e+07,-1.577834850000000015e-09,1.112999999999999972e+02,6.307000000000000000e+07,6.970000000000000000e+07
6.335104446930366755e+07,-1.578505940000000279e-09,1.113050000000000068e+02,6.307000000000000000e+07,6.970000000000000000e+07
6.329621856174141914e+07,-1.579873210000000077e-09,1.113100000000000023e+02,6.307000000000000000e+07,6.970000000000000000e+07
6.329615646242743731e+07,-1.579874760000000157e-09,1.113149999999999977e+02,6.307000000000000000e+07,6.970000000000000000e+07
6.331668632122137398e+07,-1.579362500000000190e-09,1.113200000000000074e+02,6.307000000000000000e+07,6.970000000000000000e+07
6.330931422268244624e+07,-1.579546410000000127e-09,1.113250000000000028e+02,6.307000000000000000e+07,6.970000000000000000e+07
6.333165185686597973e+07,-1.578989290000000088e-09,1.113299999999999983e+02,6.307000000000000000e+07,6.970000000000000000e+07
6.337106981259330362e+07,-1.578007130000000050e-09,1.113350000000000080e+02,6.307000000000000000e+07,6.970000000000000000e+07
6.336691965951585025e+07,-1.578110480000000114e-09,1.113400000000000034e+02,6.307000000000000000e+07,6.970000000000000000e+07
6.335268236175733060e+07,-1.578465130000000256e-09,1.113449999999999989e+02,6.307000000000000000e+07,6.970000000000000000e+07
6.338218976186474413e+07,-1.577730280000000099e-09,1.113500000000000085e+02,6.307000000000000000e+07,6.970000000000000000e+07
6.339277792452501506e+07,-1.577466760000000180e-09,1.113550000000000040e+02,6.307000000000000000e+07,6.970000000000000000e+07
6.337539883881311864e+07,-1.577899340000000265e-09,1.113599999999999994e+02,6.307000000000000000e+07,6.970000000000000000e+07
6.338966523550128937e+07,-1.577544220000000098e-09,1.113650000000000091e+02,6.307000000000000000e+07,6.970000000000000000e+07
6.340234012331184000e+07,-1.577228850000000193e-09,1.113700000000000045e+02,6.307000000000000000e+07,6.970000000000000000e+07
6.336534808404287696e+07,-1.578149620000000142e-09,1.113750000000000000e+02,6.307000000000000000e+07,6.970000000000000000e+07
6.334155430698372424e+07,-1.578742440000000188e-09,1.113799999999999955e+02,6.307000000000000000e+07,6.970000000000000000e+07
6.334658113053832203e+07,-1.578617160000000246e-09,1.113850000000000051e+02,6.307000000000000000e+07,6.970000000000000000e+07
6.331276175078526139e+07,-1.579460400000000172e-09,1.113900000000000006e+02,6.307000000000000000e+07,6.970000000000000000e+07
6.326122028679790348e+07,-1.580747250000000101e-09,1.113949999999999960e+02,6.307000000000000000e+07,6.970000000000000000e+07
6.324590360867655277e+07,-1.581130070000000000e-09,1.114000000000000057e+02,6.307000000000000000e+07,6.970000000000000000e+07
6.321847160797750205e+07,-1.581816160000000082e-09,1.114050000000000011e+02,6.307000000000000000e+07,6.970000000000000000e+07
6.315666151992505789e+07,-1.583364250000000114e-09,1.114099999999999966e+02,6.307000000000000000e+07,6.970000000000000000e+07
6.313621655136372894e+07,-1.583876980000000107e-09,1.114150000000000063e+02,6.307000000000000000e+07,6.970000000000000000e+07
6.312852973704745620e+07,-1.584069840000000001e-09,1.114200000000000017e+02,6.307000000000000000e+07,6.970000000000000000e+07
6.307773727465154231e+07,-1.585345390000000258e-09,1.114249999999999972e+02,6.307000000000000000e+07,6.970000000000000000e+07
6.306834790652596951e+07,-1.585581410000000096e-09,1.114300000000000068e+02,6.307000000000000000e+07,6.970000000000000000e+07
6.310082993303468823e+07,-1.584765210000000064e-09,1.114350000000000023e+02,6.307000000000000000e+07,6.970000000000000000e+07
6.309456015170051903e+07,-1.584922690000000137e-09,1.114399999999999977e+02,6.307000000000000000e+07,6.970000000000000000e+07
6.308562822393976897e+07,-1.585147090000000118e-09,1.114450000000000074e+02,6.307000000000000000e+07,6.970000000000000000e+07
6.310984104379183799e+07,-1.584538929999999979e-09,1.114500000000000028e+02,6.307000000000000000e+07,6.970000000000000000e+07
6.310173498977574706e+07,-1.584742480000000138e-09,1.114549999999999983e+02,6.307000000000000000e+07,6.970000000000000000e+07
6.306094762392278016e+07,-1.585767479999999936e-09,1.114600000000000080e+02,6.307000000000000000e+07,6.970000000000000000e+07
6.306032726745956391e+07,-1.585783079999999946e-09,1.114650000000000034e+02,6.307000000000000000e+07,6.970000000000000000e+07
6.306190760984056443e+07,-1.585743340000000140e-09,1.114699999999999989e+02,6.307000000000000000e+07,6.970000000000000000e+07
6.302072329980691522e+07,-1.586779630000000187e-09,1.114750000000000085e+02,6.307000000000000000e+07,6.970000000000000000e+07
6.300488491993956268e+07,-1.587178520000000121e-09,1.114800000000000040e+02,6.307000000000000000e+07,6.970000000000000000e+07
6.301476565139481425e+07,-1.586929650000000115e-09,1.114849999999999994e+02,6.307000000000000000e+07,6.970000000000000000e+07
6.298140347469788045e+07,-1.587770270000000157e-09,1.114900000000000091e+02,6.307000000000000000e+07,6.970000000000000000e+07
6.293841919397724420e+07,-1.588854650000000188e-09,1.114950000000000045e+02,6.307000000000000000e+07,6.970000000000000000e+07
6.293917857373125106e+07,-1.588835479999999992e-09,1.115000000000000000e+02,6.307000000000000000e+07,6.970000000000000000e+07
6.292085201754926145e+07,-1.589298249999999941e-09,1.115049999999999955e+02,6.307000000000000000e+07,6.970000000000000000e+07
6.287731497768452764e+07,-1.590398700000000008e-09,1.115100000000000051e+02,6.307000000000000000e+07,6.970000000000000000e+07
6.287407955334053189e+07,-1.590480539999999999e-09,1.115150000000000006e+02,6.307000000000000000e+07,6.970000000000000000e+07
6.287495439758150280e+07,-1.590458410000000265e-09,1.115199999999999960e+02,6.307000000000000000e+07,6.970000000000000000e+07
6.283935292860416323e+07,-1.591359480000000137e-09,1.115250000000000057e+02,6.307000000000000000e+07,6.970000000000000000e+07
6.283242594513729215e+07,-1.591534919999999980e-09,1.115300000000000011e+02,6.307000000000000000e+07,6.970000000000000000e+07
6.285326165027787536e+07,-1.591007330000000172e-09,1.115349999999999966e+02,6.307000000000000000e+07,6.970000000000000000e+07
6.283825873953402787e+07,-1.591387190000000120e-09,1.115400000000000063e+02,6.307000000000000000e+07,6.970000000000000000e+07
6.281903313429478556e+07,-1.591874230000000030e-09,1.115450000000000017e+02,6.307000000000000000e+07,6.970000000000000000e+07
6.284660807774869353e+07,-1.591175770000000058e-09,1.115499999999999972e+02,6.307000000000000000e+07,6.970000000000000000e+07
6.286719036335494369e+07,-1.590654830000000095e-09,1.115550000000000068e+02,6.307000000000000000e+07,6.970000000000000000e+07
6.289235513675229251e+07,-1.590018370000000034e-09,1.115600000000000023e+02,6.307000000000000000e+07,6.970000000000000000e+07
6.296485417065876722e+07,-1.588187590000000093e-09,1.115649999999999977e+02,6.307000000000000000e+07,6.970000000000000000e+07
6.303443747815857083e+07,-1.586434400000000028e-09,1.115700000000000074e+02,6.307000000000000000e+07,6.970000000000000000e+07
6.305709206771796942e+07,-1.585864440000000073e-09,1.115750000000000028e+02,6.307000000000000000e+07,6.970000000000000000e+07
6.308384890711647272e+07,-1.585191800000000142e-09,1.115799999999999983e+02,6.307000000000000000e+07,6.970000000000000000e+07
6.311444236992181093e+07,-1.584423410000000089e-09,1.115850000000000080e+02,6.307000000000000000e+07,6.970000000000000000e+07
6.309437543738992512e+07,-1.584927330000000127e-09,1.115900000000000034e+02,6.307000000000000000e+07,6.970000000000000000e+07
6.306768444707195461e+07,-1.585598090000000161e-09,1.115949999999999989e+02,6.307000000000000000e+07,6.970000000000000000e+07
6.307666699535917491e+07,-1.585372290000000147e-09,1.116000000000000085e+02,6.307000000000000000e+07,6.970000000000000000e+07
6.306014832074797899e+07,-1.585787580000000139e-09,1.116050000000000040e+02,6.307000000000000000e+07,6.970000000000000000e+07
6.302119592512761801e+07,-1.586767730000000116e-09,1.116099999999999994e+02,6.307000000000000000e+07,6.970000000000000000e+07
6.301943334677474946e+07,-1.586812110000000118e-09,1.116150000000000091e+02,6.307000000000000000e+07,6.970000000000000000e+07
6.301834637993755192e+07,-1.586839480000000240e-09,1.116200000000000045e+02,6.307000000000000000e+07,6.970000000000000000e+07
6.297974704222388566e+07,-1.587812030000000068e-09,1.116250000000000000e+02,6.307000000000000000e+07,6.970000000000000000e+07
6.297517048984518647e+07,-1.587927420000000000e-09,1.116299999999999955e+02,6.307000000000000000e+07,6.970000000000000000e+07
6.299263230613432080e+07,-1.587487239999999973e-09,1.116350000000000051e+02,6.307000000000000000e+07,6.970000000000000000e+07
6.296715489635492861e+07,-1.588129560000000082e-09,1.116400000000000006e+02,6.307000000000000000e+07,6.970000000000000000e+07
6.293298602380470932e+07,-1.588991819999999950e-09,1.116449999999999960e+02,6.307000000000000000e+07,6.970000000000000000e+07
6.294666718987935781e+07,-1.588646460000000246e-09,1.116500000000000057e+02,6.307000000000000000e+07,6.970000000000000000e+07
6.292907125305819511e+07,-1.589090670000000234e-09,1.116550000000000011e+02,6.307000000000000000e+07,6.970000000000000000e+07
6.288928309009561688e+07,-1.590096040000000061e-09,1.116599999999999966e+02,6.307000000000000000e+07,6.970000000000000000e+07
6.290675863987057656e+07,-1.589654310000000160e-09,1.116650000000000063e+02,6.307000000000000000e+07,6.970000000000000000e+07
6.293880541769684106e+07,-1.588844900000000182e-09,1.116700000000000017e+02,6.307000000000000000e+07,6.970000000000000000e+07
6.292429973292975873e+07,-1.589211170000000182e-09,1.116749999999999972e+02,6.307000000000000000e+07,6.970000000000000000e+07
6.292283001292391121e+07,-1.589248290000000103e-09,1.116800000000000068e+02,6.307000000000000000e+07,6.970000000000000000e+07
6.294187438119875640e+07,-1.588767430000000220e-09,1.116850000000000023e+02,6.307000000000000000e+07,6.970000000000000000e+07
6.292460025794807076e+07,-1.589203580000000079e-09,1.116899999999999977e+02,6.307000000000000000e+07,6.970000000000000000e+07
6.290574995039881021e+07,-1.589679800000000179e-09,1.116950000000000074e+02,6.307000000000000000e+07,6.970000000000000000e+07
6.293009375923204422e+07,-1.589064849999999986e-09,1.117000000000000028e+02,6.307000000000000000e+07,6.970000000000000000e+07
6.292295235499217361e+07,-1.589245199999999987e-09,1.117049999999999983e+02,6.307000000000000000e+07,6.970000000000000000e+07
6.288663449667339772e+07,-1.590163009999999985e-09,1.117100000000000080e+02,6.307000000000000000e+07,6.970000000000000000e+07
6.288661037283698469e+07,-1.590163620000000014e-09,1.117150000000000034e+02,6.307000000000000000e+07,6.970000000000000000e+07
6.287808593070130050e+07,-1.590379200000000203e-09,1.117199999999999989e+02,6.307000000000000000e+07,6.970000000000000000e+07
6.282961199824429303e+07,-1.591606200000000078e-09,1.117250000000000085e+02,6.307000000000000000e+07,6.970000000000000000e+07
6.281907022888737172e+07,-1.591873290000000185e-09,1.117300000000000040e+02,6.307000000000000000e+07,6.970000000000000000e+07
6.283700033101275563e+07,-1.591419060000000022e-09,1.117349999999999994e+02,6.307000000000000000e+07,6.970000000000000000e+07
6.281706678897735476e+07,-1.591924060000000115e-09,1.117400000000000091e+02,6.307000000000000000e+07,6.970000000000000000e+07
6.279656778074392676e+07,-1.592443719999999959e-09,1.117450000000000045e+02,6.307000000000000000e+07,6.970000000000000000e+07
6.282547917464157194e+07,-1.591710900000000160e-09,1.117500000000000000e+02,6.307000000000000000e+07,6.970000000000000000e+07
6.284333355529598892e+07,-1.591258680000000059e-09,1.117549999999999955e+02,6.307000000000000000e+07,6.970000000000000000e+07
6.282808551382444054e+07,-1.591644870000000287e-09,1.117600000000000051e+02,6.307000000000000000e+07,6.970000000000000000e+07
6.284119035165270418e+07,-1.591312950000000070e-09,1.117650000000000006e+02,6.307000000000000000e+07,6.970000000000000000e+07
6.284216774811753631e+07,-1.591288200000000039e-09,1.117699999999999960e+02,6.307000000000000000e+07,6.970000000000000000e+07
6.280370419010675699e+07,-1.592262770000000180e-09,1.117750000000000057e+02,6.307000000000000000e+07,6.970000000000000000e+07
6.278892638420323282e+07,-1.592637520000000112e-09,1.117800000000000011e+02,6.307000000000000000e+07,6.970000000000000000e+07
6.279418920657809079e+07,-1.592504040000000038e-09,1.117849999999999966e+02,6.307000000000000000e+07,6.970000000000000000e+07
6.276398453440187871e+07,-1.593270420000000237e-09,1.117900000000000063e+02,6.307000000000000000e+07,6.970000000000000000e+07
6.274890254208793491e+07,-1.593653370000000095e-09,1.117950000000000017e+02,6.307000000000000000e+07,6.970000000000000000e+07
6.277718441829352081e+07,-1.592935410000000111e-09,1.117999999999999972e+02,6.307000000000000000e+07,6.970000000000000000e+07
6.277414213312473148e+07,-1.593012610000000111e-09,1.118050000000000068e+02,6.307000000000000000e+07,6.970000000000000000e+07
6.275665589561630785e+07,-1.593456480000000032e-09,1.118100000000000023e+02,6.307000000000000000e+07,6.970000000000000000e+07
6.281671914972143620e+07,-1.591932870000000069e-09,1.118149999999999977e+02,6.307000000000000000e+07,6.970000000000000000e+07
6.290712033554003388e+07,-1.589645170000000183e-09,1.118200000000000074e+02,6.307000000000000000e+07,6.970000000000000000e+07
6.297451454143255949e+07,-1.587943960000000062e-09,1.118250000000000028e+02,6.307000000000000000e+07,6.970000000000000000e+07
6.307365727820744365e+07,-1.585447940000000067e-09,1.118299999999999983e+02,6.307000000000000000e+07,6.970000000000000000e+07
6.318581967659247667e+07,-1.582633580000000173e-09,1.118350000000000080e+02,6.307000000000000000e+07,6.970000000000000000e+07
6.326136836047820002e+07,-1.580743550000000162e-09,1.118400000000000034e+02,6.307000000000000000e+07,6.970000000000000000e+07
6.334426061947051436e+07,-1.578674989999999987e-09,1.118449999999999989e+02,6.307000000000000000e+07,6.970000000000000000e+07
6.347350383954080939e+07,-1.575460530000000144e-09,1.118500000000000085e+02,6.307000000000000000e+07,6.970000000000000000e+07
6.357585081224729866e+07,-1.572924290000000068e-09,1.118550000000000040e+02,6.307000000000000000e+07,6.970000000000000000e+07
6.364046416503469646e+07,-1.571327320000000046e-09,1.118599999999999994e+02,6.307000000000000000e+07,6.970000000000000000e+07
6.372276985853850842e+07,-1.569297760000000102e-09,1.118650000000000091e+02,6.307000000000000000e+07,6.970000000000000000e+07
6.377907865980281681e+07,-1.567912270000000203e-09,1.118700000000000045e+02,6.307000000000000000e+07,6.970000000000000000e+07
6.375981422940525413e+07,-1.568386000000000171e-09,1.118750000000000000e+02,6.307000000000000000e+07,6.970000000000000000e+07
6.373918415361275524e+07,-1.568893630000000193e-09,1.118799999999999955e+02,6.307000000000000000e+07,6.970000000000000000e+07
6.373231692694392800e+07,-1.569062680000000107e-09,1.118850000000000051e+02,6.307000000000000000e+07,6.970000000000000000e+07
6.370020461843427271e+07,-1.569853670000000128e-09,1.118900000000000006e+02,6.307000000000000000e+07,6.970000000000000000e+07
6.369377946740955114e+07,-1.570012030000000192e-09,1.118949999999999960e+02,6.307000000000000000e+07,6.970000000000000000e+07
6.372204058466960490e+07,-1.569315720000000078e-09,1.119000000000000057e+02,6.307000000000000000e+07,6.970000000000000000e+07
6.371059934255503863e+07,-1.569597540000000041e-09,1.119050000000000011e+02,6.307000000000000000e+07,6.970000000000000000e+07
6.367770725613205135e+07,-1.570408300000000035e-09,1.119099999999999966e+02,6.307000000000000000e+07,6.970000000000000000e+07
6.369880514290903509e+07,-1.569888160000000121e-09,1.119150000000000063e+02,6.307000000000000000e+07,6.970000000000000000e+07
6.372589626123798639e+07,-1.569220770000000209e-09,1.119200000000000017e+02,6.307000000000000000e+07,6.970000000000000000e+07
6.373522043973223865e+07,-1.568991199999999945e-09,1.119249999999999972e+02,6.307000000000000000e+07,6.970000000000000000e+07
6.377959567767210305e+07,-1.567899560000000246e-09,1.119300000000000068e+02,6.307000000000000000e+07,6.970000000000000000e+07
6.383314444999502599e+07,-1.566584269999999978e-09,1.119350000000000023e+02,6.307000000000000000e+07,6.970000000000000000e+07
6.383976199311005324e+07,-1.566421880000000159e-09,1.119399999999999977e+02,6.307000000000000000e+07,6.970000000000000000e+07
6.385667293132556230e+07,-1.566007050000000148e-09,1.119450000000000074e+02,6.307000000000000000e+07,6.970000000000000000e+07
6.390073159372495115e+07,-1.564927310000000107e-09,1.119500000000000028e+02,6.307000000000000000e+07,6.970000000000000000e+07
6.388605059137623012e+07,-1.565286930000000261e-09,1.119549999999999983e+02,6.307000000000000000e+07,6.970000000000000000e+07
6.384055672846972942e+07,-1.566402380000000147e-09,1.119600000000000080e+02,6.307000000000000000e+07,6.970000000000000000e+07
6.383097720643039793e+07,-1.566637459999999935e-09,1.119650000000000034e+02,6.307000000000000000e+07,6.970000000000000000e+07
6.381377038499785960e+07,-1.567059890000000094e-09,1.119699999999999989e+02,6.307000000000000000e+07,6.970000000000000000e+07
6.376322846284416318e+07,-1.568302020000000160e-09,1.119750000000000085e+02,6.307000000000000000e+07,6.970000000000000000e+07
6.374942782497923821e+07,-1.568641530000000067e-09,1.119800000000000040e+02,6.307000000000000000e+07,6.970000000000000000e+07
6.374646815880490094e+07,-1.568714360000000039e-09,1.119849999999999994e+02,6.307000000000000000e+07,6.970000000000000000e+07
6.370061931971624494e+07,-1.569843450000000096e-09,1.119900000000000091e+02,6.307000000000000000e+07,6.970000000000000000e+07
6.365681176678850502e+07,-1.570923790000000122e-09,1.119950000000000045e+02,6.307000000000000000e+07,6.970000000000000000e+07
6.364385226131093502e+07,-1.571243670000000265e-09,1.120000000000000000e+02,6.307000000000000000e+07,6.970000000000000000e+07
6.360109919744507968e+07,-1.572299870000000081e-09,1.120049999999999955e+02,6.307000000000000000e+07,6.970000000000000000e+07
6.354241046367614716e+07,-1.573752070000000194e-09,1.120100000000000051e+02,6.307000000000000000e+07,6.970000000000000000e+07
6.353038502030774951e+07,-1.574049959999999985e-09,1.120150000000000006e+02,6.307000000000000000e+07,6.970000000000000000e+07
6.351460129547429830e+07,-1.574441120000000020e-09,1.120199999999999960e+02,6.307000000000000000e+07,6.970000000000000000e+07
6.346648750500353426e+07,-1.575634700000000120e-09,1.120250000000000057e+02,6.307000000000000000e+07,6.970000000000000000e+07
6.344971533919709921e+07,-1.576051200000000125e-09,1.120300000000000011e+02,6.307000000000000000e+07,6.970000000000000000e+07
6.345163211208166927e+07,-1.576003590000000210e-09,1.120349999999999966e+02,6.307000000000000000e+07,6.970000000000000000e+07
6.341182961124705523e+07,-1.576992820000000103e-09,1.120400000000000063e+02,6.307000000000000000e+07,6.970000000000000000e+07
6.337633066686717421e+07,-1.577876140000000108e-09,1.120450000000000017e+02,6.307000000000000000e+07,6.970000000000000000e+07
6.337575268925659359e+07,-1.577890529999999897e-09,1.120499999999999972e+02,6.307000000000000000e+07,6.970000000000000000e+07
6.334535845722582191e+07,-1.578647630000000116e-09,1.120550000000000068e+02,6.307000000000000000e+07,6.970000000000000000e+07
6.329446460348527879e+07,-1.579916990000000095e-09,1.120600000000000023e+02,6.307000000000000000e+07,6.970000000000000000e+07
6.328810221271533519e+07,-1.580075820000000184e-09,1.120649999999999977e+02,6.307000000000000000e+07,6.970000000000000000e+07
6.328129939896434546e+07,-1.580245679999999985e-09,1.120700000000000074e+02,6.307000000000000000e+07,6.970000000000000000e+07
6.324527960791873187e+07,-1.581145670000000010e-09,1.120750000000000028e+02,6.307000000000000000e+07,6.970000000000000000e+07
6.323672483924702555e+07,-1.581359570000000159e-09,1.120799999999999983e+02,6.307000000000000000e+07,6.970000000000000000e+07
6.323462189641945809e+07,-1.581412160000000132e-09,1.120850000000000080e+02,6.307000000000000000e+07,6.970000000000000000e+07
6.319522568664488196e+07,-1.582398020000000108e-09,1.120900000000000034e+02,6.307000000000000000e+07,6.970000000000000000e+07
6.316975615520261228e+07,-1.583036030000000042e-09,1.120949999999999989e+02,6.307000000000000000e+07,6.970000000000000000e+07
6.318866043091898412e+07,-1.582562430000000240e-09,1.121000000000000085e+02,6.307000000000000000e+07,6.970000000000000000e+07
6.318549229756842554e+07,-1.582641780000000305e-09,1.121050000000000040e+02,6.307000000000000000e+07,6.970000000000000000e+07
6.317078649795947224e+07,-1.583010210000000208e-09,1.121099999999999994e+02,6.307000000000000000e+07,6.970000000000000000e+07
6.320683971831341088e+07,-1.582107260000000025e-09,1.121150000000000091e+02,6.307000000000000000e+07,6.970000000000000000e+07
6.321623320549345762e+07,-1.581872170000000193e-09,1.121200000000000045e+02,6.307000000000000000e+07,6.970000000000000000e+07
6.317867679729168117e+07,-1.582812510000000052e-09,1.121250000000000000e+02,6.307000000000000000e+07,6.970000000000000000e+07
6.316432566305977106e+07,-1.583172130000000000e-09,1.121299999999999955e+02,6.307000000000000000e+07,6.970000000000000000e+07
6.316122180406475067e+07,-1.583249930000000192e-09,1.121350000000000051e+02,6.307000000000000000e+07,6.970000000000000000e+07
6.311070891918531060e+07,-1.584517140000000106e-09,1.121400000000000006e+02,6.307000000000000000e+07,6.970000000000000000e+07
6.305650121040106565e+07,-1.585879300000000095e-09,1.121449999999999960e+02,6.307000000000000000e+07,6.970000000000000000e+07
6.304074340267115086e+07,-1.586275710000000148e-09,1.121500000000000057e+02,6.307000000000000000e+07,6.970000000000000000e+07
6.300150298905590922e+07,-1.587263719999999983e-09,1.121550000000000011e+02,6.307000000000000000e+07,6.970000000000000000e+07
6.294843124766673893e+07,-1.588601940000000034e-09,1.121599999999999966e+02,6.307000000000000000e+07,6.970000000000000000e+07
6.293374487639075518e+07,-1.588972660000000211e-09,1.121650000000000063e+02,6.307000000000000000e+07,6.970000000000000000e+07
6.291198780252315104e+07,-1.589522179999999896e-09,1.121700000000000017e+02,6.307000000000000000e+07,6.970000000000000000e+07
6.286126684361358732e+07,-1.590804720000000064e-09,1.121749999999999972e+02,6.307000000000000000e+07,6.970000000000000000e+07
6.285843174234639853e+07,-1.590876470000000189e-09,1.121800000000000068e+02,6.307000000000000000e+07,6.970000000000000000e+07
6.285953177078827471e+07,-1.590848630000000041e-09,1.121850000000000023e+02,6.307000000000000000e+07,6.970000000000000000e+07
6.281718359031738341e+07,-1.591921100000000164e-09,1.121899999999999977e+02,6.307000000000000000e+07,6.970000000000000000e+07
6.280573044509039819e+07,-1.592211400000000059e-09,1.121950000000000074e+02,6.307000000000000000e+07,6.970000000000000000e+07
6.284057431131993234e+07,-1.591328550000000080e-09,1.122000000000000028e+02,6.307000000000000000e+07,6.970000000000000000e+07
6.282922158697202057e+07,-1.591616090000000088e-09,1.122049999999999983e+02,6.307000000000000000e+07,6.970000000000000000e+07
6.280246018086945266e+07,-1.592294310000000060e-09,1.122100000000000080e+02,6.307000000000000000e+07,6.970000000000000000e+07
6.282035712267386168e+07,-1.591840680000000088e-09,1.122150000000000034e+02,6.307000000000000000e+07,6.970000000000000000e+07
6.282129677391847223e+07,-1.591816870000000108e-09,1.122199999999999989e+02,6.307000000000000000e+07,6.970000000000000000e+07
6.278655390787592530e+07,-1.592697700000000188e-09,1.122250000000000085e+02,6.307000000000000000e+07,6.970000000000000000e+07
6.279053021353477240e+07,-1.592596840000000048e-09,1.122300000000000040e+02,6.307000000000000000e+07,6.970000000000000000e+07
6.280951863431857526e+07,-1.592115369999999929e-09,1.122349999999999994e+02,6.307000000000000000e+07,6.970000000000000000e+07
6.278421866427403688e+07,-1.592756940000000005e-09,1.122400000000000091e+02,6.307000000000000000e+07,6.970000000000000000e+07
6.277253401835074276e+07,-1.593053420000000133e-09,1.122450000000000045e+02,6.307000000000000000e+07,6.970000000000000000e+07
6.278929737087210268e+07,-1.592628109999999966e-09,1.122500000000000000e+02,6.307000000000000000e+07,6.970000000000000000e+07
6.276293551161724329e+07,-1.593297050000000165e-09,1.122549999999999955e+02,6.307000000000000000e+07,6.970000000000000000e+07
6.272843972716541588e+07,-1.594173240000000047e-09,1.122600000000000051e+02,6.307000000000000000e+07,6.970000000000000000e+07
6.274576496518181264e+07,-1.593733060000000020e-09,1.122650000000000006e+02,6.307000000000000000e+07,6.970000000000000000e+07
6.274537598892829567e+07,-1.593742940000000192e-09,1.122699999999999960e+02,6.307000000000000000e+07,6.970000000000000000e+07
6.269448691891442984e+07,-1.595036579999999970e-09,1.122750000000000057e+02,6.307000000000000000e+07,6.970000000000000000e+07
6.266527064318875968e+07,-1.595780230000000037e-09,1.122800000000000011e+02,6.307000000000000000e+07,6.970000000000000000e+07
6.264510014708819240e+07,-1.596294040000000084e-09,1.122849999999999966e+02,6.307000000000000000e+07,6.970000000000000000e+07
6.259171250675051659e+07,-1.597655600000000089e-09,1.122900000000000063e+02,6.307000000000000000e+07,6.970000000000000000e+07
6.256235002905364335e+07,-1.598405429999999975e-09,1.122950000000000017e+02,6.307000000000000000e+07,6.970000000000000000e+07
6.256466331674186885e+07,-1.598346330000000161e-09,1.122999999999999972e+02,6.307000000000000000e+07,6.970000000000000000e+07
6.253909475160659850e+07,-1.598999800000000101e-09,1.123050000000000068e+02,6.307000000000000000e+07,6.970000000000000000e+07
6.250698828128984571e+07,-1.599821120000000195e-09,1.123100000000000023e+02,6.307000000000000000e+07,6.970000000000000000e+07
6.251824321410889179e+07,-1.599533110000000161e-09,1.123149999999999977e+02,6.307000000000000000e+07,6.970000000000000000e+07
6.250784199945283681e+07,-1.599799270000000261e-09,1.123200000000000074e+02,6.307000000000000000e+07,6.970000000000000000e+07
6.246615271515129507e+07,-1.600866960000000183e-09,1.123250000000000028e+02,6.307000000000000000e+07,6.970000000000000000e+07
6.245991868942800909e+07,-1.601026740000000162e-09,1.123299999999999983e+02,6.307000000000000000e+07,6.970000000000000000e+07
6.247157933587587625e+07,-1.600727900000000275e-09,1.123350000000000080e+02,6.307000000000000000e+07,6.970000000000000000e+07
6.242977547686874866e+07,-1.601799769999999999e-09,1.123400000000000034e+02,6.307000000000000000e+07,6.970000000000000000e+07
6.239702969173265249e+07,-1.602640390000000041e-09,1.123449999999999989e+02,6.307000000000000000e+07,6.970000000000000000e+07
6.240102768002881855e+07,-1.602537710000000066e-09,1.123500000000000085e+02,6.307000000000000000e+07,6.970000000000000000e+07
6.236852403291241825e+07,-1.603372880000000025e-09,1.123550000000000040e+02,6.307000000000000000e+07,6.970000000000000000e+07
6.232908663243163377e+07,-1.604387379999999991e-09,1.123599999999999994e+02,6.307000000000000000e+07,6.970000000000000000e+07
6.233967093805208057e+07,-1.604114980000000218e-09,1.123650000000000091e+02,6.307000000000000000e+07,6.970000000000000000e+07
6.234231563287241757e+07,-1.604046930000000032e-09,1.123700000000000045e+02,6.307000000000000000e+07,6.970000000000000000e+07
6.231086782289715856e+07,-1.604856480000000220e-09,1.123750000000000000e+02,6.307000000000000000e+07,6.970000000000000000e+07
6.231769076412624866e+07,-1.604680770000000209e-09,1.123799999999999955e+02,6.307000000000000000e+07,6.970000000000000000e+07
6.233903865410015732e+07,-1.604131250000000111e-09,1.123850000000000051e+02,6.307000000000000000e+07,6.970000000000000000e+07
6.232029708634039760e+07,-1.604613660000000075e-09,1.123900000000000006e+02,6.307000000000000000e+07,6.970000000000000000e+07
6.231707717802375555e+07,-1.604696570000000076e-09,1.123949999999999960e+02,6.307000000000000000e+07,6.970000000000000000e+07
6.235638467209727317e+07,-1.603685020000000016e-09,1.124000000000000057e+02,6.307000000000000000e+07,6.970000000000000000e+07
6.237592998691084981e+07,-1.603182510000000055e-09,1.124050000000000011e+02,6.307000000000000000e+07,6.970000000000000000e+07
6.240256502498602122e+07,-1.602498229999999971e-09,1.124099999999999966e+02,6.307000000000000000e+07,6.970000000000000000e+07
6.248763369729130715e+07,-1.600316640000000037e-09,1.124150000000000063e+02,6.307000000000000000e+07,6.970000000000000000e+07
6.256296845469398797e+07,-1.598389630000000108e-09,1.124200000000000017e+02,6.307000000000000000e+07,6.970000000000000000e+07
6.261425026576461643e+07,-1.597080530000000117e-09,1.124249999999999972e+02,6.307000000000000000e+07,6.970000000000000000e+07
6.270488389717324078e+07,-1.594772110000000161e-09,1.124300000000000068e+02,6.307000000000000000e+07,6.970000000000000000e+07
6.279858056117163599e+07,-1.592392680000000067e-09,1.124350000000000023e+02,6.307000000000000000e+07,6.970000000000000000e+07
6.283933436932354420e+07,-1.591359950000000163e-09,1.124399999999999977e+02,6.307000000000000000e+07,6.970000000000000000e+07
6.289702884625048190e+07,-1.589900220000000215e-09,1.124450000000000074e+02,6.307000000000000000e+07,6.970000000000000000e+07
6.299753682780880481e+07,-1.587363649999999909e-09,1.124500000000000028e+02,6.307000000000000000e+07,6.970000000000000000e+07
6.306477978863612562e+07,-1.585671119999999990e-09,1.124549999999999983e+02,6.307000000000000000e+07,6.970000000000000000e+07
6.310842437512405217e+07,-1.584574500000000027e-09,1.124600000000000080e+02,6.307000000000000000e+07,6.970000000000000000e+07
6.318681301322304457e+07,-1.582608699999999976e-09,1.124650000000000034e+02,6.307000000000000000e+07,6.970000000000000000e+07
6.324369526131688058e+07,-1.581185280000000063e-09,1.124699999999999989e+02,6.307000000000000000e+07,6.970000000000000000e+07
6.326121508422174305e+07,-1.580747380000000060e-09,1.124750000000000085e+02,6.307000000000000000e+07,6.970000000000000000e+07
6.331255691680156440e+07,-1.579465509999999981e-09,1.124800000000000040e+02,6.307000000000000000e+07,6.970000000000000000e+07
6.337331116146219522e+07,-1.577951320000000002e-09,1.124849999999999994e+02,6.307000000000000000e+07,6.970000000000000000e+07
6.338547729058396816e+07,-1.577648450000000153e-09,1.124900000000000091e+02,6.307000000000000000e+07,6.970000000000000000e+07
6.341559917708874494e+07,-1.576899080000000041e-09,1.124950000000000045e+02,6.307000000000000000e+07,6.970000000000000000e+07
6.348679227439636737e+07,-1.575130770000000037e-09,1.125000000000000000e+02,6.307000000000000000e+07,6.970000000000000000e+07
6.351206233155093342e+07,-1.574504059999999983e-09,1.125049999999999955e+02,6.307000000000000000e+07,6.970000000000000000e+07
6.350653491770283133e+07,-1.574641100000000199e-09,1.125100000000000051e+02,6.307000000000000000e+07,6.970000000000000000e+07
6.351838873868765682e+07,-1.574347240000000161e-09,1.125150000000000006e+02,6.307000000000000000e+07,6.970000000000000000e+07
6.349446055912688375e+07,-1.574940540000000071e-09,1.125199999999999960e+02,6.307000000000000000e+07,6.970000000000000000e+07
6.343491045017389208e+07,-1.576419030000000250e-09,1.125250000000000057e+02,6.307000000000000000e+07,6.970000000000000000e+07
6.341618310981495678e+07,-1.576884560000000293e-09,1.125300000000000011e+02,6.307000000000000000e+07,6.970000000000000000e+07
6.340029408226410300e+07,-1.577279750000000082e-09,1.125349999999999966e+02,6.307000000000000000e+07,6.970000000000000000e+07
6.333951218719987571e+07,-1.578793340000000076e-09,1.125400000000000063e+02,6.307000000000000000e+07,6.970000000000000000e+07
6.329520816094487906e+07,-1.579898430000000134e-09,1.125450000000000017e+02,6.307000000000000000e+07,6.970000000000000000e+07
6.327785009100177139e+07,-1.580331820000000106e-09,1.125499999999999972e+02,6.307000000000000000e+07,6.970000000000000000e+07
6.322267508554138988e+07,-1.581710989999999975e-09,1.125550000000000068e+02,6.307000000000000000e+07,6.970000000000000000e+07
6.316157845306923240e+07,-1.583240990000000072e-09,1.125600000000000023e+02,6.307000000000000000e+07,6.970000000000000000e+07
6.314646030874931067e+07,-1.583620040000000134e-09,1.125649999999999977e+02,6.307000000000000000e+07,6.970000000000000000e+07
6.312189784671449661e+07,-1.584236270000000032e-09,1.125700000000000074e+02,6.307000000000000000e+07,6.970000000000000000e+07
6.307068006932073087e+07,-1.585522780000000101e-09,1.125750000000000028e+02,6.307000000000000000e+07,6.970000000000000000e+07
6.306655842763465643e+07,-1.585626400000000128e-09,1.125799999999999983e+02,6.307000000000000000e+07,6.970000000000000000e+07
6.305327952307608724e+07,-1.585960330000000200e-09,1.125850000000000080e+02,6.307000000000000000e+07,6.970000000000000000e+07
6.299238152499970049e+07,-1.587493560000000003e-09,1.125900000000000034e+02,6.307000000000000000e+07,6.970000000000000000e+07
6.295608734212777019e+07,-1.588408750000000117e-09,1.125949999999999989e+02,6.307000000000000000e+07,6.970000000000000000e+07
6.295267339512813836e+07,-1.588494890000000030e-09,1.126000000000000085e+02,6.307000000000000000e+07,6.970000000000000000e+07
6.291592459430805594e+07,-1.589422719999999996e-09,1.126050000000000040e+02,6.307000000000000000e+07,6.970000000000000000e+07
6.287723511593983322e+07,-1.590400720000000114e-09,1.126099999999999994e+02,6.307000000000000000e+07,6.970000000000000000e+07
6.287749288824117184e+07,-1.590394200000000021e-09,1.126150000000000091e+02,6.307000000000000000e+07,6.970000000000000000e+07
6.285824840801585466e+07,-1.590881110000000179e-09,1.126200000000000045e+02,6.307000000000000000e+07,6.970000000000000000e+07
6.281537124547108263e+07,-1.591967030000000040e-09,1.126250000000000000e+02,6.307000000000000000e+07,6.970000000000000000e+07
6.281352191711390764e+07,-1.592013900000000174e-09,1.126299999999999955e+02,6.307000000000000000e+07,6.970000000000000000e+07
6.281812275201421231e+07,-1.591897300000000229e-09,1.126350000000000051e+02,6.307000000000000000e+07,6.970000000000000000e+07
6.276467864986649156e+07,-1.593252799999999914e-09,1.126400000000000006e+02,6.307000000000000000e+07,6.970000000000000000e+07
6.272363248713340610e+07,-1.594295420000000035e-09,1.126449999999999960e+02,6.307000000000000000e+07,6.970000000000000000e+07
6.271714085298974812e+07,-1.594460439999999988e-09,1.126500000000000057e+02,6.307000000000000000e+07,6.970000000000000000e+07
6.268792193437976390e+07,-1.595203620000000029e-09,1.126550000000000011e+02,6.307000000000000000e+07,6.970000000000000000e+07
6.268715563751357794e+07,-1.595223120000000042e-09,1.126599999999999966e+02,6.307000000000000000e+07,6.970000000000000000e+07
6.274082792307148874e+07,-1.593858470000000127e-09,1.126650000000000063e+02,6.307000000000000000e+07,6.970000000000000000e+07
6.277738580275609344e+07,-1.592930300000000095e-09,1.126700000000000017e+02,6.307000000000000000e+07,6.970000000000000000e+07
6.276341767169674486e+07,-1.593284810000000233e-09,1.126749999999999972e+02,6.307000000000000000e+07,6.970000000000000000e+07
6.277223455006136745e+07,-1.593061020000000074e-09,1.126800000000000068e+02,6.307000000000000000e+07,6.970000000000000000e+07
6.277152174822002649e+07,-1.593079110000000009e-09,1.126850000000000023e+02,6.307000000000000000e+07,6.970000000000000000e+07
6.272628625377837569e+07,-1.594227970000000040e-09,1.126899999999999977e+02,6.307000000000000000e+07,6.970000000000000000e+07
6.269522155641777813e+07,-1.595017890000000050e-09,1.126950000000000074e+02,6.307000000000000000e+07,6.970000000000000000e+07
6.268873619445143640e+07,-1.595182899999999959e-09,1.127000000000000028e+02,6.307000000000000000e+07,6.970000000000000000e+07
6.264059054141114652e+07,-1.596408959999999990e-09,1.127049999999999983e+02,6.307000000000000000e+07,6.970000000000000000e+07
6.259722718696480244e+07,-1.597514850000000096e-09,1.127100000000000080e+02,6.307000000000000000e+07,6.970000000000000000e+07
6.260116112884066999e+07,-1.597414459999999982e-09,1.127150000000000034e+02,6.307000000000000000e+07,6.970000000000000000e+07
6.258653919006984681e+07,-1.597787660000000247e-09,1.127199999999999989e+02,6.307000000000000000e+07,6.970000000000000000e+07
6.254262162396256626e+07,-1.598909630000000226e-09,1.127250000000000085e+02,6.307000000000000000e+07,6.970000000000000000e+07
6.254197974035121500e+07,-1.598926040000000122e-09,1.127300000000000040e+02,6.307000000000000000e+07,6.970000000000000000e+07
6.254968203963755071e+07,-1.598729150000000060e-09,1.127349999999999994e+02,6.307000000000000000e+07,6.970000000000000000e+07
6.251322076477649063e+07,-1.599661620000000015e-09,1.127400000000000091e+02,6.307000000000000000e+07,6.970000000000000000e+07
6.248989186942829937e+07,-1.600258810000000090e-09,1.127450000000000045e+02,6.307000000000000000e+07,6.970000000000000000e+07
6.249035148972999305e+07,-1.600247039999999977e-09,1.127500000000000000e+02,6.307000000000000000e+07,6.970000000000000000e+07
6.245529176973221451e+07,-1.601145349999999963e-09,1.127549999999999955e+02,6.307000000000000000e+07,6.970000000000000000e+07
6.242448977655404061e+07,-1.601935399999999931e-09,1.127600000000000051e+02,6.307000000000000000e+07,6.970000000000000000e+07
6.244347499561880529e+07,-1.601448350000000184e-09,1.127650000000000006e+02,6.307000000000000000e+07,6.970000000000000000e+07
6.245157504870723188e+07,-1.601240640000000105e-09,1.127699999999999960e+02,6.307000000000000000e+07,6.970000000000000000e+07
6.244520550301869959e+07,-1.601403970000000182e-09,1.127750000000000057e+02,6.307000000000000000e+07,6.970000000000000000e+07
6.249285120840208232e+07,-1.600183030000000004e-09,1.127800000000000011e+02,6.307000000000000000e+07,6.970000000000000000e+07
6.253940255971148610e+07,-1.598991929999999991e-09,1.127849999999999966e+02,6.307000000000000000e+07,6.970000000000000000e+07
6.252877613358152658e+07,-1.599263670000000133e-09,1.127900000000000063e+02,6.307000000000000000e+07,6.970000000000000000e+07
6.252653899868712574e+07,-1.599320890000000051e-09,1.127950000000000017e+02,6.307000000000000000e+07,6.970000000000000000e+07
6.254030449010555446e+07,-1.598968870000000044e-09,1.127999999999999972e+02,6.307000000000000000e+07,6.970000000000000000e+07
6.251627181337292492e+07,-1.599583550000000068e-09,1.128050000000000068e+02,6.307000000000000000e+07,6.970000000000000000e+07
6.249748408565627038e+07,-1.600064410000000159e-09,1.128100000000000023e+02,6.307000000000000000e+07,6.970000000000000000e+07
6.252719112144399434e+07,-1.599304209999999986e-09,1.128149999999999977e+02,6.307000000000000000e+07,6.970000000000000000e+07
6.254207713683371246e+07,-1.598923550000000197e-09,1.128200000000000074e+02,6.307000000000000000e+07,6.970000000000000000e+07
6.253694096188206226e+07,-1.599054870000000161e-09,1.128250000000000028e+02,6.307000000000000000e+07,6.970000000000000000e+07
6.257327956770173460e+07,-1.598126240000000147e-09,1.128299999999999983e+02,6.307000000000000000e+07,6.970000000000000000e+07
6.260804779498368502e+07,-1.597238750000000178e-09,1.128350000000000080e+02,6.307000000000000000e+07,6.970000000000000000e+07
6.259916098344533890e+07,-1.597465500000000081e-09,1.128400000000000034e+02,6.307000000000000000e+07,6.970000000000000000e+07
6.261480149915113300e+07,-1.597066469999999937e-09,1.128449999999999989e+02,6.307000000000000000e+07,6.970000000000000000e+07
6.265379391841426492e+07,-1.596072539999999993e-09,1.128500000000000085e+02,6.307000000000000000e+07,6.970000000000000000e+07
6.265681120139373094e+07,-1.595995680000000060e-09,1.128550000000000040e+02,6.307000000000000000e+07,6.970000000000000000e+07
6.265620387426491082e+07,-1.596011150000000111e-09,1.128599999999999994e+02,6.307000000000000000e+07,6.970000000000000000e+07
6.270084687964752316e+07,-1.594874790000000136e-09,1.128650000000000091e+02,6.307000000000000000e+07,6.970000000000000000e+07
6.272722820804812759e+07,-1.594204030000000102e-09,1.128700000000000045e+02,6.307000000000000000e+07,6.970000000000000000e+07
6.272642632538790256e+07,-1.594224410000000105e-09,1.128750000000000000e+02,6.307000000000000000e+07,6.970000000000000000e+07
6.276163245591796935e+07,-1.593330130000000080e-09,1.128799999999999955e+02,6.307000000000000000e+07,6.970000000000000000e+07
6.278557311594087631e+07,-1.592722580000000178e-09,1.128850000000000051e+02,6.307000000000000000e+07,6.970000000000000000e+07
6.277578776786781847e+07,-1.592970849999999993e-09,1.128900000000000006e+02,6.307000000000000000e+07,6.970000000000000000e+07
6.279454172260875255e+07,-1.592495100000000125e-09,1.128949999999999960e+02,6.307000000000000000e+07,6.970000000000000000e+07
6.284544214907681942e+07,-1.591205290000000038e-09,1.129000000000000057e+02,6.307000000000000000e+07,6.970000000000000000e+07
6.285937253296606988e+07,-1.590852660000000002e-09,1.129050000000000011e+02,6.307000000000000000e+07,6.970000000000000000e+07
6.286566205243184417e+07,-1.590693500000000097e-09,1.129099999999999966e+02,6.307000000000000000e+07,6.970000000000000000e+07
6.289677882575411350e+07,-1.589906540000000244e-09,1.129150000000000063e+02,6.307000000000000000e+07,6.970000000000000000e+07
6.288230555307099968e+07,-1.590272480000000222e-09,1.129200000000000017e+02,6.307000000000000000e+07,6.970000000000000000e+07
6.286660305949503183e+07,-1.590669689999999910e-09,1.129249999999999972e+02,6.307000000000000000e+07,6.970000000000000000e+07
6.290071331862030923e+07,-1.589807090000000182e-09,1.129300000000000068e+02,6.307000000000000000e+07,6.970000000000000000e+07
6.293262363458468765e+07,-1.589000970000000178e-09,1.129350000000000023e+02,6.307000000000000000e+07,6.970000000000000000e+07
6.291900953725717217e+07,-1.589344790000000052e-09,1.129399999999999977e+02,6.307000000000000000e+07,6.970000000000000000e+07
6.291089147828439623e+07,-1.589549880000000247e-09,1.129450000000000074e+02,6.307000000000000000e+07,6.970000000000000000e+07
6.290634352600623667e+07,-1.589664800000000154e-09,1.129500000000000028e+02,6.307000000000000000e+07,6.970000000000000000e+07
6.285241190222547203e+07,-1.591028840000000246e-09,1.129549999999999983e+02,6.307000000000000000e+07,6.970000000000000000e+07
6.279648812398468703e+07,-1.592445740000000065e-09,1.129600000000000080e+02,6.307000000000000000e+07,6.970000000000000000e+07
6.279473809231545031e+07,-1.592490120000000068e-09,1.129650000000000034e+02,6.307000000000000000e+07,6.970000000000000000e+07
6.278963958137820661e+07,-1.592619430000000177e-09,1.129699999999999989e+02,6.307000000000000000e+07,6.970000000000000000e+07
6.276768258985484391e+07,-1.593176550000000010e-09,1.129750000000000085e+02,6.307000000000000000e+07,6.970000000000000000e+07
6.280330108469653130e+07,-1.592272990000000212e-09,1.129800000000000040e+02,6.307000000000000000e+07,6.970000000000000000e+07
6.284918694018029422e+07,-1.591110480000000173e-09,1.129849999999999994e+02,6.307000000000000000e+07,6.970000000000000000e+07
6.286789980627131462e+07,-1.590636879999999956e-09,1.129900000000000091e+02,6.307000000000000000e+07,6.970000000000000000e+07
6.291801153916331381e+07,-1.589370000000000065e-09,1.129950000000000045e+02,6.307000000000000000e+07,6.970000000000000000e+07
6.299753682780880481e+07,-1.587363649999999909e-09,1.130000000000000000e+02,6.307000000000000000e+07,6.970000000000000000e+07
6.303180048251725733e+07,-1.586500770000000175e-09,1.130049999999999955e+02,6.307000000000000000e+07,6.970000000000000000e+07
6.307013191799248010e+07,-1.585536560000000068e-09,1.130100000000000051e+02,6.307000000000000000e+07,6.970000000000000000e+07
6.315271368821112067e+07,-1.583463230000000150e-09,1.130150000000000006e+02,6.307000000000000000e+07,6.970000000000000000e+07
6.320965279664629698e+07,-1.582036850000000080e-09,1.130199999999999960e+02,6.307000000000000000e+07,6.970000000000000000e+07
6.323569194454431534e+07,-1.581385400000000245e-09,1.130250000000000057e+02,6.307000000000000000e+07,6.970000000000000000e+07
6.329745776901222765e+07,-1.579842280000000226e-09,1.130300000000000011e+02,6.307000000000000000e+07,6.970000000000000000e+07
6.337531248544546962e+07,-1.577901489999999917e-09,1.130349999999999966e+02,6.307000000000000000e+07,6.970000000000000000e+07
6.341506351272270828e+07,-1.576912400000000234e-09,1.130400000000000063e+02,6.307000000000000000e+07,6.970000000000000000e+07
6.347597203088713437e+07,-1.575399270000000014e-09,1.130450000000000017e+02,6.307000000000000000e+07,6.970000000000000000e+07
6.355329174211024493e+07,-1.573482620000000121e-09,1.130499999999999972e+02,6.307000000000000000e+07,6.970000000000000000e+07
6.358617506838215888e+07,-1.572668900000000175e-09,1.130550000000000068e+02,6.307000000000000000e+07,6.970000000000000000e+07
6.360863206539002806e+07,-1.572113670000000076e-09,1.130600000000000023e+02,6.307000000000000000e+07,6.970000000000000000e+07
6.365316338430960476e+07,-1.571013830000000245e-09,1.130649999999999977e+02,6.307000000000000000e+07,6.970000000000000000e+07
6.366312327271998674e+07,-1.570768050000000149e-09,1.130700000000000074e+02,6.307000000000000000e+07,6.970000000000000000e+07
6.364259945397195220e+07,-1.571274600000000115e-09,1.130750000000000028e+02,6.307000000000000000e+07,6.970000000000000000e+07
6.364867641495367140e+07,-1.571124580000000187e-09,1.130799999999999983e+02,6.307000000000000000e+07,6.970000000000000000e+07
6.365278211925114691e+07,-1.571023239999999977e-09,1.130850000000000080e+02,6.307000000000000000e+07,6.970000000000000000e+07
6.362068189015849680e+07,-1.571815910000000037e-09,1.130900000000000034e+02,6.307000000000000000e+07,6.970000000000000000e+07
6.363098791696535796e+07,-1.571561330000000030e-09,1.130949999999999989e+02,6.307000000000000000e+07,6.970000000000000000e+07
6.367881708802971989e+07,-1.570380930000000120e-09,1.131000000000000085e+02,6.307000000000000000e+07,6.970000000000000000e+07
6.365930517676324397e+07,-1.570862260000000029e-09,1.131050000000000040e+02,6.307000000000000000e+07,6.970000000000000000e+07
6.361877107976170629e+07,-1.571863120000000031e-09,1.131099999999999994e+02,6.307000000000000000e+07,6.970000000000000000e+07
6.360331882117608935e+07,-1.572245000000000085e-09,1.131150000000000091e+02,6.307000000000000000e+07,6.970000000000000000e+07
6.356241316023661941e+07,-1.573256819999999900e-09,1.131200000000000045e+02,6.307000000000000000e+07,6.970000000000000000e+07
6.348282724453137815e+07,-1.575229150000000089e-09,1.131250000000000000e+02,6.307000000000000000e+07,6.970000000000000000e+07
6.343939187963222712e+07,-1.576307670000000073e-09,1.131299999999999955e+02,6.307000000000000000e+07,6.970000000000000000e+07
6.338898173860421777e+07,-1.577561229999999978e-09,1.131350000000000051e+02,6.307000000000000000e+07,6.970000000000000000e+07
6.329741449810568988e+07,-1.579843360000000074e-09,1.131400000000000006e+02,6.307000000000000000e+07,6.970000000000000000e+07
6.323079345205424726e+07,-1.581507910000000048e-09,1.131449999999999960e+02,6.307000000000000000e+07,6.970000000000000000e+07
6.318055846774055064e+07,-1.582765369999999956e-09,1.131500000000000057e+02,6.307000000000000000e+07,6.970000000000000000e+07
6.309055838311314583e+07,-1.585023220000000253e-09,1.131550000000000011e+02,6.307000000000000000e+07,6.970000000000000000e+07
6.301396712142921984e+07,-1.586949760000000156e-09,1.131599999999999966e+02,6.307000000000000000e+07,6.970000000000000000e+07
6.298418303405138850e+07,-1.587700200000000071e-09,1.131650000000000063e+02,6.307000000000000000e+07,6.970000000000000000e+07
6.292994723229530454e+07,-1.589068549999999924e-09,1.131700000000000017e+02,6.307000000000000000e+07,6.970000000000000000e+07
6.285395774181342870e+07,-1.590989710000000056e-09,1.131749999999999972e+02,6.307000000000000000e+07,6.970000000000000000e+07
6.281889225416675210e+07,-1.591877800000000010e-09,1.131800000000000068e+02,6.307000000000000000e+07,6.970000000000000000e+07
6.278155447543239594e+07,-1.592824530000000003e-09,1.131850000000000023e+02,6.307000000000000000e+07,6.970000000000000000e+07
6.270801699359668791e+07,-1.594692430000000073e-09,1.131899999999999977e+02,6.307000000000000000e+07,6.970000000000000000e+07
6.266371522239001095e+07,-1.595819840000000297e-09,1.131950000000000074e+02,6.307000000000000000e+07,6.970000000000000000e+07
6.267077394206876308e+07,-1.595640100000000118e-09,1.132000000000000028e+02,6.307000000000000000e+07,6.970000000000000000e+07
6.269499161184898764e+07,-1.595023740000000054e-09,1.132049999999999983e+02,6.307000000000000000e+07,6.970000000000000000e+07
6.274817176456135511e+07,-1.593671930000000055e-09,1.132100000000000080e+02,6.307000000000000000e+07,6.970000000000000000e+07
6.286806975876226276e+07,-1.590632580000000240e-09,1.132150000000000034e+02,6.307000000000000000e+07,6.970000000000000000e+07
6.298878470200961083e+07,-1.587584209999999948e-09,1.132199999999999989e+02,6.307000000000000000e+07,6.970000000000000000e+07
6.310719216008749604e+07,-1.584605440000000129e-09,1.132250000000000085e+02,6.307000000000000000e+07,6.970000000000000000e+07
6.327894082291401923e+07,-1.580304580000000149e-09,1.132300000000000040e+02,6.307000000000000000e+07,6.970000000000000000e+07
6.344710547738037258e+07,-1.576116030000000029e-09,1.132349999999999994e+02,6.307000000000000000e+07,6.970000000000000000e+07
6.358372255685205013e+07,-1.572729560000000115e-09,1.132400000000000091e+02,6.307000000000000000e+07,6.970000000000000000e+07
6.374395978969822079e+07,-1.568776090000000196e-09,1.132450000000000045e+02,6.307000000000000000e+07,6.970000000000000000e+07
6.391382044522967935e+07,-1.564606830000000186e-09,1.132500000000000000e+02,6.307000000000000000e+07,6.970000000000000000e+07
6.403475048084655404e+07,-1.561652059999999953e-09,1.132549999999999955e+02,6.307000000000000000e+07,6.970000000000000000e+07
6.415982551299165189e+07,-1.558607730000000080e-09,1.132600000000000051e+02,6.307000000000000000e+07,6.970000000000000000e+07
6.431607864148183167e+07,-1.554821160000000011e-09,1.132650000000000006e+02,6.307000000000000000e+07,6.970000000000000000e+07
6.443584820112670958e+07,-1.551931149999999990e-09,1.132699999999999960e+02,6.307000000000000000e+07,6.970000000000000000e+07
6.455031446234367788e+07,-1.549179130000000074e-09,1.132750000000000057e+02,6.307000000000000000e+07,6.970000000000000000e+07
6.471689796841944009e+07,-1.545191489999999934e-09,1.132800000000000011e+02,6.307000000000000000e+07,6.970000000000000000e+07
6.487862221889351308e+07,-1.541339760000000145e-09,1.132849999999999966e+02,6.307000000000000000e+07,6.970000000000000000e+07
6.499139348222241551e+07,-1.538665270000000252e-09,1.132900000000000063e+02,6.307000000000000000e+07,6.970000000000000000e+07
6.513313479798560590e+07,-1.535316860000000104e-09,1.132950000000000017e+02,6.307000000000000000e+07,6.970000000000000000e+07
6.527085721757176518e+07,-1.532077320000000001e-09,1.132999999999999972e+02,6.307000000000000000e+07,6.970000000000000000e+07
6.534779866105366498e+07,-1.530273430000000111e-09,1.133050000000000068e+02,6.307000000000000000e+07,6.970000000000000000e+07
6.541849486827888340e+07,-1.528619699999999947e-09,1.133100000000000023e+02,6.307000000000000000e+07,6.970000000000000000e+07
6.552184239086423814e+07,-1.526208610000000266e-09,1.133149999999999977e+02,6.307000000000000000e+07,6.970000000000000000e+07
6.560342539101199061e+07,-1.524310650000000292e-09,1.133200000000000074e+02,6.307000000000000000e+07,6.970000000000000000e+07
6.567163371441400796e+07,-1.522727460000000031e-09,1.133250000000000028e+02,6.307000000000000000e+07,6.970000000000000000e+07
6.577178972695682943e+07,-1.520408680000000246e-09,1.133299999999999983e+02,6.307000000000000000e+07,6.970000000000000000e+07
6.586692365305598825e+07,-1.518212700000000109e-09,1.133350000000000080e+02,6.307000000000000000e+07,6.970000000000000000e+07
6.591744416237124056e+07,-1.517049110000000221e-09,1.133400000000000034e+02,6.307000000000000000e+07,6.970000000000000000e+07
6.599335842840775847e+07,-1.515304000000000168e-09,1.133449999999999989e+02,6.307000000000000000e+07,6.970000000000000000e+07
6.608472982262699306e+07,-1.513208880000000170e-09,1.133500000000000085e+02,6.307000000000000000e+07,6.970000000000000000e+07
6.614011769382611662e+07,-1.511941670000000049e-09,1.133550000000000040e+02,6.307000000000000000e+07,6.970000000000000000e+07
6.622292143914566189e+07,-1.510051170000000220e-09,1.133599999999999994e+02,6.307000000000000000e+07,6.970000000000000000e+07
6.636575239945212007e+07,-1.506801270000000082e-09,1.133650000000000091e+02,6.307000000000000000e+07,6.970000000000000000e+07
6.644811262242766470e+07,-1.504933639999999974e-09,1.133700000000000045e+02,6.307000000000000000e+07,6.970000000000000000e+07
6.648151652955207974e+07,-1.504177480000000221e-09,1.133750000000000000e+02,6.307000000000000000e+07,6.970000000000000000e+07
6.655976414201465994e+07,-1.502409170000000010e-09,1.133799999999999955e+02,6.307000000000000000e+07,6.970000000000000000e+07
6.662649577565696836e+07,-1.500904390000000177e-09,1.133850000000000051e+02,6.307000000000000000e+07,6.970000000000000000e+07
6.665373628618538380e+07,-1.500290990000000270e-09,1.133900000000000006e+02,6.307000000000000000e+07,6.970000000000000000e+07
6.672648874319797754e+07,-1.498655210000000037e-09,1.133949999999999960e+02,6.307000000000000000e+07,6.970000000000000000e+07
6.682346078957358003e+07,-1.496480410000000158e-09,1.134000000000000057e+02,6.307000000000000000e+07,6.970000000000000000e+07
6.686477317085210979e+07,-1.495555810000000105e-09,1.134050000000000011e+02,6.307000000000000000e+07,6.970000000000000000e+07
6.690913511291515082e+07,-1.494564230000000083e-09,1.134099999999999966e+02,6.307000000000000000e+07,6.970000000000000000e+07
6.700312509275745600e+07,-1.492467700000000008e-09,1.134150000000000063e+02,6.307000000000000000e+07,6.970000000000000000e+07
6.706575260516915470e+07,-1.491074000000000139e-09,1.134200000000000017e+02,6.307000000000000000e+07,6.970000000000000000e+07
6.712065917105206847e+07,-1.489854260000000137e-09,1.134249999999999972e+02,6.307000000000000000e+07,6.970000000000000000e+07
6.722263686265017092e+07,-1.487594130000000023e-09,1.134300000000000068e+02,6.307000000000000000e+07,6.970000000000000000e+07
6.730596927487887442e+07,-1.485752320000000164e-09,1.134350000000000023e+02,6.307000000000000000e+07,6.970000000000000000e+07
6.734493476892171800e+07,-1.484892670000000135e-09,1.134399999999999977e+02,6.307000000000000000e+07,6.970000000000000000e+07
6.743134076823204756e+07,-1.482989940000000006e-09,1.134450000000000074e+02,6.307000000000000000e+07,6.970000000000000000e+07
6.752158673568138480e+07,-1.481007849999999973e-09,1.134500000000000028e+02,6.307000000000000000e+07,6.970000000000000000e+07
6.755242988961291313e+07,-1.480331650000000107e-09,1.134549999999999983e+02,6.307000000000000000e+07,6.970000000000000000e+07
6.759271982337050140e+07,-1.479449269999999947e-09,1.134600000000000080e+02,6.307000000000000000e+07,6.970000000000000000e+07
6.767214068642844260e+07,-1.477712970000000055e-09,1.134650000000000034e+02,6.307000000000000000e+07,6.970000000000000000e+07
6.771559477281655371e+07,-1.476764700000000026e-09,1.134699999999999989e+02,6.307000000000000000e+07,6.970000000000000000e+07
6.773852495839498937e+07,-1.476264800000000111e-09,1.134750000000000085e+02,6.307000000000000000e+07,6.970000000000000000e+07
6.780994597228993475e+07,-1.474709920000000024e-09,1.134800000000000040e+02,6.307000000000000000e+07,6.970000000000000000e+07
6.786656748736983538e+07,-1.473479560000000070e-09,1.134849999999999994e+02,6.307000000000000000e+07,6.970000000000000000e+07
6.788581535256449878e+07,-1.473061780000000152e-09,1.134900000000000091e+02,6.307000000000000000e+07,6.970000000000000000e+07
6.794629239674533904e+07,-1.471750650000000010e-09,1.134950000000000045e+02,6.307000000000000000e+07,6.970000000000000000e+07
6.802547322685736418e+07,-1.470037550000000069e-09,1.135000000000000000e+02,6.307000000000000000e+07,6.970000000000000000e+07
6.805677900849086046e+07,-1.469361340000000159e-09,1.135049999999999955e+02,6.307000000000000000e+07,6.970000000000000000e+07
6.811050076004847884e+07,-1.468202390000000262e-09,1.135100000000000051e+02,6.307000000000000000e+07,6.970000000000000000e+07
6.821217213333451748e+07,-1.466014010000000272e-09,1.135150000000000006e+02,6.307000000000000000e+07,6.970000000000000000e+07
6.829137539683690667e+07,-1.464313750000000247e-09,1.135199999999999960e+02,6.307000000000000000e+07,6.970000000000000000e+07
6.835269993164730072e+07,-1.463000000000000221e-09,1.135250000000000057e+02,6.307000000000000000e+07,6.970000000000000000e+07
6.846719552143476903e+07,-1.460553470000000038e-09,1.135300000000000011e+02,6.307000000000000000e+07,6.970000000000000000e+07
6.856677449386201799e+07,-1.458432320000000097e-09,1.135349999999999966e+02,6.307000000000000000e+07,6.970000000000000000e+07
6.862393286010086536e+07,-1.457217559999999945e-09,1.135400000000000063e+02,6.307000000000000000e+07,6.970000000000000000e+07
6.871937911711114645e+07,-1.455193590000000087e-09,1.135450000000000017e+02,6.307000000000000000e+07,6.970000000000000000e+07
6.881652140439490974e+07,-1.453139420000000114e-09,1.135499999999999972e+02,6.307000000000000000e+07,6.970000000000000000e+07
6.884709311910137534e+07,-1.452494150000000099e-09,1.135550000000000068e+02,6.307000000000000000e+07,6.970000000000000000e+07
6.889346465502434969e+07,-1.451516490000000048e-09,1.135600000000000023e+02,6.307000000000000000e+07,6.970000000000000000e+07
6.898925953820838034e+07,-1.449500990000000077e-09,1.135649999999999977e+02,6.307000000000000000e+07,6.970000000000000000e+07
6.905101048799915612e+07,-1.448204730000000208e-09,1.135700000000000074e+02,6.307000000000000000e+07,6.970000000000000000e+07
6.909649846998932958e+07,-1.447251340000000119e-09,1.135750000000000028e+02,6.307000000000000000e+07,6.970000000000000000e+07
6.919664213883279264e+07,-1.445156829999999942e-09,1.135799999999999983e+02,6.307000000000000000e+07,6.970000000000000000e+07
6.929257580980241299e+07,-1.443156050000000197e-09,1.135850000000000080e+02,6.307000000000000000e+07,6.970000000000000000e+07
6.934732880781449378e+07,-1.442016610000000150e-09,1.135900000000000034e+02,6.307000000000000000e+07,6.970000000000000000e+07
6.945334267165936530e+07,-1.439815510000000158e-09,1.135949999999999989e+02,6.307000000000000000e+07,6.970000000000000000e+07
6.959604638222943246e+07,-1.436863230000000057e-09,1.136000000000000085e+02,6.307000000000000000e+07,6.970000000000000000e+07
6.968449251965194941e+07,-1.435039510000000133e-09,1.136050000000000040e+02,6.307000000000000000e+07,6.970000000000000000e+07
6.978321530142143369e+07,-1.433009350000000203e-09,1.136099999999999994e+02,6.307000000000000000e+07,6.970000000000000000e+07
6.990330722892189026e+07,-1.430547480000000135e-09,1.136150000000000091e+02,6.307000000000000000e+07,6.970000000000000000e+07
6.997096233051668108e+07,-1.429164280000000098e-09,1.136200000000000045e+02,6.307000000000000000e+07,6.970000000000000000e+07
7.002311399972328544e+07,-1.428099870000000104e-09,1.136250000000000000e+02,6.307000000000000000e+07,6.970000000000000000e+07
7.012953205087925494e+07,-1.425932800000000124e-09,1.136299999999999955e+02,6.307000000000000000e+07,6.970000000000000000e+07
7.021287215815067291e+07,-1.424240270000000205e-09,1.136350000000000051e+02,6.307000000000000000e+07,6.970000000000000000e+07
7.024866580572710931e+07,-1.423514580000000115e-09,1.136400000000000006e+02,6.307000000000000000e+07,6.970000000000000000e+07
7.031429872765432298e+07,-1.422185840000000108e-09,1.136449999999999960e+02,6.307000000000000000e+07,6.970000000000000000e+07
7.038888238573826849e+07,-1.420678899999999959e-09,1.136500000000000057e+02,6.307000000000000000e+07,6.970000000000000000e+07
7.041388868326076865e+07,-1.420174370000000098e-09,1.136550000000000011e+02,6.307000000000000000e+07,6.970000000000000000e+07
7.046177448029826581e+07,-1.419209219999999941e-09,1.136599999999999966e+02,6.307000000000000000e+07,6.970000000000000000e+07
7.053793278557477891e+07,-1.417676930000000189e-09,1.136650000000000063e+02,6.307000000000000000e+07,6.970000000000000000e+07
7.055619199200625718e+07,-1.417310050000000160e-09,1.136700000000000017e+02,6.307000000000000000e+07,6.970000000000000000e+07
7.054385175835981965e+07,-1.417557980000000115e-09,1.136749999999999972e+02,6.307000000000000000e+07,6.970000000000000000e+07
7.057089411586801708e+07,-1.417014780000000046e-09,1.136800000000000068e+02,6.307000000000000000e+07,6.970000000000000000e+07
7.057669459301780164e+07,-1.416898320000000103e-09,1.136850000000000023e+02,6.307000000000000000e+07,6.970000000000000000e+07
7.053766509931269288e+07,-1.417682310000000167e-09,1.136899999999999977e+02,6.307000000000000000e+07,6.970000000000000000e+07
7.053352318700702488e+07,-1.417765560000000235e-09,1.136950000000000074e+02,6.307000000000000000e+07,6.970000000000000000e+07
7.054423693653355539e+07,-1.417550239999999964e-09,1.137000000000000028e+02,6.307000000000000000e+07,6.970000000000000000e+07
7.049851473729149997e+07,-1.418469600000000248e-09,1.137049999999999983e+02,6.307000000000000000e+07,6.970000000000000000e+07
7.045622966267721355e+07,-1.419320909999999934e-09,1.137100000000000080e+02,6.307000000000000000e+07,6.970000000000000000e+07
7.046078301137535274e+07,-1.419229190000000185e-09,1.137150000000000034e+02,6.307000000000000000e+07,6.970000000000000000e+07
7.043361164071513712e+07,-1.419776689999999971e-09,1.137199999999999989e+02,6.307000000000000000e+07,6.970000000000000000e+07
7.040031845724855363e+07,-1.420448120000000095e-09,1.137250000000000085e+02,6.307000000000000000e+07,6.970000000000000000e+07
7.041582934323796630e+07,-1.420135230000000071e-09,1.137300000000000040e+02,6.307000000000000000e+07,6.970000000000000000e+07
7.040978806456644833e+07,-1.420257080000000242e-09,1.137349999999999994e+02,6.307000000000000000e+07,6.970000000000000000e+07
7.036135997279153764e+07,-1.421234610000000128e-09,1.137400000000000091e+02,6.307000000000000000e+07,6.970000000000000000e+07
7.035778474377696216e+07,-1.421306830000000071e-09,1.137450000000000045e+02,6.307000000000000000e+07,6.970000000000000000e+07
7.036510539257338643e+07,-1.421158960000000208e-09,1.137500000000000000e+02,6.307000000000000000e+07,6.970000000000000000e+07
7.033381949944940209e+07,-1.421791120000000138e-09,1.137549999999999955e+02,6.307000000000000000e+07,6.970000000000000000e+07
7.031839169237144291e+07,-1.422103060000000066e-09,1.137600000000000051e+02,6.307000000000000000e+07,6.970000000000000000e+07
7.034539108674934506e+07,-1.421557240000000113e-09,1.137650000000000006e+02,6.307000000000000000e+07,6.970000000000000000e+07
7.033832735457551479e+07,-1.421699999999999961e-09,1.137699999999999960e+02,6.307000000000000000e+07,6.970000000000000000e+07
7.032504538374060392e+07,-1.421968509999999982e-09,1.137750000000000057e+02,6.307000000000000000e+07,6.970000000000000000e+07
7.037827916859097779e+07,-1.420892940000000112e-09,1.137800000000000011e+02,6.307000000000000000e+07,6.970000000000000000e+07
7.043087978254549205e+07,-1.419831760000000238e-09,1.137849999999999966e+02,6.307000000000000000e+07,6.970000000000000000e+07
7.043143982844536006e+07,-1.419820469999999989e-09,1.137900000000000063e+02,6.307000000000000000e+07,6.970000000000000000e+07
7.046804814154370129e+07,-1.419082869999999989e-09,1.137950000000000017e+02,6.307000000000000000e+07,6.970000000000000000e+07
7.052175932664018869e+07,-1.418002060000000144e-09,1.137999999999999972e+02,6.307000000000000000e+07,6.970000000000000000e+07
7.053974942390538752e+07,-1.417640420000000090e-09,1.138050000000000068e+02,6.307000000000000000e+07,6.970000000000000000e+07
7.057726443200603127e+07,-1.416886880000000220e-09,1.138100000000000023e+02,6.307000000000000000e+07,6.970000000000000000e+07
7.064501976100154221e+07,-1.415527950000000144e-09,1.138149999999999977e+02,6.307000000000000000e+07,6.970000000000000000e+07
7.066480851197192073e+07,-1.415131549999999928e-09,1.138200000000000074e+02,6.307000000000000000e+07,6.970000000000000000e+07
7.066657825806616247e+07,-1.415096110000000046e-09,1.138250000000000028e+02,6.307000000000000000e+07,6.970000000000000000e+07
7.072111077631737292e+07,-1.414004940000000166e-09,1.138299999999999983e+02,6.307000000000000000e+07,6.970000000000000000e+07
7.075665060686458647e+07,-1.413294710000000082e-09,1.138350000000000080e+02,6.307000000000000000e+07,6.970000000000000000e+07
7.075043307578217983e+07,-1.413418910000000175e-09,1.138400000000000034e+02,6.307000000000000000e+07,6.970000000000000000e+07
7.078395709925927222e+07,-1.412749500000000158e-09,1.138449999999999989e+02,6.307000000000000000e+07,6.970000000000000000e+07
7.082693004765504599e+07,-1.411892340000000262e-09,1.138500000000000085e+02,6.307000000000000000e+07,6.970000000000000000e+07
7.081948239994931221e+07,-1.412040820000000154e-09,1.138550000000000040e+02,6.307000000000000000e+07,6.970000000000000000e+07
7.083597837828096747e+07,-1.411711990000000053e-09,1.138599999999999994e+02,6.307000000000000000e+07,6.970000000000000000e+07
7.089742011094368994e+07,-1.410488559999999951e-09,1.138650000000000091e+02,6.307000000000000000e+07,6.970000000000000000e+07
7.091128424668449163e+07,-1.410212790000000262e-09,1.138700000000000045e+02,6.307000000000000000e+07,6.970000000000000000e+07
7.092916928040654957e+07,-1.409857200000000068e-09,1.138750000000000000e+02,6.307000000000000000e+07,6.970000000000000000e+07
7.102094317417608202e+07,-1.408035370000000085e-09,1.138799999999999955e+02,6.307000000000000000e+07,6.970000000000000000e+07
7.109930849950143695e+07,-1.406483439999999904e-09,1.138850000000000051e+02,6.307000000000000000e+07,6.970000000000000000e+07
7.111582586911699176e+07,-1.406156770000000120e-09,1.138900000000000006e+02,6.307000000000000000e+07,6.970000000000000000e+07
7.115384693380178511e+07,-1.405405390000000153e-09,1.138949999999999960e+02,6.307000000000000000e+07,6.970000000000000000e+07
7.118798958383031189e+07,-1.404731340000000145e-09,1.139000000000000057e+02,6.307000000000000000e+07,6.970000000000000000e+07
7.116077918434490263e+07,-1.405268480000000102e-09,1.139050000000000011e+02,6.307000000000000000e+07,6.970000000000000000e+07
7.114748094446346164e+07,-1.405531139999999913e-09,1.139099999999999966e+02,6.307000000000000000e+07,6.970000000000000000e+07
7.116394929972822964e+07,-1.405205880000000207e-09,1.139150000000000063e+02,6.307000000000000000e+07,6.970000000000000000e+07
7.112914263328522444e+07,-1.405893510000000118e-09,1.139200000000000017e+02,6.307000000000000000e+07,6.970000000000000000e+07
7.109073303147734702e+07,-1.406653100000000055e-09,1.139249999999999972e+02,6.307000000000000000e+07,6.970000000000000000e+07
7.112835995968957245e+07,-1.405908979999999962e-09,1.139300000000000068e+02,6.307000000000000000e+07,6.970000000000000000e+07
7.115726200347228348e+07,-1.405337939999999952e-09,1.139350000000000023e+02,6.307000000000000000e+07,6.970000000000000000e+07
7.115050407784172893e+07,-1.405471420000000026e-09,1.139399999999999977e+02,6.307000000000000000e+07,6.970000000000000000e+07
7.119225332031948864e+07,-1.404647210000000086e-09,1.139450000000000074e+02,6.307000000000000000e+07,6.970000000000000000e+07
7.122622129518288374e+07,-1.403977330000000043e-09,1.139500000000000028e+02,6.307000000000000000e+07,6.970000000000000000e+07
7.121613167304411530e+07,-1.404176240000000005e-09,1.139549999999999983e+02,6.307000000000000000e+07,6.970000000000000000e+07
7.123129077203400433e+07,-1.403877410000000162e-09,1.139600000000000080e+02,6.307000000000000000e+07,6.970000000000000000e+07
7.127313490322391689e+07,-1.403053200000000016e-09,1.139650000000000034e+02,6.307000000000000000e+07,6.970000000000000000e+07
7.127392076619350910e+07,-1.403037730000000172e-09,1.139699999999999989e+02,6.307000000000000000e+07,6.970000000000000000e+07
7.126792639568291605e+07,-1.403155740000000195e-09,1.139750000000000085e+02,6.307000000000000000e+07,6.970000000000000000e+07
7.131730268233576417e+07,-1.402184270000000008e-09,1.139800000000000040e+02,6.307000000000000000e+07,6.970000000000000000e+07
7.135057912981861830e+07,-1.401530319999999997e-09,1.139849999999999994e+02,6.307000000000000000e+07,6.970000000000000000e+07
7.134601237112744153e+07,-1.401620029999999891e-09,1.139900000000000091e+02,6.307000000000000000e+07,6.970000000000000000e+07
7.138572979273438454e+07,-1.400840200000000160e-09,1.139950000000000045e+02,6.307000000000000000e+07,6.970000000000000000e+07
7.143784355039395392e+07,-1.399818290000000066e-09,1.140000000000000000e+02,6.307000000000000000e+07,6.970000000000000000e+07
7.145142159319694340e+07,-1.399552280000000014e-09,1.140049999999999955e+02,6.307000000000000000e+07,6.970000000000000000e+07
7.147040101227244735e+07,-1.399180620000000199e-09,1.140100000000000051e+02,6.307000000000000000e+07,6.970000000000000000e+07
7.151533638879747689e+07,-1.398301470000000158e-09,1.140150000000000006e+02,6.307000000000000000e+07,6.970000000000000000e+07
7.151368190465420485e+07,-1.398333820000000131e-09,1.140199999999999960e+02,6.307000000000000000e+07,6.970000000000000000e+07
7.153067789473226666e+07,-1.398001570000000098e-09,1.140250000000000057e+02,6.307000000000000000e+07,6.970000000000000000e+07
7.161421747606475651e+07,-1.396370770000000129e-09,1.140300000000000011e+02,6.307000000000000000e+07,6.970000000000000000e+07
7.167116244339922071e+07,-1.395261310000000043e-09,1.140349999999999966e+02,6.307000000000000000e+07,6.970000000000000000e+07
7.168588740938536823e+07,-1.394974710000000087e-09,1.140400000000000063e+02,6.307000000000000000e+07,6.970000000000000000e+07
7.174929075826084614e+07,-1.393742000000000211e-09,1.140450000000000017e+02,6.307000000000000000e+07,6.970000000000000000e+07
7.181225507442988455e+07,-1.392519980000000185e-09,1.140499999999999972e+02,6.307000000000000000e+07,6.970000000000000000e+07
7.181076421668757498e+07,-1.392548890000000136e-09,1.140550000000000068e+02,6.307000000000000000e+07,6.970000000000000000e+07
7.182982359766151011e+07,-1.392179390000000017e-09,1.140600000000000023e+02,6.307000000000000000e+07,6.970000000000000000e+07
7.188563208716402948e+07,-1.391098570000000127e-09,1.140649999999999977e+02,6.307000000000000000e+07,6.970000000000000000e+07
7.190686611196081340e+07,-1.390687779999999915e-09,1.140700000000000074e+02,6.307000000000000000e+07,6.970000000000000000e+07
7.192252971157461405e+07,-1.390384910000000273e-09,1.140750000000000028e+02,6.307000000000000000e+07,6.970000000000000000e+07
7.199920265203014016e+07,-1.388904270000000236e-09,1.140799999999999983e+02,6.307000000000000000e+07,6.970000000000000000e+07
7.205458994078727067e+07,-1.387836639999999960e-09,1.140850000000000080e+02,6.307000000000000000e+07,6.970000000000000000e+07
7.203500272987449169e+07,-1.388214009999999982e-09,1.140900000000000034e+02,6.307000000000000000e+07,6.970000000000000000e+07
7.198489952606870234e+07,-1.389180239999999988e-09,1.140949999999999989e+02,6.307000000000000000e+07,6.970000000000000000e+07
7.187478859827803075e+07,-1.391308440000000109e-09,1.141000000000000085e+02,6.307000000000000000e+07,6.970000000000000000e+07
7.167656517642533779e+07,-1.395156140000000143e-09,1.141050000000000040e+02,6.307000000000000000e+07,6.970000000000000000e+07
7.148369301485298574e+07,-1.398920450000000106e-09,1.141099999999999994e+02,6.307000000000000000e+07,6.970000000000000000e+07
7.131480953500968218e+07,-1.402233290000000207e-09,1.141150000000000091e+02,6.307000000000000000e+07,6.970000000000000000e+07
7.110245291801764071e+07,-1.406421240000000136e-09,1.141200000000000045e+02,6.307000000000000000e+07,6.970000000000000000e+07
7.089625399507482350e+07,-1.410511759999999902e-09,1.141250000000000000e+02,6.307000000000000000e+07,6.970000000000000000e+07
7.074941995203684270e+07,-1.413439150000000175e-09,1.141299999999999955e+02,6.307000000000000000e+07,6.970000000000000000e+07
7.058026869160139561e+07,-1.416826570000000186e-09,1.141350000000000051e+02,6.307000000000000000e+07,6.970000000000000000e+07
7.037812611806650460e+07,-1.420896030000000021e-09,1.141400000000000006e+02,6.307000000000000000e+07,6.970000000000000000e+07
7.022830005397957563e+07,-1.423927390000000019e-09,1.141449999999999960e+02,6.307000000000000000e+07,6.970000000000000000e+07
7.009674675881229341e+07,-1.426599730000000054e-09,1.141500000000000057e+02,6.307000000000000000e+07,6.970000000000000000e+07
6.992099584726619720e+07,-1.430185580000000163e-09,1.141550000000000011e+02,6.307000000000000000e+07,6.970000000000000000e+07
6.977252211138321459e+07,-1.433228970000000191e-09,1.141599999999999966e+02,6.307000000000000000e+07,6.970000000000000000e+07
6.965347937309026718e+07,-1.435678460000000118e-09,1.141650000000000063e+02,6.307000000000000000e+07,6.970000000000000000e+07
6.949576030689884722e+07,-1.438936699999999978e-09,1.141700000000000017e+02,6.307000000000000000e+07,6.970000000000000000e+07
6.934541774321092665e+07,-1.442056350000000162e-09,1.141749999999999972e+02,6.307000000000000000e+07,6.970000000000000000e+07
6.923900798032881320e+07,-1.444272570000000093e-09,1.141800000000000068e+02,6.307000000000000000e+07,6.970000000000000000e+07
6.909780522775614262e+07,-1.447223970000000203e-09,1.141850000000000023e+02,6.307000000000000000e+07,6.970000000000000000e+07
6.892286254540525377e+07,-1.450897370000000097e-09,1.141899999999999977e+02,6.307000000000000000e+07,6.970000000000000000e+07
6.880964346785546839e+07,-1.453284670000000093e-09,1.141950000000000074e+02,6.307000000000000000e+07,6.970000000000000000e+07
6.871285108418984711e+07,-1.455331840000000109e-09,1.142000000000000028e+02,6.307000000000000000e+07,6.970000000000000000e+07
6.856212089132320881e+07,-1.458531309999999971e-09,1.142049999999999983e+02,6.307000000000000000e+07,6.970000000000000000e+07
6.843336055156193674e+07,-1.461275600000000194e-09,1.142100000000000080e+02,6.307000000000000000e+07,6.970000000000000000e+07
6.833074628572513163e+07,-1.463470040000000089e-09,1.142150000000000034e+02,6.307000000000000000e+07,6.970000000000000000e+07
6.818720125141516328e+07,-1.466550880000000060e-09,1.142199999999999989e+02,6.307000000000000000e+07,6.970000000000000000e+07
6.804221812786491215e+07,-1.469675780000000056e-09,1.142250000000000085e+02,6.307000000000000000e+07,6.970000000000000000e+07
6.794817652370932698e+07,-1.471709839999999988e-09,1.142300000000000040e+02,6.307000000000000000e+07,6.970000000000000000e+07
6.783081069417847693e+07,-1.474256300000000097e-09,1.142349999999999994e+02,6.307000000000000000e+07,6.970000000000000000e+07
6.768601947366037965e+07,-1.477409970000000248e-09,1.142400000000000091e+02,6.307000000000000000e+07,6.970000000000000000e+07
6.758123130529965460e+07,-1.479700770000000088e-09,1.142450000000000045e+02,6.307000000000000000e+07,6.970000000000000000e+07
6.748140931036415696e+07,-1.481889620000000104e-09,1.142500000000000000e+02,6.307000000000000000e+07,6.970000000000000000e+07
6.735318556354245543e+07,-1.484710770000000054e-09,1.142549999999999955e+02,6.307000000000000000e+07,6.970000000000000000e+07
6.725117306389303505e+07,-1.486962909999999937e-09,1.142600000000000051e+02,6.307000000000000000e+07,6.970000000000000000e+07
6.717717603314785659e+07,-1.488600829999999984e-09,1.142650000000000006e+02,6.307000000000000000e+07,6.970000000000000000e+07
6.704890127803587168e+07,-1.491448750000000071e-09,1.142699999999999960e+02,6.307000000000000000e+07,6.970000000000000000e+07
6.691919741129776835e+07,-1.494339500000000080e-09,1.142750000000000057e+02,6.307000000000000000e+07,6.970000000000000000e+07
6.684498815028868616e+07,-1.495998470000000012e-09,1.142800000000000011e+02,6.307000000000000000e+07,6.970000000000000000e+07
6.675614214919396490e+07,-1.497989500000000165e-09,1.142849999999999966e+02,6.307000000000000000e+07,6.970000000000000000e+07
6.664312964613825083e+07,-1.500529769999999997e-09,1.142900000000000063e+02,6.307000000000000000e+07,6.970000000000000000e+07
6.658100532071451098e+07,-1.501929860000000000e-09,1.142950000000000017e+02,6.307000000000000000e+07,6.970000000000000000e+07
6.652071710902932286e+07,-1.503291070000000100e-09,1.142999999999999972e+02,6.307000000000000000e+07,6.970000000000000000e+07
6.642432107385914773e+07,-1.505472670000000079e-09,1.143050000000000068e+02,6.307000000000000000e+07,6.970000000000000000e+07
6.635753742427418381e+07,-1.506987810000000154e-09,1.143100000000000023e+02,6.307000000000000000e+07,6.970000000000000000e+07
6.632475503764205426e+07,-1.507732670000000028e-09,1.143149999999999977e+02,6.307000000000000000e+07,6.970000000000000000e+07
6.625697593196797371e+07,-1.509275040000000015e-09,1.143200000000000074e+02,6.307000000000000000e+07,6.970000000000000000e+07
6.619991577517116070e+07,-1.510575940000000080e-09,1.143250000000000028e+02,6.307000000000000000e+07,6.970000000000000000e+07
6.618894311587202549e+07,-1.510826360000000166e-09,1.143299999999999983e+02,6.307000000000000000e+07,6.970000000000000000e+07
6.614701964912433177e+07,-1.511783909999999969e-09,1.143350000000000080e+02,6.307000000000000000e+07,6.970000000000000000e+07
6.607532204798107594e+07,-1.513424330000000193e-09,1.143400000000000034e+02,6.307000000000000000e+07,6.970000000000000000e+07
6.604648707090150565e+07,-1.514085070000000052e-09,1.143449999999999989e+02,6.307000000000000000e+07,6.970000000000000000e+07
6.601514254019284248e+07,-1.514803970000000088e-09,1.143500000000000085e+02,6.307000000000000000e+07,6.970000000000000000e+07
6.594572209408345073e+07,-1.516398590000000187e-09,1.143550000000000040e+02,6.307000000000000000e+07,6.970000000000000000e+07
6.590643071584494412e+07,-1.517302620000000011e-09,1.143599999999999994e+02,6.307000000000000000e+07,6.970000000000000000e+07
6.589434062567769736e+07,-1.517581010000000204e-09,1.143650000000000091e+02,6.307000000000000000e+07,6.970000000000000000e+07
6.583858493708774447e+07,-1.518866180000000094e-09,1.143700000000000045e+02,6.307000000000000000e+07,6.970000000000000000e+07
6.578639254389131814e+07,-1.520071190000000032e-09,1.143750000000000000e+02,6.307000000000000000e+07,6.970000000000000000e+07
6.578425681952827424e+07,-1.520120540000000047e-09,1.143799999999999955e+02,6.307000000000000000e+07,6.970000000000000000e+07
6.576211577875556797e+07,-1.520632340000000033e-09,1.143850000000000051e+02,6.307000000000000000e+07,6.970000000000000000e+07
6.572751944328474998e+07,-1.521432740000000199e-09,1.143900000000000006e+02,6.307000000000000000e+07,6.970000000000000000e+07
6.574413445296120644e+07,-1.521048240000000054e-09,1.143949999999999960e+02,6.307000000000000000e+07,6.970000000000000000e+07
6.576494552285107970e+07,-1.520566910000000145e-09,1.144000000000000057e+02,6.307000000000000000e+07,6.970000000000000000e+07
6.575215717211544514e+07,-1.520862650000000078e-09,1.144050000000000011e+02,6.307000000000000000e+07,6.970000000000000000e+07
6.577408471200912446e+07,-1.520355630000000086e-09,1.144099999999999966e+02,6.307000000000000000e+07,6.970000000000000000e+07
6.581832462719249725e+07,-1.519333720000000198e-09,1.144150000000000063e+02,6.307000000000000000e+07,6.970000000000000000e+07
6.581514072310384363e+07,-1.519407220000000053e-09,1.144200000000000017e+02,6.307000000000000000e+07,6.970000000000000000e+07
6.580990982601116598e+07,-1.519527990000000170e-09,1.144249999999999972e+02,6.307000000000000000e+07,6.970000000000000000e+07
6.584557844899502397e+07,-1.518704860000000079e-09,1.144300000000000068e+02,6.307000000000000000e+07,6.970000000000000000e+07
6.585765065067654848e+07,-1.518426470000000093e-09,1.144350000000000023e+02,6.307000000000000000e+07,6.970000000000000000e+07
6.584743588965239376e+07,-1.518662020000000112e-09,1.144399999999999977e+02,6.307000000000000000e+07,6.970000000000000000e+07
6.588723473568689823e+07,-1.517744680000000141e-09,1.144450000000000074e+02,6.307000000000000000e+07,6.970000000000000000e+07
6.591677806382437050e+07,-1.517064440000000062e-09,1.144500000000000028e+02,6.307000000000000000e+07,6.970000000000000000e+07
6.589542094894374907e+07,-1.517556130000000007e-09,1.144549999999999983e+02,6.307000000000000000e+07,6.970000000000000000e+07
6.590097509916499257e+07,-1.517428229999999975e-09,1.144600000000000080e+02,6.307000000000000000e+07,6.970000000000000000e+07
6.593332806042530388e+07,-1.516683640000000270e-09,1.144650000000000034e+02,6.307000000000000000e+07,6.970000000000000000e+07
6.593028211547938734e+07,-1.516753709999999941e-09,1.144699999999999989e+02,6.307000000000000000e+07,6.970000000000000000e+07
6.593409404662472010e+07,-1.516666019999999947e-09,1.144750000000000085e+02,6.307000000000000000e+07,6.970000000000000000e+07
6.598155293021700531e+07,-1.515575120000000236e-09,1.144800000000000040e+02,6.307000000000000000e+07,6.970000000000000000e+07
6.601174609049229324e+07,-1.514881910000000076e-09,1.144849999999999994e+02,6.307000000000000000e+07,6.970000000000000000e+07
6.604028120347977430e+07,-1.514227350000000243e-09,1.144900000000000091e+02,6.307000000000000000e+07,6.970000000000000000e+07
6.611724907654368877e+07,-1.512464620000000073e-09,1.144950000000000045e+02,6.307000000000000000e+07,6.970000000000000000e+07
6.617670799717523903e+07,-1.511105689999999997e-09,1.145000000000000000e+02,6.307000000000000000e+07,6.970000000000000000e+07
6.616553989509122819e+07,-1.511360750000000074e-09,1.145049999999999955e+02,6.307000000000000000e+07,6.970000000000000000e+07
6.617411376797898114e+07,-1.511164930000000228e-09,1.145100000000000051e+02,6.307000000000000000e+07,6.970000000000000000e+07
6.621161717518226057e+07,-1.510308980000000139e-09,1.145150000000000006e+02,6.307000000000000000e+07,6.970000000000000000e+07
6.620949452096569538e+07,-1.510357400000000147e-09,1.145199999999999960e+02,6.307000000000000000e+07,6.970000000000000000e+07
6.621842443959943950e+07,-1.510153720000000029e-09,1.145250000000000057e+02,6.307000000000000000e+07,6.970000000000000000e+07
6.628751050300745666e+07,-1.508579810000000162e-09,1.145300000000000011e+02,6.307000000000000000e+07,6.970000000000000000e+07
6.633948034958252311e+07,-1.507398000000000175e-09,1.145349999999999966e+02,6.307000000000000000e+07,6.970000000000000000e+07
6.634952302389490604e+07,-1.507169839999999988e-09,1.145400000000000063e+02,6.307000000000000000e+07,6.970000000000000000e+07
6.639018914996425062e+07,-1.506246650000000012e-09,1.145450000000000017e+02,6.307000000000000000e+07,6.970000000000000000e+07
6.641043572524420172e+07,-1.505787439999999999e-09,1.145499999999999972e+02,6.307000000000000000e+07,6.970000000000000000e+07
6.637612288901941478e+07,-1.506565850000000227e-09,1.145550000000000068e+02,6.307000000000000000e+07,6.970000000000000000e+07
6.635472470091587305e+07,-1.507051689999999962e-09,1.145600000000000023e+02,6.307000000000000000e+07,6.970000000000000000e+07
6.633596199533134699e+07,-1.507477950000000018e-09,1.145649999999999977e+02,6.307000000000000000e+07,6.970000000000000000e+07
6.626177014449253678e+07,-1.509165840000000153e-09,1.145700000000000074e+02,6.307000000000000000e+07,6.970000000000000000e+07
6.619445265200495720e+07,-1.510700609999999992e-09,1.145750000000000028e+02,6.307000000000000000e+07,6.970000000000000000e+07
6.616203996623883396e+07,-1.511440700000000124e-09,1.145799999999999983e+02,6.307000000000000000e+07,6.970000000000000000e+07
6.609612011082124710e+07,-1.512948110000000092e-09,1.145850000000000080e+02,6.307000000000000000e+07,6.970000000000000000e+07
6.601869450051797926e+07,-1.514722469999999957e-09,1.145900000000000034e+02,6.307000000000000000e+07,6.970000000000000000e+07
6.598643320253084600e+07,-1.515463030000000115e-09,1.145949999999999989e+02,6.307000000000000000e+07,6.970000000000000000e+07
6.594005213141394407e+07,-1.516528979999999938e-09,1.146000000000000085e+02,6.307000000000000000e+07,6.970000000000000000e+07
6.585142731355343014e+07,-1.518569969999999928e-09,1.146050000000000040e+02,6.307000000000000000e+07,6.970000000000000000e+07
6.578949229571163654e+07,-1.519999570000000073e-09,1.146099999999999994e+02,6.307000000000000000e+07,6.970000000000000000e+07
6.574876179137472063e+07,-1.520941190000000051e-09,1.146150000000000091e+02,6.307000000000000000e+07,6.970000000000000000e+07
6.567248635882307589e+07,-1.522707690000000057e-09,1.146200000000000045e+02,6.307000000000000000e+07,6.970000000000000000e+07
6.561676130298746377e+07,-1.524000849999999971e-09,1.146250000000000000e+02,6.307000000000000000e+07,6.970000000000000000e+07
6.561517732593533397e+07,-1.524037640000000077e-09,1.146299999999999955e+02,6.307000000000000000e+07,6.970000000000000000e+07
6.559768116920099407e+07,-1.524444130000000159e-09,1.146350000000000051e+02,6.307000000000000000e+07,6.970000000000000000e+07
6.556277787103354186e+07,-1.525255690000000202e-09,1.146400000000000006e+02,6.307000000000000000e+07,6.970000000000000000e+07
6.556067082491340488e+07,-1.525304709999999988e-09,1.146449999999999960e+02,6.307000000000000000e+07,6.970000000000000000e+07
6.554693879867903888e+07,-1.525624260000000108e-09,1.146500000000000057e+02,6.307000000000000000e+07,6.970000000000000000e+07
6.549540663356996328e+07,-1.526824630000000056e-09,1.146550000000000011e+02,6.307000000000000000e+07,6.970000000000000000e+07
6.547867227377124876e+07,-1.527214840000000201e-09,1.146599999999999966e+02,6.307000000000000000e+07,6.970000000000000000e+07
6.548280950196164846e+07,-1.527118350000000090e-09,1.146650000000000063e+02,6.307000000000000000e+07,6.970000000000000000e+07
6.544290142517034709e+07,-1.528049610000000239e-09,1.146700000000000017e+02,6.307000000000000000e+07,6.970000000000000000e+07
6.540733648453671485e+07,-1.528880480000000068e-09,1.146749999999999972e+02,6.307000000000000000e+07,6.970000000000000000e+07
6.541229391750505567e+07,-1.528764610000000273e-09,1.146800000000000068e+02,6.307000000000000000e+07,6.970000000000000000e+07
6.538921810652820766e+07,-1.529304109999999989e-09,1.146850000000000023e+02,6.307000000000000000e+07,6.970000000000000000e+07
6.536388598237475753e+07,-1.529896800000000076e-09,1.146899999999999977e+02,6.307000000000000000e+07,6.970000000000000000e+07
6.538503198786149919e+07,-1.529402020000000222e-09,1.146950000000000074e+02,6.307000000000000000e+07,6.970000000000000000e+07
6.539653900981047004e+07,-1.529132910000000010e-09,1.147000000000000028e+02,6.307000000000000000e+07,6.970000000000000000e+07
6.536188355222254992e+07,-1.529943670000000004e-09,1.147049999999999983e+02,6.307000000000000000e+07,6.970000000000000000e+07
6.535574501212959737e+07,-1.530087370000000110e-09,1.147100000000000080e+02,6.307000000000000000e+07,6.970000000000000000e+07
6.537785171896579862e+07,-1.529569990000000082e-09,1.147150000000000034e+02,6.307000000000000000e+07,6.970000000000000000e+07
6.537280762238568813e+07,-1.529688010000000150e-09,1.147199999999999989e+02,6.307000000000000000e+07,6.970000000000000000e+07
6.535749717647442222e+07,-1.530046350000000186e-09,1.147250000000000085e+02,6.307000000000000000e+07,6.970000000000000000e+07
6.537104309893259406e+07,-1.529729300000000242e-09,1.147300000000000040e+02,6.307000000000000000e+07,6.970000000000000000e+07
6.534163117162243277e+07,-1.530417869999999998e-09,1.147349999999999994e+02,6.307000000000000000e+07,6.970000000000000000e+07
6.528355064801985770e+07,-1.531779430000000209e-09,1.147400000000000091e+02,6.307000000000000000e+07,6.970000000000000000e+07
6.525711515456522256e+07,-1.532399950000000193e-09,1.147450000000000045e+02,6.307000000000000000e+07,6.970000000000000000e+07
6.521886269860236347e+07,-1.533298740000000042e-09,1.147500000000000000e+02,6.307000000000000000e+07,6.970000000000000000e+07
6.515130295569570363e+07,-1.534888720000000151e-09,1.147549999999999955e+02,6.307000000000000000e+07,6.970000000000000000e+07
6.513711179649248719e+07,-1.535223120000000042e-09,1.147600000000000051e+02,6.307000000000000000e+07,6.970000000000000000e+07
6.514312361173489690e+07,-1.535081440000000043e-09,1.147650000000000006e+02,6.307000000000000000e+07,6.970000000000000000e+07
6.509766368130517006e+07,-1.536153440000000140e-09,1.147699999999999960e+02,6.307000000000000000e+07,6.970000000000000000e+07
6.506782780986206979e+07,-1.536857820000000220e-09,1.147750000000000057e+02,6.307000000000000000e+07,6.970000000000000000e+07
6.508181809573268890e+07,-1.536527450000000084e-09,1.147800000000000011e+02,6.307000000000000000e+07,6.970000000000000000e+07
6.506366284218118340e+07,-1.536956200000000272e-09,1.147849999999999966e+02,6.307000000000000000e+07,6.970000000000000000e+07
6.502471586198677868e+07,-1.537876770000000157e-09,1.147900000000000063e+02,6.307000000000000000e+07,6.970000000000000000e+07
6.503042572025131434e+07,-1.537741740000000003e-09,1.147950000000000017e+02,6.307000000000000000e+07,6.970000000000000000e+07
6.502733196303404123e+07,-1.537814900000000204e-09,1.147999999999999972e+02,6.307000000000000000e+07,6.970000000000000000e+07
6.498303254030552506e+07,-1.538863240000000163e-09,1.148050000000000068e+02,6.307000000000000000e+07,6.970000000000000000e+07
6.497099811591901630e+07,-1.539148280000000201e-09,1.148100000000000023e+02,6.307000000000000000e+07,6.970000000000000000e+07
6.497895822134345025e+07,-1.538959730000000067e-09,1.148149999999999977e+02,6.307000000000000000e+07,6.970000000000000000e+07
6.495460108579930663e+07,-1.539536819999999938e-09,1.148200000000000074e+02,6.307000000000000000e+07,6.970000000000000000e+07
6.495092730114153028e+07,-1.539623900000000110e-09,1.148250000000000028e+02,6.307000000000000000e+07,6.970000000000000000e+07
6.499482472208668292e+07,-1.538584040000000084e-09,1.148299999999999983e+02,6.307000000000000000e+07,6.970000000000000000e+07
6.504454504118146002e+07,-1.537407940000000096e-09,1.148350000000000080e+02,6.307000000000000000e+07,6.970000000000000000e+07
6.510502498486714810e+07,-1.535979750000000235e-09,1.148400000000000034e+02,6.307000000000000000e+07,6.970000000000000000e+07
6.517997275724822283e+07,-1.534213590000000089e-09,1.148449999999999989e+02,6.307000000000000000e+07,6.970000000000000000e+07
6.521888864496300370e+07,-1.533298130000000013e-09,1.148500000000000085e+02,6.307000000000000000e+07,6.970000000000000000e+07
6.520759542244765908e+07,-1.533563680000000290e-09,1.148550000000000040e+02,6.307000000000000000e+07,6.970000000000000000e+07
6.522024426468498260e+07,-1.533266260000000111e-09,1.148599999999999994e+02,6.307000000000000000e+07,6.970000000000000000e+07
6.523991495950988680e+07,-1.532803960000000188e-09,1.148650000000000091e+02,6.307000000000000000e+07,6.970000000000000000e+07
6.520501666793457419e+07,-1.533624330000000185e-09,1.148700000000000045e+02,6.307000000000000000e+07,6.970000000000000000e+07
6.516552620370648801e+07,-1.534553710000000025e-09,1.148750000000000000e+02,6.307000000000000000e+07,6.970000000000000000e+07
6.515580731006588787e+07,-1.534782609999999993e-09,1.148799999999999955e+02,6.307000000000000000e+07,6.970000000000000000e+07
6.510651279002794623e+07,-1.535944650000000213e-09,1.148850000000000051e+02,6.307000000000000000e+07,6.970000000000000000e+07
6.503818424316008389e+07,-1.537558300000000092e-09,1.148900000000000006e+02,6.307000000000000000e+07,6.970000000000000000e+07
6.501584923864816129e+07,-1.538086499999999929e-09,1.148949999999999960e+02,6.307000000000000000e+07,6.970000000000000000e+07
6.497700463805858791e+07,-1.539006000000000217e-09,1.149000000000000057e+02,6.307000000000000000e+07,6.970000000000000000e+07
6.490627057467927784e+07,-1.540683190000000043e-09,1.149050000000000011e+02,6.307000000000000000e+07,6.970000000000000000e+07
6.485602607528745383e+07,-1.541876770000000143e-09,1.149099999999999966e+02,6.307000000000000000e+07,6.970000000000000000e+07
6.481645419098395854e+07,-1.542818120000000159e-09,1.149150000000000063e+02,6.307000000000000000e+07,6.970000000000000000e+07
6.473587726471265405e+07,-1.544738469999999991e-09,1.149200000000000017e+02,6.307000000000000000e+07,6.970000000000000000e+07
6.468151549437618256e+07,-1.546036750000000172e-09,1.149249999999999972e+02,6.307000000000000000e+07,6.970000000000000000e+07
6.467244399836841971e+07,-1.546253610000000066e-09,1.149300000000000068e+02,6.307000000000000000e+07,6.970000000000000000e+07
6.464972706760074198e+07,-1.546796940000000094e-09,1.149350000000000023e+02,6.307000000000000000e+07,6.970000000000000000e+07
6.462998329566988349e+07,-1.547269470000000093e-09,1.149399999999999977e+02,6.307000000000000000e+07,6.970000000000000000e+07
6.465983238102331758e+07,-1.546555200000000210e-09,1.149450000000000074e+02,6.307000000000000000e+07,6.970000000000000000e+07
6.467521420333932340e+07,-1.546187379999999923e-09,1.149500000000000028e+02,6.307000000000000000e+07,6.970000000000000000e+07
6.465458954709467292e+07,-1.546680609999999903e-09,1.149549999999999983e+02,6.307000000000000000e+07,6.970000000000000000e+07
6.466480593687582761e+07,-1.546436250000000136e-09,1.149600000000000080e+02,6.307000000000000000e+07,6.970000000000000000e+07
6.468712548377964646e+07,-1.545902670000000114e-09,1.149650000000000034e+02,6.307000000000000000e+07,6.970000000000000000e+07
6.466590569984369725e+07,-1.546409950000000024e-09,1.149699999999999989e+02,6.307000000000000000e+07,6.970000000000000000e+07
6.464977178921482712e+07,-1.546795870000000084e-09,1.149750000000000085e+02,6.307000000000000000e+07,6.970000000000000000e+07
6.465985203123073280e+07,-1.546554730000000184e-09,1.149800000000000040e+02,6.307000000000000000e+07,6.970000000000000000e+07
6.463308447506007552e+07,-1.547195230000000044e-09,1.149849999999999994e+02,6.307000000000000000e+07,6.970000000000000000e+07
6.458488860472685844e+07,-1.548349810000000119e-09,1.149900000000000091e+02,6.307000000000000000e+07,6.970000000000000000e+07
6.457682583241965622e+07,-1.548543130000000202e-09,1.149950000000000045e+02,6.307000000000000000e+07,6.970000000000000000e+07
6.455744913169972599e+07,-1.549007920000000050e-09,1.150000000000000000e+02,6.307000000000000000e+07,6.970000000000000000e+07
6.449974942492345721e+07,-1.550393620000000057e-09,1.150049999999999955e+02,6.307000000000000000e+07,6.970000000000000000e+07
6.448105632969649136e+07,-1.550843080000000064e-09,1.150100000000000051e+02,6.307000000000000000e+07,6.970000000000000000e+07
6.447657494140996784e+07,-1.550950870000000262e-09,1.150150000000000006e+02,6.307000000000000000e+07,6.970000000000000000e+07
6.442311659904440492e+07,-1.552237850000000150e-09,1.150199999999999960e+02,6.307000000000000000e+07,6.970000000000000000e+07
6.437646242802639306e+07,-1.553362770000000035e-09,1.150250000000000057e+02,6.307000000000000000e+07,6.970000000000000000e+07
6.436155085747413337e+07,-1.553722660000000152e-09,1.150300000000000011e+02,6.307000000000000000e+07,6.970000000000000000e+07
6.432803344743818045e+07,-1.554532210000000133e-09,1.150349999999999966e+02,6.307000000000000000e+07,6.970000000000000000e+07
6.428686052043736726e+07,-1.555527820000000116e-09,1.150400000000000063e+02,6.307000000000000000e+07,6.970000000000000000e+07
6.428637409350667894e+07,-1.555539590000000021e-09,1.150450000000000017e+02,6.307000000000000000e+07,6.970000000000000000e+07
6.426673801645610482e+07,-1.556014870000000070e-09,1.150499999999999972e+02,6.307000000000000000e+07,6.970000000000000000e+07
6.421101238639418036e+07,-1.557365260000000153e-09,1.150550000000000068e+02,6.307000000000000000e+07,6.970000000000000000e+07
6.419418731391388923e+07,-1.557773440000000113e-09,1.150600000000000023e+02,6.307000000000000000e+07,6.970000000000000000e+07
6.418992329637953639e+07,-1.557876920000000136e-09,1.150649999999999977e+02,6.307000000000000000e+07,6.970000000000000000e+07
6.414476519029342383e+07,-1.558973670000000265e-09,1.150700000000000074e+02,6.307000000000000000e+07,6.970000000000000000e+07
6.411799105561719090e+07,-1.559624660000000118e-09,1.150750000000000028e+02,6.307000000000000000e+07,6.970000000000000000e+07
6.412206049726606905e+07,-1.559525680000000081e-09,1.150799999999999983e+02,6.307000000000000000e+07,6.970000000000000000e+07
6.407568394240869582e+07,-1.560654430000000071e-09,1.150850000000000080e+02,6.307000000000000000e+07,6.970000000000000000e+07
6.400798532901131362e+07,-1.562305070000000119e-09,1.150900000000000034e+02,6.307000000000000000e+07,6.970000000000000000e+07
6.399171036025982350e+07,-1.562702410000000180e-09,1.150949999999999989e+02,6.307000000000000000e+07,6.970000000000000000e+07
6.396527289513970166e+07,-1.563348290000000017e-09,1.151000000000000085e+02,6.307000000000000000e+07,6.970000000000000000e+07
6.391639163283556700e+07,-1.564543890000000017e-09,1.151050000000000040e+02,6.307000000000000000e+07,6.970000000000000000e+07
6.390443863168250024e+07,-1.564836530000000203e-09,1.151099999999999994e+02,6.307000000000000000e+07,6.970000000000000000e+07
6.390270838209908456e+07,-1.564878900000000143e-09,1.151150000000000091e+02,6.307000000000000000e+07,6.970000000000000000e+07
6.386358615379463881e+07,-1.565837530000000208e-09,1.151200000000000045e+02,6.307000000000000000e+07,6.970000000000000000e+07
6.383616962861067802e+07,-1.566510030000000135e-09,1.151250000000000000e+02,6.307000000000000000e+07,6.970000000000000000e+07
6.384145867518439889e+07,-1.566380250000000000e-09,1.151299999999999955e+02,6.307000000000000000e+07,6.970000000000000000e+07
6.381227836679595709e+07,-1.567096529999999945e-09,1.151350000000000051e+02,6.307000000000000000e+07,6.970000000000000000e+07
6.377494566565953940e+07,-1.568013880000000168e-09,1.151400000000000006e+02,6.307000000000000000e+07,6.970000000000000000e+07
6.377966401740398258e+07,-1.567897880000000207e-09,1.151449999999999960e+02,6.307000000000000000e+07,6.970000000000000000e+07
6.376666257964870334e+07,-1.568217560000000079e-09,1.151500000000000057e+02,6.307000000000000000e+07,6.970000000000000000e+07
6.373038884491315484e+07,-1.569110150000000019e-09,1.151550000000000011e+02,6.307000000000000000e+07,6.970000000000000000e+07
6.373679660389952362e+07,-1.568952399999999984e-09,1.151599999999999966e+02,6.307000000000000000e+07,6.970000000000000000e+07
6.374678268394124508e+07,-1.568706620000000095e-09,1.151650000000000063e+02,6.307000000000000000e+07,6.970000000000000000e+07
6.370678407300329208e+07,-1.569691540000000020e-09,1.151700000000000017e+02,6.307000000000000000e+07,6.970000000000000000e+07
6.366995086672662944e+07,-1.570599610000000056e-09,1.151749999999999972e+02,6.307000000000000000e+07,6.970000000000000000e+07
6.365773284283098578e+07,-1.570901059999999990e-09,1.151800000000000068e+02,6.307000000000000000e+07,6.970000000000000000e+07
6.362569563166016340e+07,-1.571692050000000010e-09,1.151850000000000023e+02,6.307000000000000000e+07,6.970000000000000000e+07
6.358643585595879704e+07,-1.572662449999999980e-09,1.151899999999999977e+02,6.307000000000000000e+07,6.970000000000000000e+07
6.359624423476196826e+07,-1.572419900000000211e-09,1.151950000000000074e+02,6.307000000000000000e+07,6.970000000000000000e+07
6.359035116130798310e+07,-1.572565620000000009e-09,1.152000000000000028e+02,6.307000000000000000e+07,6.970000000000000000e+07
6.355662168539983779e+07,-1.573400179999999939e-09,1.152049999999999983e+02,6.307000000000000000e+07,6.970000000000000000e+07
6.356739347674968094e+07,-1.573133560000000065e-09,1.152100000000000080e+02,6.307000000000000000e+07,6.970000000000000000e+07
6.358772486535091698e+07,-1.572630570000000240e-09,1.152150000000000034e+02,6.307000000000000000e+07,6.970000000000000000e+07
6.355300376122564822e+07,-1.573489750000000036e-09,1.152199999999999989e+02,6.307000000000000000e+07,6.970000000000000000e+07
6.353467367648109794e+07,-1.573943710000000030e-09,1.152250000000000085e+02,6.307000000000000000e+07,6.970000000000000000e+07
6.354638818978683650e+07,-1.573653559999999976e-09,1.152300000000000040e+02,6.307000000000000000e+07,6.970000000000000000e+07
6.353799601706989110e+07,-1.573861410000000058e-09,1.152349999999999994e+02,6.307000000000000000e+07,6.970000000000000000e+07
6.352899299653205276e+07,-1.574084449999999978e-09,1.152400000000000091e+02,6.307000000000000000e+07,6.970000000000000000e+07
6.356957559095103294e+07,-1.573079560000000222e-09,1.152450000000000045e+02,6.307000000000000000e+07,6.970000000000000000e+07
6.359526791172803938e+07,-1.572444040000000006e-09,1.152500000000000000e+02,6.307000000000000000e+07,6.970000000000000000e+07
6.359150162409197539e+07,-1.572537170000000039e-09,1.152549999999999955e+02,6.307000000000000000e+07,6.970000000000000000e+07
6.362940888412767649e+07,-1.571600330000000262e-09,1.152600000000000051e+02,6.307000000000000000e+07,6.970000000000000000e+07
6.368127653551032394e+07,-1.570320280000000018e-09,1.152650000000000006e+02,6.307000000000000000e+07,6.970000000000000000e+07
6.369307032961437851e+07,-1.570029510000000098e-09,1.152699999999999960e+02,6.307000000000000000e+07,6.970000000000000000e+07
6.374100631929612160e+07,-1.568848779999999958e-09,1.152750000000000057e+02,6.307000000000000000e+07,6.970000000000000000e+07
6.381874088891746104e+07,-1.566937840000000065e-09,1.152800000000000011e+02,6.307000000000000000e+07,6.970000000000000000e+07
6.385494567505376786e+07,-1.566049410000000044e-09,1.152849999999999966e+02,6.307000000000000000e+07,6.970000000000000000e+07
6.387263245229467750e+07,-1.565615760000000155e-09,1.152900000000000063e+02,6.307000000000000000e+07,6.970000000000000000e+07
6.392412033043170720e+07,-1.564354730000000061e-09,1.152950000000000017e+02,6.307000000000000000e+07,6.970000000000000000e+07
6.395043012867452204e+07,-1.563711140000000292e-09,1.152999999999999972e+02,6.307000000000000000e+07,6.970000000000000000e+07
6.395383208675802499e+07,-1.563627960000000122e-09,1.153050000000000068e+02,6.307000000000000000e+07,6.970000000000000000e+07
6.400256133130242676e+07,-1.562437470000000138e-09,1.153100000000000023e+02,6.307000000000000000e+07,6.970000000000000000e+07
6.406089741655596346e+07,-1.561014660000000255e-09,1.153149999999999977e+02,6.307000000000000000e+07,6.970000000000000000e+07
6.407457131885195524e+07,-1.560681530000000231e-09,1.153200000000000074e+02,6.307000000000000000e+07,6.970000000000000000e+07
6.410235905719763041e+07,-1.560004990000000091e-09,1.153250000000000028e+02,6.307000000000000000e+07,6.970000000000000000e+07
6.415799866976089031e+07,-1.558652110000000083e-09,1.153299999999999983e+02,6.307000000000000000e+07,6.970000000000000000e+07
6.417052315468195826e+07,-1.558347900000000055e-09,1.153350000000000080e+02,6.307000000000000000e+07,6.970000000000000000e+07
6.416532066538796574e+07,-1.558474250000000007e-09,1.153400000000000034e+02,6.307000000000000000e+07,6.970000000000000000e+07
6.419660966662533581e+07,-1.557714660000000070e-09,1.153449999999999989e+02,6.307000000000000000e+07,6.970000000000000000e+07
6.420519033731403202e+07,-1.557506480000000172e-09,1.153500000000000085e+02,6.307000000000000000e+07,6.970000000000000000e+07
6.417813591459506750e+07,-1.558163050000000273e-09,1.153550000000000040e+02,6.307000000000000000e+07,6.970000000000000000e+07
6.419731069119864702e+07,-1.557697649999999983e-09,1.153599999999999994e+02,6.307000000000000000e+07,6.970000000000000000e+07
6.422023492134411633e+07,-1.557141609999999998e-09,1.153650000000000091e+02,6.307000000000000000e+07,6.970000000000000000e+07
6.420274837584381551e+07,-1.557565719999999989e-09,1.153700000000000045e+02,6.307000000000000000e+07,6.970000000000000000e+07
6.420242974737403542e+07,-1.557573450000000096e-09,1.153750000000000000e+02,6.307000000000000000e+07,6.970000000000000000e+07
6.422399850959219038e+07,-1.557050360000000275e-09,1.153799999999999955e+02,6.307000000000000000e+07,6.970000000000000000e+07
6.419765440901690722e+07,-1.557689310000000054e-09,1.153850000000000051e+02,6.307000000000000000e+07,6.970000000000000000e+07
6.415887050310235471e+07,-1.558630930000000238e-09,1.153900000000000006e+02,6.307000000000000000e+07,6.970000000000000000e+07
6.417030737975090742e+07,-1.558353140000000029e-09,1.153949999999999960e+02,6.307000000000000000e+07,6.970000000000000000e+07
6.417066975069194287e+07,-1.558344340000000119e-09,1.154000000000000057e+02,6.307000000000000000e+07,6.970000000000000000e+07
6.415564302707006782e+07,-1.558709340000000252e-09,1.154050000000000011e+02,6.307000000000000000e+07,6.970000000000000000e+07
6.418397777545046806e+07,-1.558021230000000064e-09,1.154099999999999966e+02,6.307000000000000000e+07,6.970000000000000000e+07
6.421488293058540672e+07,-1.557271389999999926e-09,1.154150000000000063e+02,6.307000000000000000e+07,6.970000000000000000e+07
6.419361945978732407e+07,-1.557787220000000080e-09,1.154200000000000017e+02,6.307000000000000000e+07,6.970000000000000000e+07
6.419416258856130391e+07,-1.557774040000000097e-09,1.154249999999999972e+02,6.307000000000000000e+07,6.970000000000000000e+07
6.421981342692831904e+07,-1.557151830000000030e-09,1.154300000000000068e+02,6.307000000000000000e+07,6.970000000000000000e+07
6.421063512915946543e+07,-1.557374410000000175e-09,1.154350000000000023e+02,6.307000000000000000e+07,6.970000000000000000e+07
6.420111569597671926e+07,-1.557605330000000043e-09,1.154399999999999977e+02,6.307000000000000000e+07,6.970000000000000000e+07
6.424403028088402748e+07,-1.556564859999999987e-09,1.154450000000000074e+02,6.307000000000000000e+07,6.970000000000000000e+07
6.427688507504419982e+07,-1.555769229999999977e-09,1.154500000000000028e+02,6.307000000000000000e+07,6.970000000000000000e+07
6.428526240623762459e+07,-1.555566489999999911e-09,1.154549999999999983e+02,6.307000000000000000e+07,6.970000000000000000e+07
6.432882631638249010e+07,-1.554513049999999981e-09,1.154600000000000080e+02,6.307000000000000000e+07,6.970000000000000000e+07
6.437079721455716342e+07,-1.553499480000000022e-09,1.154650000000000034e+02,6.307000000000000000e+07,6.970000000000000000e+07
6.435972369263631850e+07,-1.553766769999999985e-09,1.154699999999999989e+02,6.307000000000000000e+07,6.970000000000000000e+07
6.435538133037902415e+07,-1.553871610000000070e-09,1.154750000000000085e+02,6.307000000000000000e+07,6.970000000000000000e+07
6.438303973551241308e+07,-1.553204080000000156e-09,1.154800000000000040e+02,6.307000000000000000e+07,6.970000000000000000e+07
6.438491879854522645e+07,-1.553158750000000057e-09,1.154849999999999994e+02,6.307000000000000000e+07,6.970000000000000000e+07
6.438293693531657755e+07,-1.553206560000000036e-09,1.154900000000000091e+02,6.307000000000000000e+07,6.970000000000000000e+07
6.441140274032130092e+07,-1.552520139999999932e-09,1.154950000000000045e+02,6.307000000000000000e+07,6.970000000000000000e+07
6.440539662607949972e+07,-1.552664920000000092e-09,1.155000000000000000e+02,6.307000000000000000e+07,6.970000000000000000e+07
6.437082249052423984e+07,-1.553498870000000200e-09,1.155049999999999955e+02,6.307000000000000000e+07,6.970000000000000000e+07
6.437400161958550662e+07,-1.553422150000000063e-09,1.155100000000000051e+02,6.307000000000000000e+07,6.970000000000000000e+07
6.437827645190717280e+07,-1.553319000000000062e-09,1.155150000000000006e+02,6.307000000000000000e+07,6.970000000000000000e+07
6.434095848970358074e+07,-1.554219929999999931e-09,1.155199999999999960e+02,6.307000000000000000e+07,6.970000000000000000e+07
6.432345083272367716e+07,-1.554642960000000075e-09,1.155250000000000057e+02,6.307000000000000000e+07,6.970000000000000000e+07
6.432487251131892949e+07,-1.554608600000000041e-09,1.155300000000000011e+02,6.307000000000000000e+07,6.970000000000000000e+07
6.428449003351908922e+07,-1.555585180000000037e-09,1.155349999999999966e+02,6.307000000000000000e+07,6.970000000000000000e+07
6.424271493876259029e+07,-1.556596730000000096e-09,1.155400000000000063e+02,6.307000000000000000e+07,6.970000000000000000e+07
6.426718490867680311e+07,-1.556004050000000260e-09,1.155450000000000017e+02,6.307000000000000000e+07,6.970000000000000000e+07
6.428102470947162062e+07,-1.555669040000000134e-09,1.155499999999999972e+02,6.307000000000000000e+07,6.970000000000000000e+07
6.426150050642239302e+07,-1.556141690000000047e-09,1.155550000000000068e+02,6.307000000000000000e+07,6.970000000000000000e+07
6.427797705379063636e+07,-1.555742800000000113e-09,1.155600000000000023e+02,6.307000000000000000e+07,6.970000000000000000e+07
6.428982015507848561e+07,-1.555456210000000201e-09,1.155649999999999977e+02,6.307000000000000000e+07,6.970000000000000000e+07
6.426826540575071424e+07,-1.555977890000000152e-09,1.155700000000000074e+02,6.307000000000000000e+07,6.970000000000000000e+07
6.427705735980470479e+07,-1.555765060000000013e-09,1.155750000000000028e+02,6.307000000000000000e+07,6.970000000000000000e+07
6.431081364787366986e+07,-1.554948450000000014e-09,1.155799999999999983e+02,6.307000000000000000e+07,6.970000000000000000e+07
6.429527352328094840e+07,-1.555324280000000001e-09,1.155850000000000080e+02,6.307000000000000000e+07,6.970000000000000000e+07
6.427499867930946499e+07,-1.555814890000000098e-09,1.155900000000000034e+02,6.307000000000000000e+07,6.970000000000000000e+07
6.430370320075348765e+07,-1.555120389999999982e-09,1.155949999999999989e+02,6.307000000000000000e+07,6.970000000000000000e+07
6.430123968224719167e+07,-1.555179970000000073e-09,1.156000000000000085e+02,6.307000000000000000e+07,6.970000000000000000e+07
6.425950104515186697e+07,-1.556190110000000055e-09,1.156050000000000040e+02,6.307000000000000000e+07,6.970000000000000000e+07
6.424699175186198205e+07,-1.556493110000000070e-09,1.156099999999999994e+02,6.307000000000000000e+07,6.970000000000000000e+07
6.423162973944240063e+07,-1.556865370000000077e-09,1.156150000000000091e+02,6.307000000000000000e+07,6.970000000000000000e+07
6.416875376073013246e+07,-1.558390869999999980e-09,1.156200000000000045e+02,6.307000000000000000e+07,6.970000000000000000e+07
6.414344814959236979e+07,-1.559005680000000170e-09,1.156250000000000000e+02,6.307000000000000000e+07,6.970000000000000000e+07
6.415501205867230147e+07,-1.558724670000000093e-09,1.156299999999999955e+02,6.307000000000000000e+07,6.970000000000000000e+07
6.412795589556226879e+07,-1.559382309999999998e-09,1.156350000000000051e+02,6.307000000000000000e+07,6.970000000000000000e+07
6.410719502551758289e+07,-1.559887310000000091e-09,1.156400000000000006e+02,6.307000000000000000e+07,6.970000000000000000e+07
6.412498606163271517e+07,-1.559454530000000148e-09,1.156449999999999960e+02,6.307000000000000000e+07,6.970000000000000000e+07
6.410200238822266459e+07,-1.560013670000000087e-09,1.156500000000000057e+02,6.307000000000000000e+07,6.970000000000000000e+07
6.405290667606791854e+07,-1.561209400000000252e-09,1.156550000000000011e+02,6.307000000000000000e+07,6.970000000000000000e+07
6.404121426138411462e+07,-1.561494440000000084e-09,1.156599999999999966e+02,6.307000000000000000e+07,6.970000000000000000e+07
6.401330288613129407e+07,-1.562175290000000191e-09,1.156650000000000063e+02,6.307000000000000000e+07,6.970000000000000000e+07
6.395587556233203411e+07,-1.563578000000000078e-09,1.156700000000000017e+02,6.307000000000000000e+07,6.970000000000000000e+07
6.393606148337186873e+07,-1.564062560000000107e-09,1.156749999999999972e+02,6.307000000000000000e+07,6.970000000000000000e+07
6.394554663262240589e+07,-1.563830559999999978e-09,1.156800000000000068e+02,6.307000000000000000e+07,6.970000000000000000e+07
6.392203475444864482e+07,-1.564405770000000159e-09,1.156850000000000023e+02,6.307000000000000000e+07,6.970000000000000000e+07
6.389250357178262621e+07,-1.565128840000000159e-09,1.156899999999999977e+02,6.307000000000000000e+07,6.970000000000000000e+07
6.390304364381698519e+07,-1.564870690000000173e-09,1.156950000000000074e+02,6.307000000000000000e+07,6.970000000000000000e+07
6.388671464652637392e+07,-1.565270659999999955e-09,1.157000000000000028e+02,6.307000000000000000e+07,6.970000000000000000e+07
6.383971838512707502e+07,-1.566422950000000170e-09,1.157049999999999983e+02,6.307000000000000000e+07,6.970000000000000000e+07
6.383083745503412932e+07,-1.566640890000000118e-09,1.157100000000000080e+02,6.307000000000000000e+07,6.970000000000000000e+07
6.381627081210524589e+07,-1.566998490000000167e-09,1.157150000000000034e+02,6.307000000000000000e+07,6.970000000000000000e+07
6.376122207869783044e+07,-1.568351370000000175e-09,1.157199999999999989e+02,6.307000000000000000e+07,6.970000000000000000e+07
6.373332224033614993e+07,-1.569037930000000076e-09,1.157250000000000085e+02,6.307000000000000000e+07,6.970000000000000000e+07
6.372028771570536494e+07,-1.569358890000000067e-09,1.157300000000000040e+02,6.307000000000000000e+07,6.970000000000000000e+07
6.366966750298897177e+07,-1.570606600000000175e-09,1.157349999999999994e+02,6.307000000000000000e+07,6.970000000000000000e+07
6.362122589106250554e+07,-1.571802470000000137e-09,1.157400000000000091e+02,6.307000000000000000e+07,6.970000000000000000e+07
6.361807696714711934e+07,-1.571880270000000122e-09,1.157450000000000045e+02,6.307000000000000000e+07,6.970000000000000000e+07
6.359239614272689819e+07,-1.572515050000000143e-09,1.157500000000000000e+02,6.307000000000000000e+07,6.970000000000000000e+07
6.355102916316055506e+07,-1.573538640000000070e-09,1.157549999999999955e+02,6.307000000000000000e+07,6.970000000000000000e+07
6.354806931337893754e+07,-1.573611930000000023e-09,1.157600000000000051e+02,6.307000000000000000e+07,6.970000000000000000e+07
6.354488967008999735e+07,-1.573690670000000060e-09,1.157650000000000006e+02,6.307000000000000000e+07,6.970000000000000000e+07
6.349550192467247695e+07,-1.574914710000000192e-09,1.157699999999999960e+02,6.307000000000000000e+07,6.970000000000000000e+07
6.347242532516764849e+07,-1.575487300000000075e-09,1.157750000000000057e+02,6.307000000000000000e+07,6.970000000000000000e+07
6.347347926334761828e+07,-1.575461140000000173e-09,1.157800000000000011e+02,6.307000000000000000e+07,6.970000000000000000e+07
6.343612531537587196e+07,-1.576388839999999974e-09,1.157849999999999966e+02,6.307000000000000000e+07,6.970000000000000000e+07
6.340230233668106794e+07,-1.577229790000000245e-09,1.157900000000000063e+02,6.307000000000000000e+07,6.970000000000000000e+07
6.340244584572021663e+07,-1.577226220000000058e-09,1.157950000000000017e+02,6.307000000000000000e+07,6.970000000000000000e+07
6.337931832450231165e+07,-1.577801760000000055e-09,1.157999999999999972e+02,6.307000000000000000e+07,6.970000000000000000e+07
6.334426583571489900e+07,-1.578674860000000028e-09,1.158050000000000068e+02,6.307000000000000000e+07,6.970000000000000000e+07
6.334196435162385553e+07,-1.578732220000000156e-09,1.158100000000000023e+02,6.307000000000000000e+07,6.970000000000000000e+07
6.331633874258956313e+07,-1.579371169999999935e-09,1.158149999999999977e+02,6.307000000000000000e+07,6.970000000000000000e+07
6.326223480550247431e+07,-1.580721900000000085e-09,1.158200000000000074e+02,6.307000000000000000e+07,6.970000000000000000e+07
6.325492659572555125e+07,-1.580904530000000110e-09,1.158250000000000028e+02,6.307000000000000000e+07,6.970000000000000000e+07
6.328641639154637605e+07,-1.580117910000000118e-09,1.158299999999999983e+02,6.307000000000000000e+07,6.970000000000000000e+07
6.328121330184013397e+07,-1.580247830000000050e-09,1.158350000000000080e+02,6.307000000000000000e+07,6.970000000000000000e+07
6.327386827773914486e+07,-1.580431270000000168e-09,1.158400000000000034e+02,6.307000000000000000e+07,6.970000000000000000e+07
6.329903118743899465e+07,-1.579803010000000033e-09,1.158449999999999989e+02,6.307000000000000000e+07,6.970000000000000000e+07
6.330131873358470201e+07,-1.579745920000000074e-09,1.158500000000000085e+02,6.307000000000000000e+07,6.970000000000000000e+07
6.329132350638489425e+07,-1.579995400000000109e-09,1.158550000000000040e+02,6.307000000000000000e+07,6.970000000000000000e+07
6.332022085535816103e+07,-1.579274340000000170e-09,1.158599999999999994e+02,6.307000000000000000e+07,6.970000000000000000e+07
6.334097696350108087e+07,-1.578756830000000184e-09,1.158650000000000091e+02,6.307000000000000000e+07,6.970000000000000000e+07
6.331993498283748329e+07,-1.579281470000000086e-09,1.158700000000000045e+02,6.307000000000000000e+07,6.970000000000000000e+07
6.332717240160284191e+07,-1.579100980000000081e-09,1.158750000000000000e+02,6.307000000000000000e+07,6.970000000000000000e+07
6.335660706615605205e+07,-1.578367349999999982e-09,1.158799999999999955e+02,6.307000000000000000e+07,6.970000000000000000e+07
6.334296260382243991e+07,-1.578707340000000166e-09,1.158850000000000051e+02,6.307000000000000000e+07,6.970000000000000000e+07
6.332907094910342246e+07,-1.579053639999999921e-09,1.158900000000000006e+02,6.307000000000000000e+07,6.970000000000000000e+07
6.334577416888174415e+07,-1.578637270000000081e-09,1.158949999999999960e+02,6.307000000000000000e+07,6.970000000000000000e+07
6.332735848149707913e+07,-1.579096340000000091e-09,1.159000000000000057e+02,6.307000000000000000e+07,6.970000000000000000e+07
6.328147439709699154e+07,-1.580241309999999957e-09,1.159050000000000011e+02,6.307000000000000000e+07,6.970000000000000000e+07
6.327436352475916594e+07,-1.580418900000000071e-09,1.159099999999999966e+02,6.307000000000000000e+07,6.970000000000000000e+07
6.326548588680816442e+07,-1.580640670000000124e-09,1.159150000000000063e+02,6.307000000000000000e+07,6.970000000000000000e+07
6.322483879341565818e+07,-1.581656860000000173e-09,1.159200000000000017e+02,6.307000000000000000e+07,6.970000000000000000e+07
6.321486810157716274e+07,-1.581906330000000164e-09,1.159249999999999972e+02,6.307000000000000000e+07,6.970000000000000000e+07
6.322030728824628145e+07,-1.581770230000000206e-09,1.159300000000000068e+02,6.307000000000000000e+07,6.970000000000000000e+07
6.318954924221608043e+07,-1.582540169999999927e-09,1.159350000000000023e+02,6.307000000000000000e+07,6.970000000000000000e+07
6.317452187200183421e+07,-1.582916610000000149e-09,1.159399999999999977e+02,6.307000000000000000e+07,6.970000000000000000e+07
6.319163002089254558e+07,-1.582488060000000025e-09,1.159450000000000074e+02,6.307000000000000000e+07,6.970000000000000000e+07
6.317413833728776127e+07,-1.582926220000000152e-09,1.159500000000000028e+02,6.307000000000000000e+07,6.970000000000000000e+07
6.314381393220390379e+07,-1.583686410000000280e-09,1.159549999999999983e+02,6.307000000000000000e+07,6.970000000000000000e+07
6.316198617084734887e+07,-1.583230770000000040e-09,1.159600000000000080e+02,6.307000000000000000e+07,6.970000000000000000e+07
6.316202367157268524e+07,-1.583229830000000195e-09,1.159650000000000034e+02,6.307000000000000000e+07,6.970000000000000000e+07
6.311561312254890054e+07,-1.584394020000000067e-09,1.159699999999999989e+02,6.307000000000000000e+07,6.970000000000000000e+07
6.309564417579945177e+07,-1.584895460000000225e-09,1.159750000000000085e+02,6.307000000000000000e+07,6.970000000000000000e+07
6.308975793109706044e+07,-1.585043330000000088e-09,1.159800000000000040e+02,6.307000000000000000e+07,6.970000000000000000e+07
6.304703230431582034e+07,-1.586117480000000043e-09,1.159849999999999994e+02,6.307000000000000000e+07,6.970000000000000000e+07
6.301380670313149691e+07,-1.586953800000000162e-09,1.159900000000000091e+02,6.307000000000000000e+07,6.970000000000000000e+07
6.301100070624620467e+07,-1.587024470000000025e-09,1.159950000000000045e+02,6.307000000000000000e+07,6.970000000000000000e+07
6.297277321142257005e+07,-1.587987870000000245e-09,1.160000000000000000e+02,6.307000000000000000e+07,6.970000000000000000e+07
6.291883139168231934e+07,-1.589349290000000039e-09,1.160049999999999955e+02,6.307000000000000000e+07,6.970000000000000000e+07
6.292186871381036937e+07,-1.589272570000000109e-09,1.160100000000000051e+02,6.307000000000000000e+07,6.970000000000000000e+07
6.293476753445068002e+07,-1.588946840000000170e-09,1.160150000000000006e+02,6.307000000000000000e+07,6.970000000000000000e+07
6.291474817579316348e+07,-1.589452440000000247e-09,1.160199999999999960e+02,6.307000000000000000e+07,6.970000000000000000e+07
6.292525556290250272e+07,-1.589187029999999973e-09,1.160250000000000057e+02,6.307000000000000000e+07,6.970000000000000000e+07
6.296215124091757834e+07,-1.588255770000000030e-09,1.160300000000000011e+02,6.307000000000000000e+07,6.970000000000000000e+07
6.296906126000536978e+07,-1.588081480000000141e-09,1.160349999999999966e+02,6.307000000000000000e+07,6.970000000000000000e+07
6.299917554238951206e+07,-1.587322360000000023e-09,1.160400000000000063e+02,6.307000000000000000e+07,6.970000000000000000e+07
6.307648238580083102e+07,-1.585376930000000137e-09,1.160450000000000017e+02,6.307000000000000000e+07,6.970000000000000000e+07
6.311423363873153925e+07,-1.584428650000000063e-09,1.160499999999999972e+02,6.307000000000000000e+07,6.970000000000000000e+07
6.313144027101923525e+07,-1.583996809999999965e-09,1.160550000000000068e+02,6.307000000000000000e+07,6.970000000000000000e+07
6.318088579563976079e+07,-1.582757170000000237e-09,1.160600000000000023e+02,6.307000000000000000e+07,6.970000000000000000e+07
6.321280976742085814e+07,-1.581957840000000081e-09,1.160649999999999977e+02,6.307000000000000000e+07,6.970000000000000000e+07
6.320276737109100074e+07,-1.582209200000000219e-09,1.160700000000000074e+02,6.307000000000000000e+07,6.970000000000000000e+07
6.321571449102989584e+07,-1.581885150000000112e-09,1.160750000000000028e+02,6.307000000000000000e+07,6.970000000000000000e+07
6.324163504948554188e+07,-1.581236789999999981e-09,1.160799999999999983e+02,6.307000000000000000e+07,6.970000000000000000e+07
6.322080169717000425e+07,-1.581757860000000109e-09,1.160850000000000080e+02,6.307000000000000000e+07,6.970000000000000000e+07
6.320422582948262244e+07,-1.582172690000000120e-09,1.160900000000000034e+02,6.307000000000000000e+07,6.970000000000000000e+07
6.322415325013780594e+07,-1.581674010000000057e-09,1.160949999999999989e+02,6.307000000000000000e+07,6.970000000000000000e+07
6.322318831820091605e+07,-1.581698150000000059e-09,1.161000000000000085e+02,6.307000000000000000e+07,6.970000000000000000e+07
6.321325570846673846e+07,-1.581946679999999998e-09,1.161050000000000040e+02,6.307000000000000000e+07,6.970000000000000000e+07
6.324156785788294673e+07,-1.581238470000000020e-09,1.161099999999999994e+02,6.307000000000000000e+07,6.970000000000000000e+07
6.326037267836883664e+07,-1.580768430000000153e-09,1.161150000000000091e+02,6.307000000000000000e+07,6.970000000000000000e+07
6.325037157379537076e+07,-1.581018380000000007e-09,1.161200000000000045e+02,6.307000000000000000e+07,6.970000000000000000e+07
6.327341067157954723e+07,-1.580442700000000213e-09,1.161250000000000000e+02,6.307000000000000000e+07,6.970000000000000000e+07
6.330943286175508052e+07,-1.579543450000000176e-09,1.161299999999999955e+02,6.307000000000000000e+07,6.970000000000000000e+07
6.331034912308423966e+07,-1.579520590000000085e-09,1.161350000000000051e+02,6.307000000000000000e+07,6.970000000000000000e+07
6.332361263109768927e+07,-1.579189750000000130e-09,1.161400000000000006e+02,6.307000000000000000e+07,6.970000000000000000e+07
6.336509432648334652e+07,-1.578155940000000171e-09,1.161449999999999960e+02,6.307000000000000000e+07,6.970000000000000000e+07
6.337674116188529134e+07,-1.577865920000000076e-09,1.161500000000000057e+02,6.307000000000000000e+07,6.970000000000000000e+07
6.336770266566000134e+07,-1.578090980000000102e-09,1.161550000000000011e+02,6.307000000000000000e+07,6.970000000000000000e+07
6.340173755251439661e+07,-1.577243839999999967e-09,1.161599999999999966e+02,6.307000000000000000e+07,6.970000000000000000e+07
6.343435031600931287e+07,-1.576432950000000221e-09,1.161650000000000063e+02,6.307000000000000000e+07,6.970000000000000000e+07
6.343546536295451969e+07,-1.576405240000000032e-09,1.161700000000000017e+02,6.307000000000000000e+07,6.970000000000000000e+07
6.346240056163716316e+07,-1.575736170000000288e-09,1.161749999999999972e+02,6.307000000000000000e+07,6.970000000000000000e+07
6.350013546801400185e+07,-1.574799790000000078e-09,1.161800000000000068e+02,6.307000000000000000e+07,6.970000000000000000e+07
6.349611998704323173e+07,-1.574899380000000144e-09,1.161850000000000023e+02,6.307000000000000000e+07,6.970000000000000000e+07
6.349404329680400342e+07,-1.574950890000000061e-09,1.161899999999999977e+02,6.307000000000000000e+07,6.970000000000000000e+07
6.351345401685631275e+07,-1.574469560000000152e-09,1.161950000000000074e+02,6.307000000000000000e+07,6.970000000000000000e+07
6.349790933133526891e+07,-1.574854999999999935e-09,1.162000000000000028e+02,6.307000000000000000e+07,6.970000000000000000e+07
6.346985186479312181e+07,-1.575551180000000090e-09,1.162049999999999983e+02,6.307000000000000000e+07,6.970000000000000000e+07
6.348355629245010018e+07,-1.575211060000000154e-09,1.162100000000000080e+02,6.307000000000000000e+07,6.970000000000000000e+07
6.348872499288640916e+07,-1.575082820000000055e-09,1.162150000000000034e+02,6.307000000000000000e+07,6.970000000000000000e+07
6.345204358315289766e+07,-1.575993369999999972e-09,1.162199999999999989e+02,6.307000000000000000e+07,6.970000000000000000e+07
6.344938481728934497e+07,-1.576059410000000096e-09,1.162250000000000085e+02,6.307000000000000000e+07,6.970000000000000000e+07
6.346262529560970515e+07,-1.575730590000000040e-09,1.162300000000000040e+02,6.307000000000000000e+07,6.970000000000000000e+07
6.343774909823398292e+07,-1.576348490000000139e-09,1.162349999999999994e+02,6.307000000000000000e+07,6.970000000000000000e+07
6.343128222784871608e+07,-1.576509200000000125e-09,1.162400000000000091e+02,6.307000000000000000e+07,6.970000000000000000e+07
6.347628872751058638e+07,-1.575391409999999949e-09,1.162450000000000045e+02,6.307000000000000000e+07,6.970000000000000000e+07
6.349741017557935417e+07,-1.574867380000000076e-09,1.162500000000000000e+02,6.307000000000000000e+07,6.970000000000000000e+07
6.351337253099226952e+07,-1.574471580000000051e-09,1.162549999999999955e+02,6.307000000000000000e+07,6.970000000000000000e+07
6.356901307606970519e+07,-1.573093480000000192e-09,1.162600000000000051e+02,6.307000000000000000e+07,6.970000000000000000e+07
6.359464225568517298e+07,-1.572459510000000057e-09,1.162650000000000006e+02,6.307000000000000000e+07,6.970000000000000000e+07
6.358494878896837682e+07,-1.572699230000000042e-09,1.162699999999999960e+02,6.307000000000000000e+07,6.970000000000000000e+07
6.361428369680414349e+07,-1.571974000000000139e-09,1.162750000000000057e+02,6.307000000000000000e+07,6.970000000000000000e+07
6.365823411714804173e+07,-1.570888690000000100e-09,1.162800000000000011e+02,6.307000000000000000e+07,6.970000000000000000e+07
6.366297858118929714e+07,-1.570771619999999922e-09,1.162849999999999966e+02,6.307000000000000000e+07,6.970000000000000000e+07
6.370045011120251566e+07,-1.569847620000000060e-09,1.162900000000000063e+02,6.307000000000000000e+07,6.970000000000000000e+07
6.378496282641068846e+07,-1.567767630000000253e-09,1.162950000000000017e+02,6.307000000000000000e+07,6.970000000000000000e+07
6.382485723911231756e+07,-1.566787680000000133e-09,1.162999999999999972e+02,6.307000000000000000e+07,6.970000000000000000e+07
6.384524077080971748e+07,-1.566287460000000241e-09,1.163050000000000068e+02,6.307000000000000000e+07,6.970000000000000000e+07
6.390399636166431010e+07,-1.564847360000000057e-09,1.163100000000000023e+02,6.307000000000000000e+07,6.970000000000000000e+07
6.394508457523959875e+07,-1.563841860000000065e-09,1.163149999999999977e+02,6.307000000000000000e+07,6.970000000000000000e+07
6.393277422758372873e+07,-1.564142979999999976e-09,1.163200000000000074e+02,6.307000000000000000e+07,6.970000000000000000e+07
6.394441358167322725e+07,-1.563858270000000167e-09,1.163250000000000028e+02,6.307000000000000000e+07,6.970000000000000000e+07
6.396843705201303959e+07,-1.563270960000000265e-09,1.163299999999999983e+02,6.307000000000000000e+07,6.970000000000000000e+07
6.395102395245952159e+07,-1.563696620000000130e-09,1.163350000000000080e+02,6.307000000000000000e+07,6.970000000000000000e+07
6.393848360845220834e+07,-1.564003310000000038e-09,1.163400000000000034e+02,6.307000000000000000e+07,6.970000000000000000e+07
6.395796334717503190e+07,-1.563526959999999979e-09,1.163449999999999989e+02,6.307000000000000000e+07,6.970000000000000000e+07
6.394020966340025514e+07,-1.563961090000000146e-09,1.163500000000000085e+02,6.307000000000000000e+07,6.970000000000000000e+07
6.391163424061969668e+07,-1.564660350000000166e-09,1.163550000000000040e+02,6.307000000000000000e+07,6.970000000000000000e+07
6.392260925494164973e+07,-1.564391710000000186e-09,1.163599999999999994e+02,6.307000000000000000e+07,6.970000000000000000e+07
6.392826696106741577e+07,-1.564253260000000099e-09,1.163650000000000091e+02,6.307000000000000000e+07,6.970000000000000000e+07
6.391855936924859136e+07,-1.564490830000000018e-09,1.163700000000000045e+02,6.307000000000000000e+07,6.970000000000000000e+07
6.394704488939309865e+07,-1.563793920000000127e-09,1.163750000000000000e+02,6.307000000000000000e+07,6.970000000000000000e+07
6.397510191393672675e+07,-1.563108100000000007e-09,1.163799999999999955e+02,6.307000000000000000e+07,6.970000000000000000e+07
6.395471228680792451e+07,-1.563606440000000210e-09,1.163850000000000051e+02,6.307000000000000000e+07,6.970000000000000000e+07
6.394672879389786720e+07,-1.563801650000000234e-09,1.163900000000000006e+02,6.307000000000000000e+07,6.970000000000000000e+07
6.397160152194325626e+07,-1.563193630000000099e-09,1.163949999999999960e+02,6.307000000000000000e+07,6.970000000000000000e+07
6.396101386880095303e+07,-1.563452390000000114e-09,1.164000000000000057e+02,6.307000000000000000e+07,6.970000000000000000e+07
6.393733159426347911e+07,-1.564031490000000253e-09,1.164050000000000011e+02,6.307000000000000000e+07,6.970000000000000000e+07
6.394826023002700508e+07,-1.563764200000000083e-09,1.164099999999999966e+02,6.307000000000000000e+07,6.970000000000000000e+07
6.394048767243701965e+07,-1.563954290000000253e-09,1.164150000000000063e+02,6.307000000000000000e+07,6.970000000000000000e+07
6.389966341938587278e+07,-1.564953470000000215e-09,1.164200000000000017e+02,6.307000000000000000e+07,6.970000000000000000e+07
6.390102804293420911e+07,-1.564920050000000026e-09,1.164249999999999972e+02,6.307000000000000000e+07,6.970000000000000000e+07
6.391287846354513615e+07,-1.564629890000000134e-09,1.164300000000000068e+02,6.307000000000000000e+07,6.970000000000000000e+07
6.388440377784765512e+07,-1.565327280000000096e-09,1.164350000000000023e+02,6.307000000000000000e+07,6.970000000000000000e+07
6.388764238774620742e+07,-1.565247930000000030e-09,1.164399999999999977e+02,6.307000000000000000e+07,6.970000000000000000e+07
6.393582806970439851e+07,-1.564068270000000108e-09,1.164450000000000074e+02,6.307000000000000000e+07,6.970000000000000000e+07
6.394407257023026794e+07,-1.563866610000000096e-09,1.164500000000000028e+02,6.307000000000000000e+07,6.970000000000000000e+07
6.393416479117925465e+07,-1.564108960000000009e-09,1.164549999999999983e+02,6.307000000000000000e+07,6.970000000000000000e+07
6.396112146257901192e+07,-1.563449759999999979e-09,1.164600000000000080e+02,6.307000000000000000e+07,6.970000000000000000e+07
6.397725971807857603e+07,-1.563055380000000076e-09,1.164650000000000034e+02,6.307000000000000000e+07,6.970000000000000000e+07
6.397246829676406085e+07,-1.563172450000000047e-09,1.164699999999999989e+02,6.307000000000000000e+07,6.970000000000000000e+07
6.402044597935882211e+07,-1.562000990000000050e-09,1.164750000000000085e+02,6.307000000000000000e+07,6.970000000000000000e+07
6.408658805562246591e+07,-1.560388890000000045e-09,1.164800000000000040e+02,6.307000000000000000e+07,6.970000000000000000e+07
6.411299314944974333e+07,-1.559746240000000121e-09,1.164849999999999994e+02,6.307000000000000000e+07,6.970000000000000000e+07
6.414987586966944486e+07,-1.558849469999999964e-09,1.164900000000000091e+02,6.307000000000000000e+07,6.970000000000000000e+07
6.421353785636241734e+07,-1.557304010000000067e-09,1.164950000000000045e+02,6.307000000000000000e+07,6.970000000000000000e+07
6.422295827155673504e+07,-1.557075580000000125e-09,1.165000000000000000e+02,6.307000000000000000e+07,6.970000000000000000e+07
6.420134033395021409e+07,-1.557599879999999960e-09,1.165049999999999955e+02,6.307000000000000000e+07,6.970000000000000000e+07
6.422077025197333843e+07,-1.557128630000000079e-09,1.165100000000000051e+02,6.307000000000000000e+07,6.970000000000000000e+07
6.422972083373979479e+07,-1.556911640000000226e-09,1.165150000000000006e+02,6.307000000000000000e+07,6.970000000000000000e+07
6.420793755988674611e+07,-1.557439840000000063e-09,1.165199999999999960e+02,6.307000000000000000e+07,6.970000000000000000e+07
6.422602051196693629e+07,-1.557001340000000076e-09,1.165250000000000057e+02,6.307000000000000000e+07,6.970000000000000000e+07
6.424930374635763466e+07,-1.556437099999999958e-09,1.165300000000000011e+02,6.307000000000000000e+07,6.970000000000000000e+07
6.422527431144516915e+07,-1.557019430000000011e-09,1.165349999999999966e+02,6.307000000000000000e+07,6.970000000000000000e+07
6.421104289700911194e+07,-1.557364519999999959e-09,1.165400000000000063e+02,6.307000000000000000e+07,6.970000000000000000e+07
6.421224891413394362e+07,-1.557335270000000147e-09,1.165450000000000017e+02,6.307000000000000000e+07,6.970000000000000000e+07
6.417132614665817469e+07,-1.558328400000000043e-09,1.165499999999999972e+02,6.307000000000000000e+07,6.970000000000000000e+07
6.412419779827001691e+07,-1.559473700000000138e-09,1.165550000000000068e+02,6.307000000000000000e+07,6.970000000000000000e+07
6.413265711859667301e+07,-1.559268000000000121e-09,1.165600000000000023e+02,6.307000000000000000e+07,6.970000000000000000e+07
6.412782841157914698e+07,-1.559385410000000159e-09,1.165649999999999977e+02,6.307000000000000000e+07,6.970000000000000000e+07
6.408769288208564371e+07,-1.560361990000000155e-09,1.165700000000000074e+02,6.307000000000000000e+07,6.970000000000000000e+07
6.408489228271654993e+07,-1.560430180000000138e-09,1.165750000000000028e+02,6.307000000000000000e+07,6.970000000000000000e+07
6.409405972472922504e+07,-1.560206989999999963e-09,1.165799999999999983e+02,6.307000000000000000e+07,6.970000000000000000e+07
6.405072448446997255e+07,-1.561262590000000002e-09,1.165850000000000080e+02,6.307000000000000000e+07,6.970000000000000000e+07
6.401162205251844972e+07,-1.562216310000000115e-09,1.165900000000000034e+02,6.307000000000000000e+07,6.970000000000000000e+07
6.400065495710257441e+07,-1.562484010000000043e-09,1.165949999999999989e+02,6.307000000000000000e+07,6.970000000000000000e+07
6.395237154803245515e+07,-1.563663669999999966e-09,1.166000000000000085e+02,6.307000000000000000e+07,6.970000000000000000e+07
6.389465009200254083e+07,-1.565076260000000232e-09,1.166050000000000040e+02,6.307000000000000000e+07,6.970000000000000000e+07
6.388137402600707859e+07,-1.565401520000000145e-09,1.166099999999999994e+02,6.307000000000000000e+07,6.970000000000000000e+07
6.385657139738752693e+07,-1.566009540000000073e-09,1.166150000000000091e+02,6.307000000000000000e+07,6.970000000000000000e+07
6.380097444249081612e+07,-1.567374180000000150e-09,1.166200000000000045e+02,6.307000000000000000e+07,6.970000000000000000e+07
6.377873412147095799e+07,-1.567920740000000091e-09,1.166250000000000000e+02,6.307000000000000000e+07,6.970000000000000000e+07
6.375560162294474244e+07,-1.568489630000000036e-09,1.166299999999999955e+02,6.307000000000000000e+07,6.970000000000000000e+07
6.367785201462046057e+07,-1.570404730000000055e-09,1.166350000000000051e+02,6.307000000000000000e+07,6.970000000000000000e+07
6.361824573832504451e+07,-1.571876100000000157e-09,1.166400000000000006e+02,6.307000000000000000e+07,6.970000000000000000e+07
6.358947570521792769e+07,-1.572587270000000293e-09,1.166449999999999960e+02,6.307000000000000000e+07,6.970000000000000000e+07
6.352435524097559601e+07,-1.574199370000000298e-09,1.166500000000000057e+02,6.307000000000000000e+07,6.970000000000000000e+07
6.347387772233510762e+07,-1.575451250000000164e-09,1.166550000000000011e+02,6.307000000000000000e+07,6.970000000000000000e+07
6.348056444124756753e+07,-1.575285299999999997e-09,1.166599999999999966e+02,6.307000000000000000e+07,6.970000000000000000e+07
6.348032064036915451e+07,-1.575291350000000271e-09,1.166650000000000063e+02,6.307000000000000000e+07,6.970000000000000000e+07
6.346262529560970515e+07,-1.575730590000000040e-09,1.166700000000000017e+02,6.307000000000000000e+07,6.970000000000000000e+07
6.349154910973546654e+07,-1.575012760000000014e-09,1.166749999999999972e+02,6.307000000000000000e+07,6.970000000000000000e+07
6.352298204319638759e+07,-1.574233400000000103e-09,1.166800000000000068e+02,6.307000000000000000e+07,6.970000000000000000e+07
6.350569967782478034e+07,-1.574661810000000224e-09,1.166850000000000023e+02,6.307000000000000000e+07,6.970000000000000000e+07
6.350289849772272259e+07,-1.574731270000000074e-09,1.166899999999999977e+02,6.307000000000000000e+07,6.970000000000000000e+07
6.352692747320635617e+07,-1.574135630000000080e-09,1.166950000000000074e+02,6.307000000000000000e+07,6.970000000000000000e+07
6.350921702915822715e+07,-1.574574600000000094e-09,1.167000000000000028e+02,6.307000000000000000e+07,6.970000000000000000e+07
6.348594385016169399e+07,-1.575151820000000130e-09,1.167049999999999983e+02,6.307000000000000000e+07,6.970000000000000000e+07
6.350148267706858367e+07,-1.574766380000000140e-09,1.167100000000000080e+02,6.307000000000000000e+07,6.970000000000000000e+07
6.349857622857394814e+07,-1.574838460000000080e-09,1.167150000000000034e+02,6.307000000000000000e+07,6.970000000000000000e+07
6.347165866353580356e+07,-1.575506330000000062e-09,1.167199999999999989e+02,6.307000000000000000e+07,6.970000000000000000e+07
6.348191686491964012e+07,-1.575251740000000011e-09,1.167250000000000085e+02,6.307000000000000000e+07,6.970000000000000000e+07
6.347962954557789862e+07,-1.575308500000000154e-09,1.167300000000000040e+02,6.307000000000000000e+07,6.970000000000000000e+07
6.342962095682707429e+07,-1.576550490000000218e-09,1.167349999999999994e+02,6.307000000000000000e+07,6.970000000000000000e+07
6.340406750281076878e+07,-1.577185880000000061e-09,1.167400000000000091e+02,6.307000000000000000e+07,6.970000000000000000e+07
6.341626957459687442e+07,-1.576882410000000228e-09,1.167450000000000045e+02,6.307000000000000000e+07,6.970000000000000000e+07
6.339741577932262421e+07,-1.577351359999999996e-09,1.167500000000000000e+02,6.307000000000000000e+07,6.970000000000000000e+07
6.337941794472107291e+07,-1.577799280000000174e-09,1.167549999999999955e+02,6.307000000000000000e+07,6.970000000000000000e+07
6.341185373761704564e+07,-1.576992220000000119e-09,1.167600000000000051e+02,6.307000000000000000e+07,6.970000000000000000e+07
6.342244698742806166e+07,-1.576728820000000113e-09,1.167650000000000006e+02,6.307000000000000000e+07,6.970000000000000000e+07
6.340281889186404645e+07,-1.577216940000000078e-09,1.167699999999999960e+02,6.307000000000000000e+07,6.970000000000000000e+07
6.341898227551062405e+07,-1.576814960000000234e-09,1.167750000000000057e+02,6.307000000000000000e+07,6.970000000000000000e+07
6.344032559046908468e+07,-1.576284470000000122e-09,1.167800000000000011e+02,6.307000000000000000e+07,6.970000000000000000e+07
6.342128935988638550e+07,-1.576757600000000106e-09,1.167849999999999966e+02,6.307000000000000000e+07,6.970000000000000000e+07
6.342787850618212670e+07,-1.576593800000000003e-09,1.167900000000000063e+02,6.307000000000000000e+07,6.970000000000000000e+07
6.347699344927583635e+07,-1.575373920000000205e-09,1.167950000000000017e+02,6.307000000000000000e+07,6.970000000000000000e+07
6.348643718291936815e+07,-1.575139580000000198e-09,1.167999999999999972e+02,6.307000000000000000e+07,6.970000000000000000e+07
6.347753539861261100e+07,-1.575360470000000053e-09,1.168050000000000068e+02,6.307000000000000000e+07,6.970000000000000000e+07
6.349602483771463484e+07,-1.574901740000000110e-09,1.168100000000000023e+02,6.307000000000000000e+07,6.970000000000000000e+07
6.348661089913883805e+07,-1.575135270000000231e-09,1.168149999999999977e+02,6.307000000000000000e+07,6.970000000000000000e+07
6.344882442747762054e+07,-1.576073330000000066e-09,1.168200000000000074e+02,6.307000000000000000e+07,6.970000000000000000e+07
6.345006961741638929e+07,-1.576042400000000009e-09,1.168250000000000028e+02,6.307000000000000000e+07,6.970000000000000000e+07
6.345918075771429390e+07,-1.575816120000000131e-09,1.168299999999999983e+02,6.307000000000000000e+07,6.970000000000000000e+07
6.343229134461563826e+07,-1.576484120000000071e-09,1.168350000000000080e+02,6.307000000000000000e+07,6.970000000000000000e+07
6.342957227473098785e+07,-1.576551700000000025e-09,1.168400000000000034e+02,6.307000000000000000e+07,6.970000000000000000e+07
6.344042017047050595e+07,-1.576282119999999993e-09,1.168449999999999989e+02,6.307000000000000000e+07,6.970000000000000000e+07
6.340675463533811271e+07,-1.577119040000000096e-09,1.168500000000000085e+02,6.307000000000000000e+07,6.970000000000000000e+07
6.337236094833391905e+07,-1.577974980000000141e-09,1.168550000000000040e+02,6.307000000000000000e+07,6.970000000000000000e+07
6.338847103420078009e+07,-1.577573940000000142e-09,1.168599999999999994e+02,6.307000000000000000e+07,6.970000000000000000e+07
6.338192221068233997e+07,-1.577736940000000196e-09,1.168650000000000091e+02,6.307000000000000000e+07,6.970000000000000000e+07
6.334769269269033521e+07,-1.578589460000000309e-09,1.168700000000000045e+02,6.307000000000000000e+07,6.970000000000000000e+07
6.334705303808031976e+07,-1.578605400000000179e-09,1.168750000000000000e+02,6.307000000000000000e+07,6.970000000000000000e+07
6.335226696077661216e+07,-1.578475480000000040e-09,1.168799999999999955e+02,6.307000000000000000e+07,6.970000000000000000e+07
6.332836429433842748e+07,-1.579071260000000244e-09,1.168850000000000051e+02,6.307000000000000000e+07,6.970000000000000000e+07
6.332528720123311132e+07,-1.579147990000000219e-09,1.168900000000000006e+02,6.307000000000000000e+07,6.970000000000000000e+07
6.334788411003783345e+07,-1.578584690000000153e-09,1.168949999999999960e+02,6.307000000000000000e+07,6.970000000000000000e+07
6.334426061947051436e+07,-1.578674989999999987e-09,1.169000000000000057e+02,6.307000000000000000e+07,6.970000000000000000e+07
6.333603206054742634e+07,-1.578880090000000019e-09,1.169050000000000011e+02,6.307000000000000000e+07,6.970000000000000000e+07
6.335983533741865307e+07,-1.578286930000000113e-09,1.169099999999999966e+02,6.307000000000000000e+07,6.970000000000000000e+07
6.336832908450799435e+07,-1.578075380000000092e-09,1.169150000000000063e+02,6.307000000000000000e+07,6.970000000000000000e+07
6.337231757495738566e+07,-1.577976059999999989e-09,1.169200000000000017e+02,6.307000000000000000e+07,6.970000000000000000e+07
6.342851456400199980e+07,-1.576577990000000092e-09,1.169249999999999972e+02,6.307000000000000000e+07,6.970000000000000000e+07
6.349354984583036602e+07,-1.574963129999999993e-09,1.169300000000000068e+02,6.307000000000000000e+07,6.970000000000000000e+07
6.352618411139621586e+07,-1.574154050000000038e-09,1.169350000000000023e+02,6.307000000000000000e+07,6.970000000000000000e+07
6.358764318880101293e+07,-1.572632590000000140e-09,1.169399999999999977e+02,6.307000000000000000e+07,6.970000000000000000e+07
6.366902984245741367e+07,-1.570622330000000144e-09,1.169450000000000074e+02,6.307000000000000000e+07,6.970000000000000000e+07
6.370678934912436455e+07,-1.569691410000000061e-09,1.169500000000000028e+02,6.307000000000000000e+07,6.970000000000000000e+07
6.374479602624631673e+07,-1.568755509999999922e-09,1.169549999999999983e+02,6.307000000000000000e+07,6.970000000000000000e+07
6.381991877358130366e+07,-1.566908920000000069e-09,1.169600000000000080e+02,6.307000000000000000e+07,6.970000000000000000e+07
6.385327314719622582e+07,-1.566090430000000175e-09,1.169650000000000034e+02,6.307000000000000000e+07,6.970000000000000000e+07
6.385114286011284590e+07,-1.566142680000000080e-09,1.169699999999999989e+02,6.307000000000000000e+07,6.970000000000000000e+07
6.388211225667566806e+07,-1.565383430000000210e-09,1.169750000000000085e+02,6.307000000000000000e+07,6.970000000000000000e+07
6.391169714501527697e+07,-1.564658810000000130e-09,1.169800000000000040e+02,6.307000000000000000e+07,6.970000000000000000e+07
6.391109016361220181e+07,-1.564673669999999945e-09,1.169849999999999994e+02,6.307000000000000000e+07,6.970000000000000000e+07
6.393580885709664971e+07,-1.564068740000000133e-09,1.169900000000000091e+02,6.307000000000000000e+07,6.970000000000000000e+07
6.398016635316705704e+07,-1.562984369999999939e-09,1.169950000000000045e+02,6.307000000000000000e+07,6.970000000000000000e+07
6.398022980188611150e+07,-1.562982820000000066e-09,1.170000000000000000e+02,6.307000000000000000e+07,6.970000000000000000e+07
6.397153809033623338e+07,-1.563195179999999972e-09,1.170049999999999955e+02,6.307000000000000000e+07,6.970000000000000000e+07
6.400287797901235521e+07,-1.562429740000000032e-09,1.170100000000000051e+02,6.307000000000000000e+07,6.970000000000000000e+07
6.400882850728423148e+07,-1.562284490000000052e-09,1.170150000000000006e+02,6.307000000000000000e+07,6.970000000000000000e+07
6.399299619694103301e+07,-1.562671010000000097e-09,1.170199999999999960e+02,6.307000000000000000e+07,6.970000000000000000e+07
6.401632590434967726e+07,-1.562101519999999960e-09,1.170250000000000057e+02,6.307000000000000000e+07,6.970000000000000000e+07
6.404425878412319720e+07,-1.561420210000000285e-09,1.170300000000000011e+02,6.307000000000000000e+07,6.970000000000000000e+07
6.401928568177305907e+07,-1.562029300000000224e-09,1.170349999999999966e+02,6.307000000000000000e+07,6.970000000000000000e+07
6.400102155870570987e+07,-1.562475060000000086e-09,1.170400000000000063e+02,6.307000000000000000e+07,6.970000000000000000e+07
6.399780461931034178e+07,-1.562553600000000058e-09,1.170450000000000017e+02,6.307000000000000000e+07,6.970000000000000000e+07
6.394872805851993710e+07,-1.563752760000000200e-09,1.170499999999999972e+02,6.307000000000000000e+07,6.970000000000000000e+07
6.388860852437848598e+07,-1.565224260000000054e-09,1.170550000000000068e+02,6.307000000000000000e+07,6.970000000000000000e+07
6.386476569444844872e+07,-1.565808610000000005e-09,1.170600000000000023e+02,6.307000000000000000e+07,6.970000000000000000e+07
6.381385264348916709e+07,-1.567057869999999987e-09,1.170649999999999977e+02,6.307000000000000000e+07,6.970000000000000000e+07
6.373947910580675304e+07,-1.568886370000000112e-09,1.170700000000000074e+02,6.307000000000000000e+07,6.970000000000000000e+07
6.370436039656371623e+07,-1.569751260000000115e-09,1.170750000000000028e+02,6.307000000000000000e+07,6.970000000000000000e+07
6.366190780324631184e+07,-1.570798039999999948e-09,1.170799999999999983e+02,6.307000000000000000e+07,6.970000000000000000e+07
6.358545457801029831e+07,-1.572686720000000148e-09,1.170850000000000080e+02,6.307000000000000000e+07,6.970000000000000000e+07
6.354195461762433499e+07,-1.573763360000000236e-09,1.170900000000000034e+02,6.307000000000000000e+07,6.970000000000000000e+07
6.352313134480946511e+07,-1.574229700000000164e-09,1.170949999999999989e+02,6.307000000000000000e+07,6.970000000000000000e+07
6.346109286703409255e+07,-1.575768639999999968e-09,1.171000000000000085e+02,6.307000000000000000e+07,6.970000000000000000e+07
6.339557502436482161e+07,-1.577397160000000120e-09,1.171050000000000040e+02,6.307000000000000000e+07,6.970000000000000000e+07
6.336787011102386564e+07,-1.578086810000000138e-09,1.171099999999999994e+02,6.307000000000000000e+07,6.970000000000000000e+07
6.331588052192040533e+07,-1.579382599999999980e-09,1.171150000000000091e+02,6.307000000000000000e+07,6.970000000000000000e+07
6.324737765936405957e+07,-1.581093220000000247e-09,1.171200000000000045e+02,6.307000000000000000e+07,6.970000000000000000e+07
6.321787772248896956e+07,-1.581831020000000104e-09,1.171250000000000000e+02,6.307000000000000000e+07,6.970000000000000000e+07
6.318687489817040414e+07,-1.582607150000000102e-09,1.171299999999999955e+02,6.307000000000000000e+07,6.970000000000000000e+07
6.312353785765694082e+07,-1.584195110000000105e-09,1.171350000000000051e+02,6.307000000000000000e+07,6.970000000000000000e+07
6.308224319068977237e+07,-1.585232149999999977e-09,1.171400000000000006e+02,6.307000000000000000e+07,6.970000000000000000e+07
6.306187022790333629e+07,-1.585744279999999985e-09,1.171449999999999960e+02,6.307000000000000000e+07,6.970000000000000000e+07
6.300155101628401130e+07,-1.587262509999999970e-09,1.171500000000000057e+02,6.307000000000000000e+07,6.970000000000000000e+07
6.294956612955788523e+07,-1.588573300000000044e-09,1.171550000000000011e+02,6.307000000000000000e+07,6.970000000000000000e+07
6.294689383327788115e+07,-1.588640739999999994e-09,1.171599999999999966e+02,6.307000000000000000e+07,6.970000000000000000e+07
6.293115352571567148e+07,-1.589038090000000099e-09,1.171650000000000063e+02,6.307000000000000000e+07,6.970000000000000000e+07
6.290575549038603157e+07,-1.589679660000000176e-09,1.171700000000000017e+02,6.307000000000000000e+07,6.970000000000000000e+07
6.293684503474141657e+07,-1.588894390000000200e-09,1.171749999999999972e+02,6.307000000000000000e+07,6.970000000000000000e+07
6.298674106425371021e+07,-1.587635720000000073e-09,1.171800000000000068e+02,6.307000000000000000e+07,6.970000000000000000e+07
6.302157760503534973e+07,-1.586758120000000113e-09,1.171850000000000023e+02,6.307000000000000000e+07,6.970000000000000000e+07
6.308409484562444687e+07,-1.585185620000000116e-09,1.171899999999999977e+02,6.307000000000000000e+07,6.970000000000000000e+07
6.316001186043966562e+07,-1.583280260000000058e-09,1.171950000000000074e+02,6.307000000000000000e+07,6.970000000000000000e+07
6.320033396067669988e+07,-1.582270120000000076e-09,1.172000000000000028e+02,6.307000000000000000e+07,6.970000000000000000e+07
6.324604601057507843e+07,-1.581126510000000065e-09,1.172049999999999983e+02,6.307000000000000000e+07,6.970000000000000000e+07
6.332902202017223835e+07,-1.579054860000000186e-09,1.172100000000000080e+02,6.307000000000000000e+07,6.970000000000000000e+07
6.338144938175864518e+07,-1.577748710000000101e-09,1.172150000000000034e+02,6.307000000000000000e+07,6.970000000000000000e+07
6.342101624961228669e+07,-1.576764389999999954e-09,1.172199999999999989e+02,6.307000000000000000e+07,6.970000000000000000e+07
6.349701706570594758e+07,-1.574877130000000082e-09,1.172250000000000085e+02,6.307000000000000000e+07,6.970000000000000000e+07
6.355543451493669301e+07,-1.573429570000000167e-09,1.172300000000000040e+02,6.307000000000000000e+07,6.970000000000000000e+07
6.356758097104971856e+07,-1.573128920000000075e-09,1.172349999999999994e+02,6.307000000000000000e+07,6.970000000000000000e+07
6.358763752805780619e+07,-1.572632730000000143e-09,1.172400000000000091e+02,6.307000000000000000e+07,6.970000000000000000e+07
6.361514081574025750e+07,-1.571952820000000087e-09,1.172450000000000045e+02,6.307000000000000000e+07,6.970000000000000000e+07
6.359847727183444053e+07,-1.572364689999999941e-09,1.172500000000000000e+02,6.307000000000000000e+07,6.970000000000000000e+07
6.358551684196579456e+07,-1.572685179999999905e-09,1.172549999999999955e+02,6.307000000000000000e+07,6.970000000000000000e+07
6.361738853571908176e+07,-1.571897280000000002e-09,1.172600000000000051e+02,6.307000000000000000e+07,6.970000000000000000e+07
6.362600329856289178e+07,-1.571684450000000069e-09,1.172650000000000006e+02,6.307000000000000000e+07,6.970000000000000000e+07
6.362575271174231172e+07,-1.571690639999999933e-09,1.172699999999999960e+02,6.307000000000000000e+07,6.970000000000000000e+07
6.366729894024571031e+07,-1.570665030000000107e-09,1.172750000000000057e+02,6.307000000000000000e+07,6.970000000000000000e+07
6.369645307511284202e+07,-1.569946130000000071e-09,1.172800000000000011e+02,6.307000000000000000e+07,6.970000000000000000e+07
6.368314486932826787e+07,-1.570274210000000139e-09,1.172849999999999966e+02,6.307000000000000000e+07,6.970000000000000000e+07
6.370001634096518904e+07,-1.569858310000000118e-09,1.172900000000000063e+02,6.307000000000000000e+07,6.970000000000000000e+07
6.374314307838802040e+07,-1.568796190000000192e-09,1.172950000000000017e+02,6.307000000000000000e+07,6.970000000000000000e+07
6.374573346618624032e+07,-1.568732440000000137e-09,1.172999999999999972e+02,6.307000000000000000e+07,6.970000000000000000e+07
6.375629873977769166e+07,-1.568472480000000152e-09,1.173050000000000068e+02,6.307000000000000000e+07,6.970000000000000000e+07
6.379857656316289306e+07,-1.567433090000000152e-09,1.173100000000000023e+02,6.307000000000000000e+07,6.970000000000000000e+07
6.381103765042654425e+07,-1.567127000000000021e-09,1.173149999999999977e+02,6.307000000000000000e+07,6.970000000000000000e+07
6.378584367347571999e+07,-1.567745980000000175e-09,1.173200000000000074e+02,6.307000000000000000e+07,6.970000000000000000e+07
6.377337859517081082e+07,-1.568052409999999960e-09,1.173250000000000028e+02,6.307000000000000000e+07,6.970000000000000000e+07
6.374419221087149531e+07,-1.568770370000000151e-09,1.173299999999999983e+02,6.307000000000000000e+07,6.970000000000000000e+07
6.367032706740274280e+07,-1.570590330000000076e-09,1.173350000000000080e+02,6.307000000000000000e+07,6.970000000000000000e+07
6.362260333971332014e+07,-1.571768440000000125e-09,1.173400000000000034e+02,6.307000000000000000e+07,6.970000000000000000e+07
6.359012026500572264e+07,-1.572571330000000009e-09,1.173449999999999989e+02,6.307000000000000000e+07,6.970000000000000000e+07
6.351488892843325436e+07,-1.574433990000000104e-09,1.173500000000000085e+02,6.307000000000000000e+07,6.970000000000000000e+07
6.344490761130347848e+07,-1.576170630000000063e-09,1.173550000000000040e+02,6.307000000000000000e+07,6.970000000000000000e+07
6.341361983775878698e+07,-1.576948300000000097e-09,1.173599999999999994e+02,6.307000000000000000e+07,6.970000000000000000e+07
6.337109430954696238e+07,-1.578006520000000021e-09,1.173650000000000091e+02,6.307000000000000000e+07,6.970000000000000000e+07
6.330847053534515947e+07,-1.579567460000000220e-09,1.173700000000000045e+02,6.307000000000000000e+07,6.970000000000000000e+07
6.327604910423893481e+07,-1.580376800000000092e-09,1.173750000000000000e+02,6.307000000000000000e+07,6.970000000000000000e+07
6.323276659237913042e+07,-1.581458560000000033e-09,1.173799999999999955e+02,6.307000000000000000e+07,6.970000000000000000e+07
6.316298673737080395e+07,-1.583205690000000193e-09,1.173850000000000051e+02,6.307000000000000000e+07,6.970000000000000000e+07
6.312990466487950832e+07,-1.584035340000000171e-09,1.173900000000000006e+02,6.307000000000000000e+07,6.970000000000000000e+07
6.312419133571110666e+07,-1.584178710000000047e-09,1.173949999999999960e+02,6.307000000000000000e+07,6.970000000000000000e+07
6.308333236290140450e+07,-1.585204780000000061e-09,1.174000000000000057e+02,6.307000000000000000e+07,6.970000000000000000e+07
6.305141616002751887e+07,-1.586007200000000127e-09,1.174050000000000011e+02,6.307000000000000000e+07,6.970000000000000000e+07
6.306035152475862205e+07,-1.585782470000000123e-09,1.174099999999999966e+02,6.307000000000000000e+07,6.970000000000000000e+07
6.305351210332341492e+07,-1.585954480000000196e-09,1.174150000000000063e+02,6.307000000000000000e+07,6.970000000000000000e+07
6.303437589144396037e+07,-1.586435950000000109e-09,1.174200000000000017e+02,6.307000000000000000e+07,6.970000000000000000e+07
6.305922576714985073e+07,-1.585810780000000090e-09,1.174249999999999972e+02,6.307000000000000000e+07,6.970000000000000000e+07
6.307316516803880036e+07,-1.585460310000000164e-09,1.174300000000000068e+02,6.307000000000000000e+07,6.970000000000000000e+07
6.304355761352143437e+07,-1.586204900000000076e-09,1.174350000000000023e+02,6.307000000000000000e+07,6.970000000000000000e+07
6.305777359522572160e+07,-1.585847300000000027e-09,1.174399999999999977e+02,6.307000000000000000e+07,6.970000000000000000e+07
6.309219636787437648e+07,-1.584982069999999957e-09,1.174450000000000074e+02,6.307000000000000000e+07,6.970000000000000000e+07
6.308176964928523451e+07,-1.585244050000000048e-09,1.174500000000000028e+02,6.307000000000000000e+07,6.970000000000000000e+07
6.307333106042277068e+07,-1.585456140000000199e-09,1.174549999999999983e+02,6.307000000000000000e+07,6.970000000000000000e+07
6.309888890680897236e+07,-1.584813960000000094e-09,1.174600000000000080e+02,6.307000000000000000e+07,6.970000000000000000e+07
6.308579418188992143e+07,-1.585142920000000153e-09,1.174650000000000034e+02,6.307000000000000000e+07,6.970000000000000000e+07
6.304330086250296235e+07,-1.586211360000000108e-09,1.174699999999999989e+02,6.307000000000000000e+07,6.970000000000000000e+07
6.303197926837860793e+07,-1.586496270000000188e-09,1.174750000000000085e+02,6.307000000000000000e+07,6.970000000000000000e+07
6.301261590075851232e+07,-1.586983789999999961e-09,1.174800000000000040e+02,6.307000000000000000e+07,6.970000000000000000e+07
6.296474514509388804e+07,-1.588190339999999936e-09,1.174849999999999994e+02,6.307000000000000000e+07,6.970000000000000000e+07
6.295134342730845511e+07,-1.588528450000000223e-09,1.174900000000000091e+02,6.307000000000000000e+07,6.970000000000000000e+07
6.294983519449872524e+07,-1.588566509999999989e-09,1.174950000000000045e+02,6.307000000000000000e+07,6.970000000000000000e+07
6.291052419841989130e+07,-1.589559160000000228e-09,1.175000000000000000e+02,6.307000000000000000e+07,6.970000000000000000e+07
6.288521715381696075e+07,-1.590198849999999994e-09,1.175049999999999955e+02,6.307000000000000000e+07,6.970000000000000000e+07
6.288875153426542878e+07,-1.590109479999999961e-09,1.175100000000000051e+02,6.307000000000000000e+07,6.970000000000000000e+07
6.286600509584292769e+07,-1.590684820000000308e-09,1.175150000000000006e+02,6.307000000000000000e+07,6.970000000000000000e+07
6.283061272067956626e+07,-1.591580850000000063e-09,1.175199999999999960e+02,6.307000000000000000e+07,6.970000000000000000e+07
6.283590109101346135e+07,-1.591446900000000170e-09,1.175250000000000057e+02,6.307000000000000000e+07,6.970000000000000000e+07
6.284031684163160622e+07,-1.591335069999999966e-09,1.175300000000000011e+02,6.307000000000000000e+07,6.970000000000000000e+07
6.285228943926795572e+07,-1.591031939999999993e-09,1.175349999999999966e+02,6.307000000000000000e+07,6.970000000000000000e+07
6.291180969670795649e+07,-1.589526680000000090e-09,1.175400000000000063e+02,6.307000000000000000e+07,6.970000000000000000e+07
6.300753832269698381e+07,-1.587111680000000155e-09,1.175450000000000017e+02,6.307000000000000000e+07,6.970000000000000000e+07
6.306357393482597172e+07,-1.585701440000000019e-09,1.175499999999999972e+02,6.307000000000000000e+07,6.970000000000000000e+07
6.311682654453375936e+07,-1.584363560000000035e-09,1.175550000000000068e+02,6.307000000000000000e+07,6.970000000000000000e+07
6.317307037130060792e+07,-1.582952980000000038e-09,1.175600000000000023e+02,6.307000000000000000e+07,6.970000000000000000e+07
6.318069498701304197e+07,-1.582761950000000231e-09,1.175649999999999977e+02,6.307000000000000000e+07,6.970000000000000000e+07
6.316667051562245190e+07,-1.583113360000000209e-09,1.175700000000000074e+02,6.307000000000000000e+07,6.970000000000000000e+07
6.320209588767915219e+07,-1.582226010000000243e-09,1.175750000000000028e+02,6.307000000000000000e+07,6.970000000000000000e+07
6.320795197500262409e+07,-1.582079420000000084e-09,1.175799999999999983e+02,6.307000000000000000e+07,6.970000000000000000e+07
6.316459098135465384e+07,-1.583165479999999948e-09,1.175850000000000080e+02,6.307000000000000000e+07,6.970000000000000000e+07
6.314282713016936928e+07,-1.583711160000000105e-09,1.175900000000000034e+02,6.307000000000000000e+07,6.970000000000000000e+07
6.313241316578496248e+07,-1.583972400000000001e-09,1.175949999999999989e+02,6.307000000000000000e+07,6.970000000000000000e+07
6.308350348215892911e+07,-1.585200479999999932e-09,1.176000000000000085e+02,6.307000000000000000e+07,6.970000000000000000e+07
6.304743854460385442e+07,-1.586107260000000011e-09,1.176050000000000040e+02,6.307000000000000000e+07,6.970000000000000000e+07
6.304882027776157856e+07,-1.586072500000000056e-09,1.176099999999999994e+02,6.307000000000000000e+07,6.970000000000000000e+07
6.301924907208094001e+07,-1.586816750000000108e-09,1.176150000000000091e+02,6.307000000000000000e+07,6.970000000000000000e+07
6.298484434111373872e+07,-1.587683530000000258e-09,1.176200000000000045e+02,6.307000000000000000e+07,6.970000000000000000e+07
6.298917154411768913e+07,-1.587574459999999942e-09,1.176250000000000000e+02,6.307000000000000000e+07,6.970000000000000000e+07
6.297375986073830724e+07,-1.587962990000000255e-09,1.176299999999999955e+02,6.307000000000000000e+07,6.970000000000000000e+07
6.292823252183286101e+07,-1.589111850000000285e-09,1.176350000000000051e+02,6.307000000000000000e+07,6.970000000000000000e+07
6.291735638507825881e+07,-1.589386549999999964e-09,1.176400000000000006e+02,6.307000000000000000e+07,6.970000000000000000e+07
6.291891096324776113e+07,-1.589347279999999978e-09,1.176449999999999960e+02,6.307000000000000000e+07,6.970000000000000000e+07
6.287595103019730002e+07,-1.590433200000000252e-09,1.176500000000000057e+02,6.307000000000000000e+07,6.970000000000000000e+07
6.284389633338732272e+07,-1.591244430000000066e-09,1.176550000000000011e+02,6.307000000000000000e+07,6.970000000000000000e+07
6.283990773769337684e+07,-1.591345430000000208e-09,1.176599999999999966e+02,6.307000000000000000e+07,6.970000000000000000e+07
6.281593904703094810e+07,-1.591952640000000044e-09,1.176650000000000063e+02,6.307000000000000000e+07,6.970000000000000000e+07
6.278215911097298563e+07,-1.592809190000000118e-09,1.176700000000000017e+02,6.307000000000000000e+07,6.970000000000000000e+07
6.279026802835902572e+07,-1.592603490000000100e-09,1.176749999999999972e+02,6.307000000000000000e+07,6.970000000000000000e+07
6.278865869303862005e+07,-1.592644310000000167e-09,1.176800000000000068e+02,6.307000000000000000e+07,6.970000000000000000e+07
6.274210649557797611e+07,-1.593825990000000196e-09,1.176850000000000023e+02,6.307000000000000000e+07,6.970000000000000000e+07
6.271459130098698288e+07,-1.594525260000000054e-09,1.176899999999999977e+02,6.307000000000000000e+07,6.970000000000000000e+07
6.269229843795994669e+07,-1.595092260000000058e-09,1.176950000000000074e+02,6.307000000000000000e+07,6.970000000000000000e+07
6.262253468779613823e+07,-1.596869250000000059e-09,1.177000000000000028e+02,6.307000000000000000e+07,6.970000000000000000e+07
6.255730757652133703e+07,-1.598534270000000059e-09,1.177049999999999983e+02,6.307000000000000000e+07,6.970000000000000000e+07
6.252396778149944544e+07,-1.599386660000000006e-09,1.177100000000000080e+02,6.307000000000000000e+07,6.970000000000000000e+07
6.246124084813995659e+07,-1.600992849999999947e-09,1.177150000000000034e+02,6.307000000000000000e+07,6.970000000000000000e+07
6.239927625825036317e+07,-1.602582690000000053e-09,1.177199999999999989e+02,6.307000000000000000e+07,6.970000000000000000e+07
6.238277263302200288e+07,-1.603006660000000041e-09,1.177250000000000085e+02,6.307000000000000000e+07,6.970000000000000000e+07
6.235520031271382421e+07,-1.603715480000000048e-09,1.177300000000000040e+02,6.307000000000000000e+07,6.970000000000000000e+07
6.230634642351042479e+07,-1.604972939999999956e-09,1.177349999999999994e+02,6.307000000000000000e+07,6.970000000000000000e+07
6.229729977151032537e+07,-1.605206010000000095e-09,1.177400000000000091e+02,6.307000000000000000e+07,6.970000000000000000e+07
6.230010272227837145e+07,-1.605133790000000152e-09,1.177450000000000045e+02,6.307000000000000000e+07,6.970000000000000000e+07
6.226865559892789274e+07,-1.605944419999999981e-09,1.177500000000000000e+02,6.307000000000000000e+07,6.970000000000000000e+07
6.225277361474458873e+07,-1.606354130000000138e-09,1.177549999999999955e+02,6.307000000000000000e+07,6.970000000000000000e+07
6.227335185463213176e+07,-1.605823310000000004e-09,1.177600000000000051e+02,6.307000000000000000e+07,6.970000000000000000e+07
6.229558792993579805e+07,-1.605250120000000135e-09,1.177650000000000006e+02,6.307000000000000000e+07,6.970000000000000000e+07
6.234186362871939689e+07,-1.604058559999999935e-09,1.177699999999999960e+02,6.307000000000000000e+07,6.970000000000000000e+07
6.246398014584890008e+07,-1.600922640000000065e-09,1.177750000000000057e+02,6.307000000000000000e+07,6.970000000000000000e+07
6.259422856926031411e+07,-1.597591380000000007e-09,1.177800000000000011e+02,6.307000000000000000e+07,6.970000000000000000e+07
6.268033092030564696e+07,-1.595396810000000153e-09,1.177849999999999966e+02,6.307000000000000000e+07,6.970000000000000000e+07
6.278098729531295598e+07,-1.592838919999999999e-09,1.177900000000000063e+02,6.307000000000000000e+07,6.970000000000000000e+07
6.288306318392091244e+07,-1.590253320000000070e-09,1.177950000000000017e+02,6.307000000000000000e+07,6.970000000000000000e+07
6.294554548757641762e+07,-1.588674770000000006e-09,1.177999999999999972e+02,6.307000000000000000e+07,6.970000000000000000e+07
6.302068040643121302e+07,-1.586780710000000035e-09,1.178050000000000068e+02,6.307000000000000000e+07,6.970000000000000000e+07
6.312634830778271705e+07,-1.584124580000000039e-09,1.178100000000000023e+02,6.307000000000000000e+07,6.970000000000000000e+07
6.319562026039957255e+07,-1.582388140000000143e-09,1.178149999999999977e+02,6.307000000000000000e+07,6.970000000000000000e+07
6.325016714331044257e+07,-1.581023490000000022e-09,1.178200000000000074e+02,6.307000000000000000e+07,6.970000000000000000e+07
6.333534971975057572e+07,-1.578897100000000106e-09,1.178250000000000028e+02,6.307000000000000000e+07,6.970000000000000000e+07
6.339983464562325925e+07,-1.577291180000000127e-09,1.178299999999999983e+02,6.307000000000000000e+07,6.970000000000000000e+07
6.345884490205209702e+07,-1.575824460000000060e-09,1.178350000000000080e+02,6.307000000000000000e+07,6.970000000000000000e+07
6.356358160187725723e+07,-1.573227900000000111e-09,1.178400000000000034e+02,6.307000000000000000e+07,6.970000000000000000e+07
6.366515388711258024e+07,-1.570717950000000101e-09,1.178449999999999989e+02,6.307000000000000000e+07,6.970000000000000000e+07
6.372832117054956406e+07,-1.569161060000000159e-09,1.178500000000000085e+02,6.307000000000000000e+07,6.970000000000000000e+07
6.381699654278441519e+07,-1.566980669999999987e-09,1.178550000000000040e+02,6.307000000000000000e+07,6.970000000000000000e+07
6.394399038456311822e+07,-1.563868620000000158e-09,1.178599999999999994e+02,6.307000000000000000e+07,6.970000000000000000e+07
6.403907674709360301e+07,-1.561546560000000030e-09,1.178650000000000091e+02,6.307000000000000000e+07,6.970000000000000000e+07
6.412998542658906430e+07,-1.559332960000000190e-09,1.178700000000000045e+02,6.307000000000000000e+07,6.970000000000000000e+07
6.425888165860090405e+07,-1.556205110000000081e-09,1.178750000000000000e+02,6.307000000000000000e+07,6.970000000000000000e+07
6.436051195800935477e+07,-1.553747739999999999e-09,1.178799999999999955e+02,6.307000000000000000e+07,6.970000000000000000e+07
6.440751386300887167e+07,-1.552613880000000200e-09,1.178850000000000051e+02,6.307000000000000000e+07,6.970000000000000000e+07
6.447074994310455769e+07,-1.551091000000000181e-09,1.178900000000000006e+02,6.307000000000000000e+07,6.970000000000000000e+07
6.451284720128914714e+07,-1.550078850000000137e-09,1.178949999999999960e+02,6.307000000000000000e+07,6.970000000000000000e+07
6.450079864888887107e+07,-1.550368400000000000e-09,1.179000000000000057e+02,6.307000000000000000e+07,6.970000000000000000e+07
6.449706120430564135e+07,-1.550458240000000059e-09,1.179050000000000011e+02,6.307000000000000000e+07,6.970000000000000000e+07
6.451177802498404682e+07,-1.550104540000000013e-09,1.179099999999999966e+02,6.307000000000000000e+07,6.970000000000000000e+07
6.449054999978782982e+07,-1.550614780000000081e-09,1.179150000000000063e+02,6.307000000000000000e+07,6.970000000000000000e+07
6.446363442322237045e+07,-1.551262209999999998e-09,1.179200000000000017e+02,6.307000000000000000e+07,6.970000000000000000e+07
6.449132192518823594e+07,-1.550596220000000120e-09,1.179249999999999972e+02,6.307000000000000000e+07,6.970000000000000000e+07
6.450191197857525200e+07,-1.550341640000000114e-09,1.179300000000000068e+02,6.307000000000000000e+07,6.970000000000000000e+07
6.447938451899884641e+07,-1.550883290000000102e-09,1.179350000000000023e+02,6.307000000000000000e+07,6.970000000000000000e+07
6.450463430642465502e+07,-1.550276210000000225e-09,1.179399999999999977e+02,6.307000000000000000e+07,6.970000000000000000e+07
6.453653798375708610e+07,-1.549509830000000233e-09,1.179450000000000074e+02,6.307000000000000000e+07,6.970000000000000000e+07
6.452638706260393560e+07,-1.549753590000000017e-09,1.179500000000000028e+02,6.307000000000000000e+07,6.970000000000000000e+07
6.452973564742042124e+07,-1.549673169999999941e-09,1.179549999999999983e+02,6.307000000000000000e+07,6.970000000000000000e+07
6.455871279223147035e+07,-1.548977600000000022e-09,1.179600000000000080e+02,6.307000000000000000e+07,6.970000000000000000e+07
6.454866447425406426e+07,-1.549218730000000083e-09,1.179650000000000034e+02,6.307000000000000000e+07,6.970000000000000000e+07
6.452969109172260016e+07,-1.549674240000000158e-09,1.179699999999999989e+02,6.307000000000000000e+07,6.970000000000000000e+07
6.454856072782168537e+07,-1.549221220000000008e-09,1.179750000000000085e+02,6.307000000000000000e+07,6.970000000000000000e+07
6.454408953184325248e+07,-1.549328540000000180e-09,1.179800000000000040e+02,6.307000000000000000e+07,6.970000000000000000e+07
6.450722828328196704e+07,-1.550213870000000247e-09,1.179849999999999994e+02,6.307000000000000000e+07,6.970000000000000000e+07
6.451454030967507511e+07,-1.550038170000000280e-09,1.179900000000000091e+02,6.307000000000000000e+07,6.970000000000000000e+07
6.451576358167468011e+07,-1.550008780000000052e-09,1.179950000000000045e+02,6.307000000000000000e+07,6.970000000000000000e+07
6.447640740552803129e+07,-1.550954900000000223e-09,1.180000000000000000e+02,6.307000000000000000e+07,6.970000000000000000e+07
6.446083203528018296e+07,-1.551329650000000155e-09,1.180049999999999955e+02,6.307000000000000000e+07,6.970000000000000000e+07
6.448563647900351882e+07,-1.550732929999999900e-09,1.180100000000000051e+02,6.307000000000000000e+07,6.970000000000000000e+07
6.446687342955069244e+07,-1.551184270000000217e-09,1.180150000000000006e+02,6.307000000000000000e+07,6.970000000000000000e+07
6.444569986099900305e+07,-1.551693910000000093e-09,1.180199999999999960e+02,6.307000000000000000e+07,6.970000000000000000e+07
6.446696278319659829e+07,-1.551182120000000152e-09,1.180250000000000057e+02,6.307000000000000000e+07,6.970000000000000000e+07
6.445790109127161652e+07,-1.551400190000000266e-09,1.180300000000000011e+02,6.307000000000000000e+07,6.970000000000000000e+07
6.441689625814747065e+07,-1.552387739999999913e-09,1.180349999999999966e+02,6.307000000000000000e+07,6.970000000000000000e+07
6.443619447799726576e+07,-1.551922810000000061e-09,1.180400000000000063e+02,6.307000000000000000e+07,6.970000000000000000e+07
6.446924616458594054e+07,-1.551127180000000051e-09,1.180450000000000017e+02,6.307000000000000000e+07,6.970000000000000000e+07
6.444758216807324439e+07,-1.551648590000000246e-09,1.180499999999999972e+02,6.307000000000000000e+07,6.970000000000000000e+07
6.444266148784817010e+07,-1.551767070000000088e-09,1.180550000000000068e+02,6.307000000000000000e+07,6.970000000000000000e+07
6.446394193614135683e+07,-1.551254810000000121e-09,1.180600000000000023e+02,6.307000000000000000e+07,6.970000000000000000e+07
6.444066485624915361e+07,-1.551815150000000029e-09,1.180649999999999977e+02,6.307000000000000000e+07,6.970000000000000000e+07
6.441495184402615577e+07,-1.552434600000000002e-09,1.180700000000000074e+02,6.307000000000000000e+07,6.970000000000000000e+07
6.442808452160626650e+07,-1.552118160000000088e-09,1.180750000000000028e+02,6.307000000000000000e+07,6.970000000000000000e+07
6.441976496049351990e+07,-1.552318610000000086e-09,1.180799999999999983e+02,6.307000000000000000e+07,6.970000000000000000e+07
6.437919904473629594e+07,-1.553296739999999956e-09,1.180850000000000080e+02,6.307000000000000000e+07,6.970000000000000000e+07
6.437992354317536205e+07,-1.553279260000000050e-09,1.180900000000000034e+02,6.307000000000000000e+07,6.970000000000000000e+07
6.438665536088507622e+07,-1.553116860000000187e-09,1.180949999999999989e+02,6.307000000000000000e+07,6.970000000000000000e+07
6.435361870726746321e+07,-1.553914170000000237e-09,1.181000000000000085e+02,6.307000000000000000e+07,6.970000000000000000e+07
6.435540659424109757e+07,-1.553871000000000041e-09,1.181050000000000040e+02,6.307000000000000000e+07,6.970000000000000000e+07
6.439246517235323042e+07,-1.552976730000000061e-09,1.181099999999999994e+02,6.307000000000000000e+07,6.970000000000000000e+07
6.439654464884515107e+07,-1.552878350000000216e-09,1.181150000000000091e+02,6.307000000000000000e+07,6.970000000000000000e+07
6.438487402806445211e+07,-1.553159830000000112e-09,1.181200000000000045e+02,6.307000000000000000e+07,6.970000000000000000e+07
6.441122973462489247e+07,-1.552524310000000103e-09,1.181250000000000000e+02,6.307000000000000000e+07,6.970000000000000000e+07
6.441108203745160997e+07,-1.552527870000000039e-09,1.181299999999999955e+02,6.307000000000000000e+07,6.970000000000000000e+07
6.438096887229084969e+07,-1.553254039999999993e-09,1.181350000000000051e+02,6.307000000000000000e+07,6.970000000000000000e+07
6.439308713679634780e+07,-1.552961730000000036e-09,1.181400000000000006e+02,6.307000000000000000e+07,6.970000000000000000e+07
6.440449319234845787e+07,-1.552686700000000128e-09,1.181449999999999960e+02,6.307000000000000000e+07,6.970000000000000000e+07
6.435991589008544385e+07,-1.553762129999999995e-09,1.181500000000000057e+02,6.307000000000000000e+07,6.970000000000000000e+07
6.433473455028530955e+07,-1.554370290000000134e-09,1.181550000000000011e+02,6.307000000000000000e+07,6.970000000000000000e+07
6.435058321287493408e+07,-1.553987470000000235e-09,1.181599999999999966e+02,6.307000000000000000e+07,6.970000000000000000e+07
6.433284765464439243e+07,-1.554415880000000149e-09,1.181650000000000063e+02,6.307000000000000000e+07,6.970000000000000000e+07
6.431438476560471207e+07,-1.554862110000000037e-09,1.181700000000000017e+02,6.307000000000000000e+07,6.970000000000000000e+07
6.435334289199276268e+07,-1.553920830000000126e-09,1.181749999999999972e+02,6.307000000000000000e+07,6.970000000000000000e+07
6.436930928235886246e+07,-1.553535390000000137e-09,1.181800000000000068e+02,6.307000000000000000e+07,6.970000000000000000e+07
6.433285303497472405e+07,-1.554415749999999984e-09,1.181850000000000023e+02,6.307000000000000000e+07,6.970000000000000000e+07
6.432784144036212564e+07,-1.554536850000000123e-09,1.181899999999999977e+02,6.307000000000000000e+07,6.970000000000000000e+07
6.432287489699978381e+07,-1.554656880000000045e-09,1.181950000000000074e+02,6.307000000000000000e+07,6.970000000000000000e+07
6.427808530342129618e+07,-1.555740180000000022e-09,1.182000000000000028e+02,6.307000000000000000e+07,6.970000000000000000e+07
6.425257945996028185e+07,-1.556357750000000100e-09,1.182049999999999983e+02,6.307000000000000000e+07,6.970000000000000000e+07
6.425081131748228520e+07,-1.556400580000000228e-09,1.182100000000000080e+02,6.307000000000000000e+07,6.970000000000000000e+07
6.421418152218946815e+07,-1.557288400000000013e-09,1.182150000000000034e+02,6.307000000000000000e+07,6.970000000000000000e+07
6.417696989412134886e+07,-1.558191360000000033e-09,1.182199999999999989e+02,6.307000000000000000e+07,6.970000000000000000e+07
6.417916069664090872e+07,-1.558138170000000283e-09,1.182250000000000085e+02,6.307000000000000000e+07,6.970000000000000000e+07
6.415507009242936224e+07,-1.558723260000000223e-09,1.182300000000000040e+02,6.307000000000000000e+07,6.970000000000000000e+07
6.411263677317097783e+07,-1.559754910000000279e-09,1.182349999999999994e+02,6.307000000000000000e+07,6.970000000000000000e+07
6.410805438209323585e+07,-1.559866400000000002e-09,1.182400000000000091e+02,6.307000000000000000e+07,6.970000000000000000e+07
6.409782209637939185e+07,-1.560115410000000218e-09,1.182450000000000045e+02,6.307000000000000000e+07,6.970000000000000000e+07
6.403969723491251469e+07,-1.561531430000000253e-09,1.182500000000000000e+02,6.307000000000000000e+07,6.970000000000000000e+07
6.400762438339215517e+07,-1.562313880000000074e-09,1.182549999999999955e+02,6.307000000000000000e+07,6.970000000000000000e+07
6.400791649911260605e+07,-1.562306750000000158e-09,1.182600000000000051e+02,6.307000000000000000e+07,6.970000000000000000e+07
6.397453219934806973e+07,-1.563122020000000184e-09,1.182650000000000006e+02,6.307000000000000000e+07,6.970000000000000000e+07
6.394038587178859860e+07,-1.563956780000000178e-09,1.182699999999999960e+02,6.307000000000000000e+07,6.970000000000000000e+07
6.394771593818356097e+07,-1.563777510000000024e-09,1.182750000000000057e+02,6.307000000000000000e+07,6.970000000000000000e+07
6.393471457507093251e+07,-1.564095510000000064e-09,1.182800000000000011e+02,6.307000000000000000e+07,6.970000000000000000e+07
6.389821106989988685e+07,-1.564989040000000056e-09,1.182849999999999966e+02,6.307000000000000000e+07,6.970000000000000000e+07
6.390414174245378375e+07,-1.564843800000000121e-09,1.182900000000000063e+02,6.307000000000000000e+07,6.970000000000000000e+07
6.391177965616344661e+07,-1.564656790000000024e-09,1.182950000000000017e+02,6.307000000000000000e+07,6.970000000000000000e+07
6.387368625959417224e+07,-1.565589930000000069e-09,1.182999999999999972e+02,6.307000000000000000e+07,6.970000000000000000e+07
6.385780287497279793e+07,-1.565979339999999959e-09,1.183050000000000068e+02,6.307000000000000000e+07,6.970000000000000000e+07
6.386686099564195424e+07,-1.565757240000000091e-09,1.183100000000000023e+02,6.307000000000000000e+07,6.970000000000000000e+07
6.383789586924574524e+07,-1.566467670000000032e-09,1.183149999999999977e+02,6.307000000000000000e+07,6.970000000000000000e+07
6.381662390123248845e+07,-1.566989820000000215e-09,1.183200000000000074e+02,6.307000000000000000e+07,6.970000000000000000e+07
6.384112405935370177e+07,-1.566388460000000177e-09,1.183250000000000028e+02,6.307000000000000000e+07,6.970000000000000000e+07
6.382693077518738806e+07,-1.566736780000000245e-09,1.183299999999999983e+02,6.307000000000000000e+07,6.970000000000000000e+07
6.377029104499375075e+07,-1.568128330000000049e-09,1.183350000000000080e+02,6.307000000000000000e+07,6.970000000000000000e+07
6.374952901847960800e+07,-1.568639040000000142e-09,1.183400000000000034e+02,6.307000000000000000e+07,6.970000000000000000e+07
6.372354787734950334e+07,-1.569278600000000157e-09,1.183449999999999989e+02,6.307000000000000000e+07,6.970000000000000000e+07
6.366932941564913094e+07,-1.570614940000000104e-09,1.183500000000000085e+02,6.307000000000000000e+07,6.970000000000000000e+07
6.365086411331055313e+07,-1.571070580000000137e-09,1.183550000000000040e+02,6.307000000000000000e+07,6.970000000000000000e+07
6.365090219679886103e+07,-1.571069640000000086e-09,1.183599999999999994e+02,6.307000000000000000e+07,6.970000000000000000e+07
6.360041113340969384e+07,-1.572316880000000168e-09,1.183650000000000091e+02,6.307000000000000000e+07,6.970000000000000000e+07
6.357041251190315932e+07,-1.573058850000000196e-09,1.183700000000000045e+02,6.307000000000000000e+07,6.970000000000000000e+07
6.361839548808160424e+07,-1.571872400000000012e-09,1.183750000000000000e+02,6.307000000000000000e+07,6.970000000000000000e+07
6.367041463199102879e+07,-1.570588169999999966e-09,1.183799999999999955e+02,6.307000000000000000e+07,6.970000000000000000e+07
6.372260053232713789e+07,-1.569301930000000066e-09,1.183850000000000051e+02,6.307000000000000000e+07,6.970000000000000000e+07
6.383043490924272686e+07,-1.566650770000000083e-09,1.183900000000000006e+02,6.307000000000000000e+07,6.970000000000000000e+07
6.393840102833920717e+07,-1.564005330000000145e-09,1.183949999999999960e+02,6.307000000000000000e+07,6.970000000000000000e+07
6.401135776564924419e+07,-1.562222760000000103e-09,1.184000000000000057e+02,6.307000000000000000e+07,6.970000000000000000e+07
6.412522085848254710e+07,-1.559448820000000148e-09,1.184050000000000011e+02,6.307000000000000000e+07,6.970000000000000000e+07
6.427066815503823757e+07,-1.555919719999999931e-09,1.184099999999999966e+02,6.307000000000000000e+07,6.970000000000000000e+07
6.437193133773093671e+07,-1.553472110000000107e-09,1.184150000000000063e+02,6.307000000000000000e+07,6.970000000000000000e+07
6.447182316348563135e+07,-1.551065179999999933e-09,1.184200000000000017e+02,6.307000000000000000e+07,6.970000000000000000e+07
6.460450090383958071e+07,-1.547879770000000045e-09,1.184249999999999972e+02,6.307000000000000000e+07,6.970000000000000000e+07
6.470923558552922308e+07,-1.545374460000000026e-09,1.184300000000000068e+02,6.307000000000000000e+07,6.970000000000000000e+07
6.478465725693274289e+07,-1.543575350000000129e-09,1.184350000000000023e+02,6.307000000000000000e+07,6.970000000000000000e+07
6.489703106077039987e+07,-1.540902540000000069e-09,1.184399999999999977e+02,6.307000000000000000e+07,6.970000000000000000e+07
6.500541049782384187e+07,-1.538333490000000245e-09,1.184450000000000074e+02,6.307000000000000000e+07,6.970000000000000000e+07
6.507756028235279024e+07,-1.536627980000000201e-09,1.184500000000000028e+02,6.307000000000000000e+07,6.970000000000000000e+07
6.518109563633682579e+07,-1.534187160000000225e-09,1.184549999999999983e+02,6.307000000000000000e+07,6.970000000000000000e+07
6.530383313648145646e+07,-1.531303680000000135e-09,1.184600000000000080e+02,6.307000000000000000e+07,6.970000000000000000e+07
6.538168595817603171e+07,-1.529480290000000026e-09,1.184650000000000034e+02,6.307000000000000000e+07,6.970000000000000000e+07
6.546363490171436965e+07,-1.527565650000000195e-09,1.184699999999999989e+02,6.307000000000000000e+07,6.970000000000000000e+07
6.557905809900580347e+07,-1.524877040000000061e-09,1.184750000000000085e+02,6.307000000000000000e+07,6.970000000000000000e+07
6.565930238934726268e+07,-1.523013440000000121e-09,1.184800000000000040e+02,6.307000000000000000e+07,6.970000000000000000e+07
6.572177981861722469e+07,-1.521565610000000037e-09,1.184849999999999994e+02,6.307000000000000000e+07,6.970000000000000000e+07
6.584716186287257075e+07,-1.518668340000000142e-09,1.184900000000000091e+02,6.307000000000000000e+07,6.970000000000000000e+07
6.598712117478349805e+07,-1.515447230000000041e-09,1.184950000000000045e+02,6.307000000000000000e+07,6.970000000000000000e+07
6.609409353437834233e+07,-1.512994500000000156e-09,1.185000000000000000e+02,6.307000000000000000e+07,6.970000000000000000e+07
6.622990209743542969e+07,-1.509892010000000108e-09,1.185049999999999955e+02,6.307000000000000000e+07,6.970000000000000000e+07
6.638344127192372084e+07,-1.506399760000000264e-09,1.185100000000000051e+02,6.307000000000000000e+07,6.970000000000000000e+07
6.649008274817129225e+07,-1.503983690000000112e-09,1.185150000000000006e+02,6.307000000000000000e+07,6.970000000000000000e+07
6.659517408348108828e+07,-1.501610310000000086e-09,1.185199999999999960e+02,6.307000000000000000e+07,6.970000000000000000e+07
6.673740653793269396e+07,-1.498410040000000177e-09,1.185250000000000057e+02,6.307000000000000000e+07,6.970000000000000000e+07
6.684499395901735127e+07,-1.495998340000000260e-09,1.185300000000000011e+02,6.307000000000000000e+07,6.970000000000000000e+07
6.692441355290849507e+07,-1.494223030000000093e-09,1.185349999999999966e+02,6.307000000000000000e+07,6.970000000000000000e+07
6.704380505452900380e+07,-1.491562120000000104e-09,1.185400000000000063e+02,6.307000000000000000e+07,6.970000000000000000e+07
6.715688371187217534e+07,-1.489050630000000058e-09,1.185450000000000017e+02,6.307000000000000000e+07,6.970000000000000000e+07
6.722784573067583144e+07,-1.487478870000000049e-09,1.185499999999999972e+02,6.307000000000000000e+07,6.970000000000000000e+07
6.733011653826487064e+07,-1.485219470000000292e-09,1.185550000000000068e+02,6.307000000000000000e+07,6.970000000000000000e+07
6.743394310858514905e+07,-1.482932710000000043e-09,1.185600000000000023e+02,6.307000000000000000e+07,6.970000000000000000e+07
6.747588880691468716e+07,-1.482010860000000040e-09,1.185649999999999977e+02,6.307000000000000000e+07,6.970000000000000000e+07
6.751952651202823222e+07,-1.481053040000000068e-09,1.185700000000000074e+02,6.307000000000000000e+07,6.970000000000000000e+07
6.760892641466759145e+07,-1.479094630000000263e-09,1.185750000000000028e+02,6.307000000000000000e+07,6.970000000000000000e+07
6.767130630842271447e+07,-1.477731190000000156e-09,1.185799999999999983e+02,6.307000000000000000e+07,6.970000000000000000e+07
6.769806748554971814e+07,-1.477147040000000061e-09,1.185850000000000080e+02,6.307000000000000000e+07,6.970000000000000000e+07
6.776372110488015413e+07,-1.475715890000000042e-09,1.185900000000000034e+02,6.307000000000000000e+07,6.970000000000000000e+07
6.782120558717331290e+07,-1.474465090000000024e-09,1.185949999999999989e+02,6.307000000000000000e+07,6.970000000000000000e+07
6.783765816154967248e+07,-1.474107489999999975e-09,1.186000000000000085e+02,6.307000000000000000e+07,6.970000000000000000e+07
6.788937974117363989e+07,-1.472984440000000148e-09,1.186050000000000040e+02,6.307000000000000000e+07,6.970000000000000000e+07
6.797473161706651747e+07,-1.471134900000000182e-09,1.186099999999999994e+02,6.307000000000000000e+07,6.970000000000000000e+07
6.801302901112075150e+07,-1.470306520000000072e-09,1.186150000000000091e+02,6.307000000000000000e+07,6.970000000000000000e+07
6.805541777169099450e+07,-1.469390729999999974e-09,1.186200000000000045e+02,6.307000000000000000e+07,6.970000000000000000e+07
6.813846570245559514e+07,-1.467599820000000003e-09,1.186250000000000000e+02,6.307000000000000000e+07,6.970000000000000000e+07
6.819735121351492405e+07,-1.466332610000000089e-09,1.186299999999999955e+02,6.307000000000000000e+07,6.970000000000000000e+07
6.822999553673483431e+07,-1.465631050000000163e-09,1.186350000000000051e+02,6.307000000000000000e+07,6.970000000000000000e+07
6.830630347030243278e+07,-1.463993730000000101e-09,1.186400000000000006e+02,6.307000000000000000e+07,6.970000000000000000e+07
6.837035144596353173e+07,-1.462622290000000132e-09,1.186449999999999960e+02,6.307000000000000000e+07,6.970000000000000000e+07
6.838499606652921438e+07,-1.462309070000000292e-09,1.186500000000000057e+02,6.307000000000000000e+07,6.970000000000000000e+07
6.843181749672237039e+07,-1.461308550000000150e-09,1.186550000000000011e+02,6.307000000000000000e+07,6.970000000000000000e+07
6.849177005973091722e+07,-1.460029430000000121e-09,1.186599999999999966e+02,6.307000000000000000e+07,6.970000000000000000e+07
6.849924383342234790e+07,-1.459870130000000212e-09,1.186650000000000063e+02,6.307000000000000000e+07,6.970000000000000000e+07
6.851912694298832119e+07,-1.459446500000000085e-09,1.186700000000000017e+02,6.307000000000000000e+07,6.970000000000000000e+07
6.858529267683143914e+07,-1.458038540000000178e-09,1.186749999999999972e+02,6.307000000000000000e+07,6.970000000000000000e+07
6.862397712702453136e+07,-1.457216620000000100e-09,1.186800000000000068e+02,6.307000000000000000e+07,6.970000000000000000e+07
6.863687112178942561e+07,-1.456942870000000104e-09,1.186850000000000023e+02,6.307000000000000000e+07,6.970000000000000000e+07
6.868921275135280192e+07,-1.455832670000000031e-09,1.186899999999999977e+02,6.307000000000000000e+07,6.970000000000000000e+07
6.872127802774989605e+07,-1.455153380000000049e-09,1.186950000000000074e+02,6.307000000000000000e+07,6.970000000000000000e+07
6.866678876995046437e+07,-1.456308090000000083e-09,1.187000000000000028e+02,6.307000000000000000e+07,6.970000000000000000e+07
6.860042812841190398e+07,-1.457716850000000038e-09,1.187049999999999983e+02,6.307000000000000000e+07,6.970000000000000000e+07
6.851668053318665922e+07,-1.459498610000000193e-09,1.187100000000000080e+02,6.307000000000000000e+07,6.970000000000000000e+07
6.837169679496252537e+07,-1.462593510000000139e-09,1.187150000000000034e+02,6.307000000000000000e+07,6.970000000000000000e+07
6.822569753919051588e+07,-1.465723380000000148e-09,1.187199999999999989e+02,6.307000000000000000e+07,6.970000000000000000e+07
6.810195440078370273e+07,-1.468386640000000266e-09,1.187250000000000085e+02,6.307000000000000000e+07,6.970000000000000000e+07
6.793598994938661158e+07,-1.471973839999999978e-09,1.187300000000000040e+02,6.307000000000000000e+07,6.970000000000000000e+07
6.773999331270785630e+07,-1.476232800000000043e-09,1.187349999999999994e+02,6.307000000000000000e+07,6.970000000000000000e+07
6.758804994343250990e+07,-1.479551490000000148e-09,1.187400000000000091e+02,6.307000000000000000e+07,6.970000000000000000e+07
6.741707443659415841e+07,-1.483303760000000243e-09,1.187450000000000045e+02,6.307000000000000000e+07,6.970000000000000000e+07
6.719867363795562088e+07,-1.488124610000000090e-09,1.187500000000000000e+02,6.307000000000000000e+07,6.970000000000000000e+07
6.702802817214835435e+07,-1.491913200000000059e-09,1.187549999999999955e+02,6.307000000000000000e+07,6.970000000000000000e+07
6.688552412787596881e+07,-1.495091820000000098e-09,1.187600000000000051e+02,6.307000000000000000e+07,6.970000000000000000e+07
6.669926348605581373e+07,-1.499266930000000111e-09,1.187650000000000006e+02,6.307000000000000000e+07,6.970000000000000000e+07
6.652977278851791471e+07,-1.503086450000000137e-09,1.187699999999999960e+02,6.307000000000000000e+07,6.970000000000000000e+07
6.641338990638408810e+07,-1.505720460000000030e-09,1.187750000000000057e+02,6.307000000000000000e+07,6.970000000000000000e+07
6.627248060293960571e+07,-1.508921940000000160e-09,1.187800000000000011e+02,6.307000000000000000e+07,6.970000000000000000e+07
6.612019734128306061e+07,-1.512397180000000124e-09,1.187849999999999966e+02,6.307000000000000000e+07,6.970000000000000000e+07
6.602516048521177471e+07,-1.514574130000000068e-09,1.187900000000000063e+02,6.307000000000000000e+07,6.970000000000000000e+07
6.592463566848985106e+07,-1.516883620000000035e-09,1.187950000000000017e+02,6.307000000000000000e+07,6.970000000000000000e+07
6.578891577689186484e+07,-1.520012890000000059e-09,1.187999999999999972e+02,6.307000000000000000e+07,6.970000000000000000e+07
6.568589092352030426e+07,-1.522396950000000098e-09,1.188050000000000068e+02,6.307000000000000000e+07,6.970000000000000000e+07
6.560289301410668343e+07,-1.524323019999999975e-09,1.188100000000000023e+02,6.307000000000000000e+07,6.970000000000000000e+07
6.547452099282394350e+07,-1.527311670000000173e-09,1.188149999999999977e+02,6.307000000000000000e+07,6.970000000000000000e+07
6.535893631102372706e+07,-1.530012660000000034e-09,1.188200000000000074e+02,6.307000000000000000e+07,6.970000000000000000e+07
6.529739040219908208e+07,-1.531454770000000073e-09,1.188250000000000028e+02,6.307000000000000000e+07,6.970000000000000000e+07
6.521603424373960495e+07,-1.533365240000000147e-09,1.188299999999999983e+02,6.307000000000000000e+07,6.970000000000000000e+07
6.512313759630043060e+07,-1.535552550000000127e-09,1.188350000000000080e+02,6.307000000000000000e+07,6.970000000000000000e+07
6.508163554002945125e+07,-1.536531760000000052e-09,1.188400000000000034e+02,6.307000000000000000e+07,6.970000000000000000e+07
6.503476238118798286e+07,-1.537639200000000238e-09,1.188449999999999989e+02,6.307000000000000000e+07,6.970000000000000000e+07
6.496247234904845804e+07,-1.539350280000000073e-09,1.188500000000000085e+02,6.307000000000000000e+07,6.970000000000000000e+07
6.493720322439967841e+07,-1.539949290000000189e-09,1.188550000000000040e+02,6.307000000000000000e+07,6.970000000000000000e+07
6.493021709327182919e+07,-1.540114980000000026e-09,1.188599999999999994e+02,6.307000000000000000e+07,6.970000000000000000e+07
6.489086877562811971e+07,-1.541048870000000103e-09,1.188650000000000091e+02,6.307000000000000000e+07,6.970000000000000000e+07
6.486693738104578853e+07,-1.541617410000000144e-09,1.188700000000000045e+02,6.307000000000000000e+07,6.970000000000000000e+07
6.490840064837521315e+07,-1.540632630000000015e-09,1.188750000000000000e+02,6.307000000000000000e+07,6.970000000000000000e+07
6.494447429292482138e+07,-1.539776880000000196e-09,1.188799999999999955e+02,6.307000000000000000e+07,6.970000000000000000e+07
6.495658412343382835e+07,-1.539489820000000052e-09,1.188850000000000051e+02,6.307000000000000000e+07,6.970000000000000000e+07
6.499504607758796215e+07,-1.538578800000000109e-09,1.188900000000000006e+02,6.307000000000000000e+07,6.970000000000000000e+07
6.500171110504312813e+07,-1.538421040000000030e-09,1.188949999999999960e+02,6.307000000000000000e+07,6.970000000000000000e+07
6.496403847438009828e+07,-1.539313170000000196e-09,1.189000000000000057e+02,6.307000000000000000e+07,6.970000000000000000e+07
6.495997202251957357e+07,-1.539409529999999935e-09,1.189050000000000011e+02,6.307000000000000000e+07,6.970000000000000000e+07
6.498435894713719189e+07,-1.538831830000000035e-09,1.189099999999999966e+02,6.307000000000000000e+07,6.970000000000000000e+07
6.496066449874740094e+07,-1.539393120000000039e-09,1.189150000000000063e+02,6.307000000000000000e+07,6.970000000000000000e+07
6.496110168207937479e+07,-1.539382760000000211e-09,1.189200000000000017e+02,6.307000000000000000e+07,6.970000000000000000e+07
6.500471157399723679e+07,-1.538350030000000100e-09,1.189249999999999972e+02,6.307000000000000000e+07,6.970000000000000000e+07
6.501140394291694462e+07,-1.538191670000000036e-09,1.189300000000000068e+02,6.307000000000000000e+07,6.970000000000000000e+07
6.500575700734920800e+07,-1.538325290000000113e-09,1.189350000000000023e+02,6.307000000000000000e+07,6.970000000000000000e+07
6.504806440507729352e+07,-1.537324760000000134e-09,1.189399999999999977e+02,6.307000000000000000e+07,6.970000000000000000e+07
6.508305704490900040e+07,-1.536498200000000066e-09,1.189450000000000074e+02,6.307000000000000000e+07,6.970000000000000000e+07
6.509469445627740026e+07,-1.536223510000000018e-09,1.189500000000000028e+02,6.307000000000000000e+07,6.970000000000000000e+07
6.514463904603024572e+07,-1.535045729999999992e-09,1.189549999999999983e+02,6.307000000000000000e+07,6.970000000000000000e+07
6.519256498354131728e+07,-1.533917250000000171e-09,1.189600000000000080e+02,6.307000000000000000e+07,6.970000000000000000e+07
6.518143849816124886e+07,-1.534179090000000258e-09,1.189650000000000034e+02,6.307000000000000000e+07,6.970000000000000000e+07
6.516785084580408037e+07,-1.534498970000000194e-09,1.189699999999999989e+02,6.307000000000000000e+07,6.970000000000000000e+07
6.516399578454111516e+07,-1.534589750000000098e-09,1.189750000000000085e+02,6.307000000000000000e+07,6.970000000000000000e+07
6.513030783514346927e+07,-1.535383500000000005e-09,1.189800000000000040e+02,6.307000000000000000e+07,6.970000000000000000e+07
6.508472048777769506e+07,-1.536458930000000079e-09,1.189849999999999994e+02,6.307000000000000000e+07,6.970000000000000000e+07
6.508620185798195750e+07,-1.536423960000000223e-09,1.189900000000000091e+02,6.307000000000000000e+07,6.970000000000000000e+07
6.508412490869755298e+07,-1.536472990000000053e-09,1.189950000000000045e+02,6.307000000000000000e+07,6.970000000000000000e+07
6.506099852471583337e+07,-1.537019140000000029e-09,1.190000000000000000e+02,6.307000000000000000e+07,6.970000000000000000e+07
6.506750053705088794e+07,-1.536865549999999913e-09,1.190049999999999955e+02,6.307000000000000000e+07,6.970000000000000000e+07
6.507445611029881239e+07,-1.536701279999999992e-09,1.190100000000000051e+02,6.307000000000000000e+07,6.970000000000000000e+07
6.503545645287945122e+07,-1.537622789999999929e-09,1.190150000000000006e+02,6.307000000000000000e+07,6.970000000000000000e+07
6.501364067448400706e+07,-1.538138750000000248e-09,1.190199999999999960e+02,6.307000000000000000e+07,6.970000000000000000e+07
6.504256212902933359e+07,-1.537454810000000231e-09,1.190250000000000057e+02,6.307000000000000000e+07,6.970000000000000000e+07
6.504134460387964547e+07,-1.537483590000000017e-09,1.190300000000000011e+02,6.307000000000000000e+07,6.970000000000000000e+07
6.501835344582904130e+07,-1.538027260000000111e-09,1.190349999999999966e+02,6.307000000000000000e+07,6.970000000000000000e+07
6.503943295292332768e+07,-1.537528780000000112e-09,1.190400000000000063e+02,6.307000000000000000e+07,6.970000000000000000e+07
6.503681037941707671e+07,-1.537590780000000023e-09,1.190450000000000017e+02,6.307000000000000000e+07,6.970000000000000000e+07
6.500667231734999269e+07,-1.538303629999999991e-09,1.190499999999999972e+02,6.307000000000000000e+07,6.970000000000000000e+07
6.500724070149105787e+07,-1.538290180000000046e-09,1.190550000000000068e+02,6.307000000000000000e+07,6.970000000000000000e+07
6.501762845716529340e+07,-1.538044409999999995e-09,1.190600000000000023e+02,6.307000000000000000e+07,6.970000000000000000e+07
6.498868946596837789e+07,-1.538729290000000063e-09,1.190649999999999977e+02,6.307000000000000000e+07,6.970000000000000000e+07
6.497350435719791800e+07,-1.539088910000000218e-09,1.190700000000000074e+02,6.307000000000000000e+07,6.970000000000000000e+07
6.499008706202042848e+07,-1.538696200000000103e-09,1.190750000000000028e+02,6.307000000000000000e+07,6.970000000000000000e+07
6.497404683170758933e+07,-1.539076060000000051e-09,1.190799999999999983e+02,6.307000000000000000e+07,6.970000000000000000e+07
6.495009877416171879e+07,-1.539643539999999919e-09,1.190850000000000080e+02,6.307000000000000000e+07,6.970000000000000000e+07
6.496547468316889554e+07,-1.539279140000000184e-09,1.190900000000000034e+02,6.307000000000000000e+07,6.970000000000000000e+07
6.495853647897644341e+07,-1.539443550000000109e-09,1.190949999999999989e+02,6.307000000000000000e+07,6.970000000000000000e+07
6.491586964963483065e+07,-1.540455370000000130e-09,1.191000000000000085e+02,6.307000000000000000e+07,6.970000000000000000e+07
6.491183450691440701e+07,-1.540551130000000298e-09,1.191050000000000040e+02,6.307000000000000000e+07,6.970000000000000000e+07
6.492137579925354570e+07,-1.540324720000000255e-09,1.191099999999999994e+02,6.307000000000000000e+07,6.970000000000000000e+07
6.488890953798188269e+07,-1.541095399999999964e-09,1.191150000000000091e+02,6.307000000000000000e+07,6.970000000000000000e+07
6.487205900087817013e+07,-1.541495700000000182e-09,1.191200000000000045e+02,6.307000000000000000e+07,6.970000000000000000e+07
6.490080910800301284e+07,-1.540812840000000220e-09,1.191250000000000000e+02,6.307000000000000000e+07,6.970000000000000000e+07
6.489648439649696648e+07,-1.540915519999999988e-09,1.191299999999999955e+02,6.307000000000000000e+07,6.970000000000000000e+07
6.488296433602106571e+07,-1.541236609999999937e-09,1.191350000000000051e+02,6.307000000000000000e+07,6.970000000000000000e+07
6.491848247827760130e+07,-1.540393370000000219e-09,1.191400000000000006e+02,6.307000000000000000e+07,6.970000000000000000e+07
6.493640625135250390e+07,-1.539968190000000010e-09,1.191449999999999960e+02,6.307000000000000000e+07,6.970000000000000000e+07
6.492191740364891291e+07,-1.540311870000000088e-09,1.191500000000000057e+02,6.307000000000000000e+07,6.970000000000000000e+07
6.494588390718022734e+07,-1.539743460000000007e-09,1.191550000000000011e+02,6.307000000000000000e+07,6.970000000000000000e+07
6.498357517393227667e+07,-1.538850389999999996e-09,1.191599999999999966e+02,6.307000000000000000e+07,6.970000000000000000e+07
6.498399239567718655e+07,-1.538840510000000031e-09,1.191650000000000063e+02,6.307000000000000000e+07,6.970000000000000000e+07
6.500129323322951794e+07,-1.538430930000000246e-09,1.191700000000000017e+02,6.307000000000000000e+07,6.970000000000000000e+07
6.504816934026351571e+07,-1.537322280000000046e-09,1.191749999999999972e+02,6.307000000000000000e+07,6.970000000000000000e+07
6.506241912822629511e+07,-1.536985580000000249e-09,1.191800000000000068e+02,6.307000000000000000e+07,6.970000000000000000e+07
6.507796727693682164e+07,-1.536618370000000198e-09,1.191850000000000023e+02,6.307000000000000000e+07,6.970000000000000000e+07
6.515528769203258306e+07,-1.534794850000000131e-09,1.191899999999999977e+02,6.307000000000000000e+07,6.970000000000000000e+07
6.522219250844070315e+07,-1.533220459999999987e-09,1.191950000000000074e+02,6.307000000000000000e+07,6.970000000000000000e+07
6.525656794305033982e+07,-1.532412799999999947e-09,1.192000000000000028e+02,6.307000000000000000e+07,6.970000000000000000e+07
6.533694313846058398e+07,-1.530527680000000095e-09,1.192049999999999983e+02,6.307000000000000000e+07,6.970000000000000000e+07
6.543261624856752157e+07,-1.528289800000000043e-09,1.192100000000000080e+02,6.307000000000000000e+07,6.970000000000000000e+07
6.549151872716552764e+07,-1.526915269999999957e-09,1.192150000000000034e+02,6.307000000000000000e+07,6.970000000000000000e+07
6.557057709720589966e+07,-1.525074269999999984e-09,1.192199999999999989e+02,6.307000000000000000e+07,6.970000000000000000e+07
6.566214312502095103e+07,-1.522947550000000045e-09,1.192250000000000085e+02,6.307000000000000000e+07,6.970000000000000000e+07
6.569770436453501135e+07,-1.522123200000000102e-09,1.192300000000000040e+02,6.307000000000000000e+07,6.970000000000000000e+07
6.572125977271024883e+07,-1.521577650000000111e-09,1.192349999999999994e+02,6.307000000000000000e+07,6.970000000000000000e+07
6.578396254619038105e+07,-1.520127339999999940e-09,1.192400000000000091e+02,6.307000000000000000e+07,6.970000000000000000e+07
6.581787582968039811e+07,-1.519344080000000026e-09,1.192450000000000045e+02,6.307000000000000000e+07,6.970000000000000000e+07
6.582219034409663081e+07,-1.519244489999999961e-09,1.192500000000000000e+02,6.307000000000000000e+07,6.970000000000000000e+07
6.587347363092096150e+07,-1.518061740000000129e-09,1.192549999999999955e+02,6.307000000000000000e+07,6.970000000000000000e+07
6.595226731034319848e+07,-1.516248100000000233e-09,1.192600000000000051e+02,6.307000000000000000e+07,6.970000000000000000e+07
6.600739231308139861e+07,-1.514981830000000164e-09,1.192650000000000006e+02,6.307000000000000000e+07,6.970000000000000000e+07
6.609720138104021549e+07,-1.512923360000000061e-09,1.192699999999999960e+02,6.307000000000000000e+07,6.970000000000000000e+07
6.623177514317638427e+07,-1.509849309999999938e-09,1.192750000000000057e+02,6.307000000000000000e+07,6.970000000000000000e+07
6.633381112029694766e+07,-1.507526830000000007e-09,1.192800000000000011e+02,6.307000000000000000e+07,6.970000000000000000e+07
6.643109844857609272e+07,-1.505319080000000171e-09,1.192849999999999966e+02,6.307000000000000000e+07,6.970000000000000000e+07
6.657764613986402750e+07,-1.502005640000000085e-09,1.192900000000000063e+02,6.307000000000000000e+07,6.970000000000000000e+07
6.670361958253379911e+07,-1.499169020000000085e-09,1.192950000000000017e+02,6.307000000000000000e+07,6.970000000000000000e+07
6.679494145343228430e+07,-1.497119359999999937e-09,1.192999999999999972e+02,6.307000000000000000e+07,6.970000000000000000e+07
6.691654464323223382e+07,-1.494398740000000104e-09,1.193050000000000068e+02,6.307000000000000000e+07,6.970000000000000000e+07
6.702877128232192248e+07,-1.491896660000000204e-09,1.193100000000000023e+02,6.307000000000000000e+07,6.970000000000000000e+07
6.706751309623974562e+07,-1.491034860000000111e-09,1.193149999999999977e+02,6.307000000000000000e+07,6.970000000000000000e+07
6.712941253124479949e+07,-1.489659990000000165e-09,1.193200000000000074e+02,6.307000000000000000e+07,6.970000000000000000e+07
6.724387780299969018e+07,-1.487124230000000159e-09,1.193250000000000028e+02,6.307000000000000000e+07,6.970000000000000000e+07
6.732841839021077752e+07,-1.485256930000000074e-09,1.193299999999999983e+02,6.307000000000000000e+07,6.970000000000000000e+07
6.740636978870232403e+07,-1.483539320000000101e-09,1.193350000000000080e+02,6.307000000000000000e+07,6.970000000000000000e+07
6.753352656341110170e+07,-1.480746010000000093e-09,1.193400000000000034e+02,6.307000000000000000e+07,6.970000000000000000e+07
6.762829640689711273e+07,-1.478670990000000091e-09,1.193449999999999989e+02,6.307000000000000000e+07,6.970000000000000000e+07
6.768230737107704580e+07,-1.477491000000000146e-09,1.193500000000000085e+02,6.307000000000000000e+07,6.970000000000000000e+07
6.777531447644254565e+07,-1.475463460000000100e-09,1.193550000000000040e+02,6.307000000000000000e+07,6.970000000000000000e+07
6.787208991542437673e+07,-1.473359670000000151e-09,1.193599999999999994e+02,6.307000000000000000e+07,6.970000000000000000e+07
6.791359651934666932e+07,-1.472459200000000262e-09,1.193650000000000091e+02,6.307000000000000000e+07,6.970000000000000000e+07
6.797849758547174931e+07,-1.471053400000000052e-09,1.193700000000000045e+02,6.307000000000000000e+07,6.970000000000000000e+07
6.808099394329692423e+07,-1.468838719999999950e-09,1.193750000000000000e+02,6.307000000000000000e+07,6.970000000000000000e+07
6.814500067695243657e+07,-1.467459080000000055e-09,1.193799999999999955e+02,6.307000000000000000e+07,6.970000000000000000e+07
6.819802652779112756e+07,-1.466318089999999928e-09,1.193850000000000051e+02,6.307000000000000000e+07,6.970000000000000000e+07
6.830524902683292329e+07,-1.464016330000000067e-09,1.193900000000000006e+02,6.307000000000000000e+07,6.970000000000000000e+07
6.838353375384557247e+07,-1.462340340000000003e-09,1.193949999999999960e+02,6.307000000000000000e+07,6.970000000000000000e+07
6.842330080516983569e+07,-1.461490439999999981e-09,1.194000000000000057e+02,6.307000000000000000e+07,6.970000000000000000e+07
6.849949908713799715e+07,-1.459864690000000174e-09,1.194050000000000011e+02,6.307000000000000000e+07,6.970000000000000000e+07
6.858260730127830803e+07,-1.458095630000000138e-09,1.194099999999999966e+02,6.307000000000000000e+07,6.970000000000000000e+07
6.861541206999441981e+07,-1.457398519999999976e-09,1.194150000000000063e+02,6.307000000000000000e+07,6.970000000000000000e+07
6.866494331849692762e+07,-1.456347230000000111e-09,1.194200000000000017e+02,6.307000000000000000e+07,6.970000000000000000e+07
6.873896782528258860e+07,-1.454778900000000079e-09,1.194249999999999972e+02,6.307000000000000000e+07,6.970000000000000000e+07
6.874800235492157936e+07,-1.454587720000000017e-09,1.194300000000000068e+02,6.307000000000000000e+07,6.970000000000000000e+07
6.871964262542267144e+07,-1.455188010000000252e-09,1.194350000000000023e+02,6.307000000000000000e+07,6.970000000000000000e+07
6.871706429761563241e+07,-1.455242610000000079e-09,1.194399999999999977e+02,6.307000000000000000e+07,6.970000000000000000e+07
6.867192864404276013e+07,-1.456199090000000079e-09,1.194450000000000074e+02,6.307000000000000000e+07,6.970000000000000000e+07
6.857976363833586872e+07,-1.458156090000000013e-09,1.194500000000000028e+02,6.307000000000000000e+07,6.970000000000000000e+07
6.852229377967293561e+07,-1.459379050000000090e-09,1.194549999999999983e+02,6.307000000000000000e+07,6.970000000000000000e+07
6.847081466102835536e+07,-1.460476270000000038e-09,1.194600000000000080e+02,6.307000000000000000e+07,6.970000000000000000e+07
6.835796905548214912e+07,-1.462887230000000173e-09,1.194650000000000034e+02,6.307000000000000000e+07,6.970000000000000000e+07
6.825178386104258895e+07,-1.465163170000000199e-09,1.194699999999999989e+02,6.307000000000000000e+07,6.970000000000000000e+07
6.816623801350386441e+07,-1.467001889999999941e-09,1.194750000000000085e+02,6.307000000000000000e+07,6.970000000000000000e+07
6.804236165021452308e+07,-1.469672680000000102e-09,1.194800000000000040e+02,6.307000000000000000e+07,6.970000000000000000e+07
6.792997305584791303e+07,-1.472104220000000098e-09,1.194849999999999994e+02,6.307000000000000000e+07,6.970000000000000000e+07
6.787739070703268051e+07,-1.473244610000000241e-09,1.194900000000000091e+02,6.307000000000000000e+07,6.970000000000000000e+07
6.780541613933263719e+07,-1.474808440000000286e-09,1.194950000000000045e+02,6.307000000000000000e+07,6.970000000000000000e+07
6.770945318421138823e+07,-1.476898650000000125e-09,1.195000000000000000e+02,6.307000000000000000e+07,6.970000000000000000e+07
6.766380561541922390e+07,-1.477895000000000096e-09,1.195049999999999955e+02,6.307000000000000000e+07,6.970000000000000000e+07
6.763639811371013522e+07,-1.478493870000000209e-09,1.195100000000000051e+02,6.307000000000000000e+07,6.970000000000000000e+07
6.758576777550467849e+07,-1.479601450000000192e-09,1.195150000000000006e+02,6.307000000000000000e+07,6.970000000000000000e+07
6.758148615729433298e+07,-1.479695190000000047e-09,1.195199999999999960e+02,6.307000000000000000e+07,6.970000000000000000e+07
6.761224327098782361e+07,-1.479022070000000253e-09,1.195250000000000057e+02,6.307000000000000000e+07,6.970000000000000000e+07
6.760188511642353237e+07,-1.479248689999999990e-09,1.195300000000000011e+02,6.307000000000000000e+07,6.970000000000000000e+07
6.758003060375201702e+07,-1.479727060000000156e-09,1.195349999999999966e+02,6.307000000000000000e+07,6.970000000000000000e+07
6.759412657870814204e+07,-1.479418480000000100e-09,1.195400000000000063e+02,6.307000000000000000e+07,6.970000000000000000e+07
6.755533001082709432e+07,-1.480268100000000115e-09,1.195450000000000017e+02,6.307000000000000000e+07,6.970000000000000000e+07
6.748634547084929049e+07,-1.481781230000000129e-09,1.195499999999999972e+02,6.307000000000000000e+07,6.970000000000000000e+07
6.746554507626737654e+07,-1.482238079999999969e-09,1.195550000000000068e+02,6.307000000000000000e+07,6.970000000000000000e+07
6.745324025029011071e+07,-1.482508470000000093e-09,1.195600000000000023e+02,6.307000000000000000e+07,6.970000000000000000e+07
6.740021420192475617e+07,-1.483674810000000030e-09,1.195649999999999977e+02,6.307000000000000000e+07,6.970000000000000000e+07
6.737318137213461101e+07,-1.484270120000000001e-09,1.195700000000000074e+02,6.307000000000000000e+07,6.970000000000000000e+07
6.736920713072337210e+07,-1.484357680000000037e-09,1.195750000000000028e+02,6.307000000000000000e+07,6.970000000000000000e+07
6.732651317550240457e+07,-1.485298959999999947e-09,1.195799999999999983e+02,6.307000000000000000e+07,6.970000000000000000e+07
6.728299686003710330e+07,-1.486259600000000073e-09,1.195850000000000080e+02,6.307000000000000000e+07,6.970000000000000000e+07
6.728218382036259770e+07,-1.486277560000000050e-09,1.195900000000000034e+02,6.307000000000000000e+07,6.970000000000000000e+07
6.725902361353340745e+07,-1.486789350000000198e-09,1.195949999999999989e+02,6.307000000000000000e+07,6.970000000000000000e+07
6.722644785264608264e+07,-1.487509800000000107e-09,1.196000000000000085e+02,6.307000000000000000e+07,6.970000000000000000e+07
6.723409463529612124e+07,-1.487340620000000027e-09,1.196050000000000040e+02,6.307000000000000000e+07,6.970000000000000000e+07
6.724105952114036679e+07,-1.487186560000000093e-09,1.196099999999999994e+02,6.307000000000000000e+07,6.970000000000000000e+07
6.720316476369255781e+07,-1.488025160000000235e-09,1.196150000000000091e+02,6.307000000000000000e+07,6.970000000000000000e+07
6.718967151769152284e+07,-1.488323990000000078e-09,1.196200000000000045e+02,6.307000000000000000e+07,6.970000000000000000e+07
6.720463167869885266e+07,-1.487992680000000097e-09,1.196250000000000000e+02,6.307000000000000000e+07,6.970000000000000000e+07
6.716878648222261667e+07,-1.488786760000000027e-09,1.196299999999999955e+02,6.307000000000000000e+07,6.970000000000000000e+07
6.712098624892355502e+07,-1.489847000000000056e-09,1.196350000000000051e+02,6.307000000000000000e+07,6.970000000000000000e+07
6.711782958497145772e+07,-1.489917070000000141e-09,1.196400000000000006e+02,6.307000000000000000e+07,6.970000000000000000e+07
6.708343547904442996e+07,-1.490680960000000001e-09,1.196449999999999960e+02,6.307000000000000000e+07,6.970000000000000000e+07
6.702407388111921400e+07,-1.492001220000000076e-09,1.196500000000000057e+02,6.307000000000000000e+07,6.970000000000000000e+07
6.702330931289419532e+07,-1.492018240000000000e-09,1.196550000000000011e+02,6.307000000000000000e+07,6.970000000000000000e+07
6.703859140871490538e+07,-1.491678120000000065e-09,1.196599999999999966e+02,6.307000000000000000e+07,6.970000000000000000e+07
6.702166298989174515e+07,-1.492054890000000103e-09,1.196650000000000063e+02,6.307000000000000000e+07,6.970000000000000000e+07
6.701979351188214123e+07,-1.492096510000000218e-09,1.196700000000000017e+02,6.307000000000000000e+07,6.970000000000000000e+07
6.703921700339794904e+07,-1.491664200000000094e-09,1.196749999999999972e+02,6.307000000000000000e+07,6.970000000000000000e+07
6.701233415620011836e+07,-1.492262600000000182e-09,1.196800000000000068e+02,6.307000000000000000e+07,6.970000000000000000e+07
6.697414765752828866e+07,-1.493113440000000048e-09,1.196850000000000023e+02,6.307000000000000000e+07,6.970000000000000000e+07
6.698536113305310160e+07,-1.492863489999999988e-09,1.196899999999999977e+02,6.307000000000000000e+07,6.970000000000000000e+07
6.696860444185475260e+07,-1.493237030000000113e-09,1.196950000000000074e+02,6.307000000000000000e+07,6.970000000000000000e+07
6.692319397689112276e+07,-1.494250260000000212e-09,1.197000000000000028e+02,6.307000000000000000e+07,6.970000000000000000e+07
6.692838341718120128e+07,-1.494134400000000254e-09,1.197049999999999983e+02,6.307000000000000000e+07,6.970000000000000000e+07
6.693623360536687821e+07,-1.493959169999999899e-09,1.197100000000000080e+02,6.307000000000000000e+07,6.970000000000000000e+07
6.690471050442157686e+07,-1.494663070000000116e-09,1.197150000000000034e+02,6.307000000000000000e+07,6.970000000000000000e+07
6.689231451120731235e+07,-1.494940050000000232e-09,1.197199999999999989e+02,6.307000000000000000e+07,6.970000000000000000e+07
6.692256427564300597e+07,-1.494264320000000185e-09,1.197250000000000085e+02,6.307000000000000000e+07,6.970000000000000000e+07
6.694466196252775937e+07,-1.493771079999999954e-09,1.197300000000000040e+02,6.307000000000000000e+07,6.970000000000000000e+07
6.699348141367018968e+07,-1.492682540000000002e-09,1.197349999999999994e+02,6.307000000000000000e+07,6.970000000000000000e+07
6.715371780811098218e+07,-1.489120830000000102e-09,1.197400000000000091e+02,6.307000000000000000e+07,6.970000000000000000e+07
6.733971726423078775e+07,-1.485007720000000207e-09,1.197450000000000045e+02,6.307000000000000000e+07,6.970000000000000000e+07
6.752769428916263580e+07,-1.480873900000000080e-09,1.197500000000000000e+02,6.307000000000000000e+07,6.970000000000000000e+07
6.775619394432675838e+07,-1.475879830000000147e-09,1.197549999999999955e+02,6.307000000000000000e+07,6.970000000000000000e+07
6.795983356364920735e+07,-1.471457400000000209e-09,1.197600000000000051e+02,6.307000000000000000e+07,6.970000000000000000e+07
6.810684771174000204e+07,-1.468281140000000136e-09,1.197650000000000006e+02,6.307000000000000000e+07,6.970000000000000000e+07
6.826249219136819243e+07,-1.464933330000000179e-09,1.197699999999999960e+02,6.307000000000000000e+07,6.970000000000000000e+07
6.843270866679450870e+07,-1.461289520000000164e-09,1.197750000000000057e+02,6.307000000000000000e+07,6.970000000000000000e+07
6.855696595059327781e+07,-1.458640980000000065e-09,1.197800000000000011e+02,6.307000000000000000e+07,6.970000000000000000e+07
6.867122174783530831e+07,-1.456214080000000266e-09,1.197849999999999966e+02,6.307000000000000000e+07,6.970000000000000000e+07
6.882123139393061399e+07,-1.453039970000000258e-09,1.197900000000000063e+02,6.307000000000000000e+07,6.970000000000000000e+07
6.894256744934037328e+07,-1.450482680000000089e-09,1.197950000000000017e+02,6.307000000000000000e+07,6.970000000000000000e+07
6.903439976546528935e+07,-1.448553190000000073e-09,1.197999999999999972e+02,6.307000000000000000e+07,6.970000000000000000e+07
6.916430834242664278e+07,-1.445832430000000237e-09,1.198050000000000068e+02,6.307000000000000000e+07,6.970000000000000000e+07
6.928190620573969185e+07,-1.443378300000000113e-09,1.198100000000000023e+02,6.307000000000000000e+07,6.970000000000000000e+07
6.934224264656373858e+07,-1.442122380000000035e-09,1.198149999999999977e+02,6.307000000000000000e+07,6.970000000000000000e+07
6.942794084433956444e+07,-1.440342300000000125e-09,1.198200000000000074e+02,6.307000000000000000e+07,6.970000000000000000e+07
6.953316731733371317e+07,-1.438162590000000086e-09,1.198250000000000028e+02,6.307000000000000000e+07,6.970000000000000000e+07
6.958455729960201681e+07,-1.437100470000000161e-09,1.198299999999999983e+02,6.307000000000000000e+07,6.970000000000000000e+07
6.963300724312096834e+07,-1.436100550000000003e-09,1.198350000000000080e+02,6.307000000000000000e+07,6.970000000000000000e+07
6.972781732561382651e+07,-1.434147860000000037e-09,1.198400000000000034e+02,6.307000000000000000e+07,6.970000000000000000e+07
6.978384057613649964e+07,-1.432996510000000081e-09,1.198449999999999989e+02,6.307000000000000000e+07,6.970000000000000000e+07
6.980101030261516571e+07,-1.432644020000000048e-09,1.198500000000000085e+02,6.307000000000000000e+07,6.970000000000000000e+07
6.986046594485668838e+07,-1.431424750000000072e-09,1.198550000000000040e+02,6.307000000000000000e+07,6.970000000000000000e+07
6.990710911118367314e+07,-1.430469680000000150e-09,1.198599999999999994e+02,6.307000000000000000e+07,6.970000000000000000e+07
6.991123642964349687e+07,-1.430385230000000113e-09,1.198650000000000091e+02,6.307000000000000000e+07,6.970000000000000000e+07
6.995280752759923041e+07,-1.429535190000000088e-09,1.198700000000000045e+02,6.307000000000000000e+07,6.970000000000000000e+07
7.002051243909852207e+07,-1.428152930000000102e-09,1.198750000000000000e+02,6.307000000000000000e+07,6.970000000000000000e+07
7.004034870400069654e+07,-1.427748460000000126e-09,1.198799999999999955e+02,6.307000000000000000e+07,6.970000000000000000e+07
7.006664991980311275e+07,-1.427212520000000138e-09,1.198850000000000051e+02,6.307000000000000000e+07,6.970000000000000000e+07
7.013990153858818114e+07,-1.425721990000000091e-09,1.198900000000000006e+02,6.307000000000000000e+07,6.970000000000000000e+07
7.018711724025884271e+07,-1.424762890000000001e-09,1.198949999999999960e+02,6.307000000000000000e+07,6.970000000000000000e+07
7.021765246364146471e+07,-1.424143310000000068e-09,1.199000000000000057e+02,6.307000000000000000e+07,6.970000000000000000e+07
7.029288839397072792e+07,-1.422619019999999972e-09,1.199050000000000011e+02,6.307000000000000000e+07,6.970000000000000000e+07
7.035585421177898347e+07,-1.421345830000000096e-09,1.199099999999999966e+02,6.307000000000000000e+07,6.970000000000000000e+07
7.037196799648974836e+07,-1.421020369999999911e-09,1.199150000000000063e+02,6.307000000000000000e+07,6.970000000000000000e+07
7.041807655685688555e+07,-1.420089910000000017e-09,1.199200000000000017e+02,6.307000000000000000e+07,6.970000000000000000e+07
7.047523132842788100e+07,-1.418938230000000039e-09,1.199249999999999972e+02,6.307000000000000000e+07,6.970000000000000000e+07
7.047129092277553678e+07,-1.419017570000000060e-09,1.199300000000000068e+02,6.307000000000000000e+07,6.970000000000000000e+07
7.046139069858206809e+07,-1.419216950000000047e-09,1.199350000000000023e+02,6.307000000000000000e+07,6.970000000000000000e+07
7.050561068138568103e+07,-1.418326839999999987e-09,1.199399999999999977e+02,6.307000000000000000e+07,6.970000000000000000e+07
7.051134723245958984e+07,-1.418211450000000055e-09,1.199450000000000074e+02,6.307000000000000000e+07,6.970000000000000000e+07
7.048094654388819635e+07,-1.418823170000000129e-09,1.199500000000000028e+02,6.307000000000000000e+07,6.970000000000000000e+07
7.047608313775984943e+07,-1.418921080000000155e-09,1.199549999999999983e+02,6.307000000000000000e+07,6.970000000000000000e+07
7.045394973437592387e+07,-1.419366840000000017e-09,1.199600000000000080e+02,6.307000000000000000e+07,6.970000000000000000e+07
7.039454643875080347e+07,-1.420564590000000081e-09,1.199650000000000034e+02,6.307000000000000000e+07,6.970000000000000000e+07
7.038361208246752620e+07,-1.420785280000000079e-09,1.199699999999999989e+02,6.307000000000000000e+07,6.970000000000000000e+07
7.039712928391258419e+07,-1.420512470000000135e-09,1.199750000000000085e+02,6.307000000000000000e+07,6.970000000000000000e+07
7.035691945633435249e+07,-1.421324309999999977e-09,1.199800000000000040e+02,6.307000000000000000e+07,6.970000000000000000e+07
7.032142093150849640e+07,-1.422041799999999936e-09,1.199849999999999994e+02,6.307000000000000000e+07,6.970000000000000000e+07
7.033488407685746253e+07,-1.421769600000000020e-09,1.199900000000000091e+02,6.307000000000000000e+07,6.970000000000000000e+07
7.031492070101219416e+07,-1.422173260000000110e-09,1.199950000000000045e+02,6.307000000000000000e+07,6.970000000000000000e+07
7.026530817218840122e+07,-1.423177420000000130e-09,1.200000000000000000e+02,6.307000000000000000e+07,6.970000000000000000e+07
7.027125801826675236e+07,-1.423056920000000182e-09,1.200049999999999955e+02,6.307000000000000000e+07,6.970000000000000000e+07
7.026201816714414954e+07,-1.423244060000000031e-09,1.200100000000000051e+02,6.307000000000000000e+07,6.970000000000000000e+07
7.020090994981084764e+07,-1.424482959999999978e-09,1.200150000000000006e+02,6.307000000000000000e+07,6.970000000000000000e+07
7.016860786716958880e+07,-1.425138720000000194e-09,1.200199999999999960e+02,6.307000000000000000e+07,6.970000000000000000e+07
7.011941687290540338e+07,-1.426138500000000141e-09,1.200250000000000057e+02,6.307000000000000000e+07,6.970000000000000000e+07
6.997477843081195652e+07,-1.429086340000000109e-09,1.200300000000000011e+02,6.307000000000000000e+07,6.970000000000000000e+07
6.982048009511671960e+07,-1.432244520000000085e-09,1.200349999999999966e+02,6.307000000000000000e+07,6.970000000000000000e+07
6.969113120630100369e+07,-1.434902810000000190e-09,1.200400000000000063e+02,6.307000000000000000e+07,6.970000000000000000e+07
6.950359779813714325e+07,-1.438774440000000119e-09,1.200450000000000017e+02,6.307000000000000000e+07,6.970000000000000000e+07
6.928022817249163985e+07,-1.443413260000000132e-09,1.200499999999999972e+02,6.307000000000000000e+07,6.970000000000000000e+07
6.910332117817430198e+07,-1.447108450000000106e-09,1.200550000000000068e+02,6.307000000000000000e+07,6.970000000000000000e+07
6.891873567890208960e+07,-1.450984250000000205e-09,1.200600000000000023e+02,6.307000000000000000e+07,6.970000000000000000e+07
6.869266476576203108e+07,-1.455759510000000036e-09,1.200649999999999977e+02,6.307000000000000000e+07,6.970000000000000000e+07
6.850080541534486413e+07,-1.459836850000000233e-09,1.200700000000000074e+02,6.307000000000000000e+07,6.970000000000000000e+07
6.832581421413069963e+07,-1.463575680000000015e-09,1.200750000000000028e+02,6.307000000000000000e+07,6.970000000000000000e+07
6.810491720498836040e+07,-1.468322760000000045e-09,1.200799999999999983e+02,6.307000000000000000e+07,6.970000000000000000e+07
6.791439675529462099e+07,-1.472441850000000108e-09,1.200850000000000080e+02,6.307000000000000000e+07,6.970000000000000000e+07
6.780286274263745546e+07,-1.474863980000000165e-09,1.200900000000000034e+02,6.307000000000000000e+07,6.970000000000000000e+07
6.766897501329864562e+07,-1.477782100000000089e-09,1.200949999999999989e+02,6.307000000000000000e+07,6.970000000000000000e+07
6.751686878584022820e+07,-1.481111340000000041e-09,1.201000000000000085e+02,6.307000000000000000e+07,6.970000000000000000e+07
6.740556921259793639e+07,-1.483556940000000010e-09,1.201050000000000040e+02,6.307000000000000000e+07,6.970000000000000000e+07
6.728038488147853315e+07,-1.486317300000000062e-09,1.201099999999999994e+02,6.307000000000000000e+07,6.970000000000000000e+07
6.711771786604182422e+07,-1.489919550000000022e-09,1.201150000000000091e+02,6.307000000000000000e+07,6.970000000000000000e+07
6.700967983639398962e+07,-1.492321710000000041e-09,1.201200000000000045e+02,6.307000000000000000e+07,6.970000000000000000e+07
6.692974160140168667e+07,-1.494104080000000225e-09,1.201250000000000000e+02,6.307000000000000000e+07,6.970000000000000000e+07
6.680694432532395422e+07,-1.496850380000000096e-09,1.201299999999999955e+02,6.307000000000000000e+07,6.970000000000000000e+07
6.670176157618076354e+07,-1.499210780000000203e-09,1.201350000000000051e+02,6.307000000000000000e+07,6.970000000000000000e+07
6.662942747964829206e+07,-1.500838350000000053e-09,1.201400000000000006e+02,6.307000000000000000e+07,6.970000000000000000e+07
6.650099805030378699e+07,-1.503736830000000168e-09,1.201449999999999960e+02,6.307000000000000000e+07,6.970000000000000000e+07
6.633952215841207653e+07,-1.507397050000000079e-09,1.201500000000000057e+02,6.307000000000000000e+07,6.970000000000000000e+07
6.620748728688795120e+07,-1.510403190000000020e-09,1.201550000000000011e+02,6.307000000000000000e+07,6.970000000000000000e+07
6.605137171855958551e+07,-1.513973100000000259e-09,1.201599999999999966e+02,6.307000000000000000e+07,6.970000000000000000e+07
6.582308199717578292e+07,-1.519223910000000101e-09,1.201650000000000063e+02,6.307000000000000000e+07,6.970000000000000000e+07
6.558843219444923848e+07,-1.524659100000000112e-09,1.201700000000000017e+02,6.307000000000000000e+07,6.970000000000000000e+07
6.535323482239415497e+07,-1.530146140000000108e-09,1.201749999999999972e+02,6.307000000000000000e+07,6.970000000000000000e+07
6.506139134331903607e+07,-1.537009860000000048e-09,1.201800000000000068e+02,6.307000000000000000e+07,6.970000000000000000e+07
6.477719324062167108e+07,-1.543753209999999999e-09,1.201850000000000023e+02,6.307000000000000000e+07,6.970000000000000000e+07
6.453692449479930103e+07,-1.549500550000000253e-09,1.201899999999999977e+02,6.307000000000000000e+07,6.970000000000000000e+07
6.426691024682541937e+07,-1.556010700000000106e-09,1.201950000000000074e+02,6.307000000000000000e+07,6.970000000000000000e+07
6.398883543275796622e+07,-1.562772620000000061e-09,1.202000000000000028e+02,6.307000000000000000e+07,6.970000000000000000e+07
6.375788976788774878e+07,-1.568433339999999918e-09,1.202049999999999983e+02,6.307000000000000000e+07,6.970000000000000000e+07
6.352903618104397506e+07,-1.574083380000000175e-09,1.202100000000000080e+02,6.307000000000000000e+07,6.970000000000000000e+07
6.328490527679917961e+07,-1.580155640000000276e-09,1.202150000000000034e+02,6.307000000000000000e+07,6.970000000000000000e+07
6.308748047560768574e+07,-1.585100550000000006e-09,1.202199999999999989e+02,6.307000000000000000e+07,6.970000000000000000e+07
6.291042050595856458e+07,-1.589561780000000112e-09,1.202250000000000085e+02,6.307000000000000000e+07,6.970000000000000000e+07
6.270419110361339152e+07,-1.594789730000000070e-09,1.202300000000000040e+02,6.307000000000000000e+07,6.970000000000000000e+07
6.250173168860359490e+07,-1.599955670000000072e-09,1.202349999999999994e+02,6.307000000000000000e+07,6.970000000000000000e+07
6.234814680202856660e+07,-1.603896910000000104e-09,1.202400000000000091e+02,6.307000000000000000e+07,6.970000000000000000e+07
6.218621496656405926e+07,-1.608073429999999987e-09,1.202450000000000045e+02,6.307000000000000000e+07,6.970000000000000000e+07
6.204024648813274503e+07,-1.611856910000000147e-09,1.202500000000000000e+02,6.307000000000000000e+07,6.970000000000000000e+07
6.194705324650909007e+07,-1.614281790000000046e-09,1.202549999999999955e+02,6.307000000000000000e+07,6.970000000000000000e+07
6.185471307676922530e+07,-1.616691679999999964e-09,1.202600000000000051e+02,6.307000000000000000e+07,6.970000000000000000e+07
6.173681565851105005e+07,-1.619779040000000236e-09,1.202650000000000006e+02,6.307000000000000000e+07,6.970000000000000000e+07
6.165545931748060137e+07,-1.621916390000000172e-09,1.202699999999999960e+02,6.307000000000000000e+07,6.970000000000000000e+07
6.159196733329582959e+07,-1.623588340000000024e-09,1.202750000000000057e+02,6.307000000000000000e+07,6.970000000000000000e+07
6.149834720731946081e+07,-1.626059960000000098e-09,1.202800000000000011e+02,6.307000000000000000e+07,6.970000000000000000e+07
6.141388922762060910e+07,-1.628296160000000112e-09,1.202849999999999966e+02,6.307000000000000000e+07,6.970000000000000000e+07
6.135995353922493756e+07,-1.629727440000000090e-09,1.202900000000000063e+02,6.307000000000000000e+07,6.970000000000000000e+07
6.127736228015467525e+07,-1.631924030000000050e-09,1.202950000000000017e+02,6.307000000000000000e+07,6.970000000000000000e+07
6.119144766298540682e+07,-1.634215300000000123e-09,1.202999999999999972e+02,6.307000000000000000e+07,6.970000000000000000e+07
6.114131240585231036e+07,-1.635555340000000216e-09,1.203050000000000068e+02,6.307000000000000000e+07,6.970000000000000000e+07
6.109125923490601778e+07,-1.636895380000000102e-09,1.203100000000000023e+02,6.307000000000000000e+07,6.970000000000000000e+07
6.101803068162314594e+07,-1.638859840000000181e-09,1.203149999999999977e+02,6.307000000000000000e+07,6.970000000000000000e+07
6.096637966926337034e+07,-1.640248290000000031e-09,1.203200000000000074e+02,6.307000000000000000e+07,6.970000000000000000e+07
6.091567653056956828e+07,-1.641613550000000181e-09,1.203250000000000028e+02,6.307000000000000000e+07,6.970000000000000000e+07
6.084085431243108958e+07,-1.643632410000000023e-09,1.203299999999999983e+02,6.307000000000000000e+07,6.970000000000000000e+07
6.077650185953304172e+07,-1.645372750000000128e-09,1.203350000000000080e+02,6.307000000000000000e+07,6.970000000000000000e+07
6.074030145788203180e+07,-1.646353370000000130e-09,1.203400000000000034e+02,6.307000000000000000e+07,6.970000000000000000e+07
6.067715915924052894e+07,-1.648066610000000281e-09,1.203449999999999989e+02,6.307000000000000000e+07,6.970000000000000000e+07
6.061841022945372015e+07,-1.649663850000000057e-09,1.203500000000000085e+02,6.307000000000000000e+07,6.970000000000000000e+07
6.059026674319621176e+07,-1.650430100000000091e-09,1.203550000000000040e+02,6.307000000000000000e+07,6.970000000000000000e+07
6.054370206066423655e+07,-1.651699460000000070e-09,1.203599999999999994e+02,6.307000000000000000e+07,6.970000000000000000e+07
6.047880550198191404e+07,-1.653471810000000286e-09,1.203650000000000091e+02,6.307000000000000000e+07,6.970000000000000000e+07
6.045222215749131888e+07,-1.654198910000000247e-09,1.203700000000000045e+02,6.307000000000000000e+07,6.970000000000000000e+07
6.044485783354326338e+07,-1.654400450000000138e-09,1.203750000000000000e+02,6.307000000000000000e+07,6.970000000000000000e+07
6.040759639055912942e+07,-1.655420940000000111e-09,1.203799999999999955e+02,6.307000000000000000e+07,6.970000000000000000e+07
6.039041011157701910e+07,-1.655892050000000195e-09,1.203850000000000051e+02,6.307000000000000000e+07,6.970000000000000000e+07
6.040532200606291741e+07,-1.655483270000000045e-09,1.203900000000000006e+02,6.307000000000000000e+07,6.970000000000000000e+07
6.037836391563881934e+07,-1.656222420000000125e-09,1.203949999999999960e+02,6.307000000000000000e+07,6.970000000000000000e+07
6.032882479334677756e+07,-1.657582430000000049e-09,1.204000000000000057e+02,6.307000000000000000e+07,6.970000000000000000e+07
6.030578167208392918e+07,-1.658215800000000200e-09,1.204050000000000011e+02,6.307000000000000000e+07,6.970000000000000000e+07
6.027005686540135741e+07,-1.659198700000000018e-09,1.204099999999999966e+02,6.307000000000000000e+07,6.970000000000000000e+07
6.020087333768156171e+07,-1.661105470000000154e-09,1.204150000000000063e+02,6.307000000000000000e+07,6.970000000000000000e+07
6.016210836520485580e+07,-1.662175790000000212e-09,1.204200000000000017e+02,6.307000000000000000e+07,6.970000000000000000e+07
6.014434631085736305e+07,-1.662666670000000064e-09,1.204249999999999972e+02,6.307000000000000000e+07,6.970000000000000000e+07
6.008819216069255024e+07,-1.664220480000000140e-09,1.204300000000000068e+02,6.307000000000000000e+07,6.970000000000000000e+07
6.005004739089690149e+07,-1.665277620000000009e-09,1.204350000000000023e+02,6.307000000000000000e+07,6.970000000000000000e+07
6.006263752279339731e+07,-1.664928550000000115e-09,1.204399999999999977e+02,6.307000000000000000e+07,6.970000000000000000e+07
6.004098469664575160e+07,-1.665528979999999940e-09,1.204450000000000074e+02,6.307000000000000000e+07,6.970000000000000000e+07
6.001182749103289843e+07,-1.666338190000000061e-09,1.204500000000000028e+02,6.307000000000000000e+07,6.970000000000000000e+07
6.002967855301725864e+07,-1.665842670000000012e-09,1.204549999999999983e+02,6.307000000000000000e+07,6.970000000000000000e+07
6.005047650893816352e+07,-1.665265720000000145e-09,1.204600000000000080e+02,6.307000000000000000e+07,6.970000000000000000e+07
6.006375334959034622e+07,-1.664897620000000265e-09,1.204650000000000034e+02,6.307000000000000000e+07,6.970000000000000000e+07
6.010701212009813637e+07,-1.663699400000000174e-09,1.204699999999999989e+02,6.307000000000000000e+07,6.970000000000000000e+07
6.013633496472585946e+07,-1.662888170000000154e-09,1.204750000000000085e+02,6.307000000000000000e+07,6.970000000000000000e+07
6.010668154587533325e+07,-1.663708549999999989e-09,1.204800000000000040e+02,6.307000000000000000e+07,6.970000000000000000e+07
6.008102851943685114e+07,-1.664418910000000032e-09,1.204849999999999994e+02,6.307000000000000000e+07,6.970000000000000000e+07
6.007312858132339269e+07,-1.664637790000000032e-09,1.204900000000000091e+02,6.307000000000000000e+07,6.970000000000000000e+07
6.003489624400016665e+07,-1.665697890000000058e-09,1.204950000000000045e+02,6.307000000000000000e+07,6.970000000000000000e+07
5.999394097192548215e+07,-1.666834990000000021e-09,1.205000000000000000e+02,6.307000000000000000e+07,6.970000000000000000e+07
5.998886390725971013e+07,-1.666976060000000199e-09,1.205049999999999955e+02,6.307000000000000000e+07,6.970000000000000000e+07
5.997147480789352953e+07,-1.667459410000000007e-09,1.205100000000000051e+02,6.307000000000000000e+07,6.970000000000000000e+07
5.991629944615829736e+07,-1.668994930000000086e-09,1.205150000000000006e+02,6.307000000000000000e+07,6.970000000000000000e+07
5.988553168069786578e+07,-1.669852420000000211e-09,1.205199999999999960e+02,6.307000000000000000e+07,6.970000000000000000e+07
5.986025945675221831e+07,-1.670557410000000114e-09,1.205250000000000057e+02,6.307000000000000000e+07,6.970000000000000000e+07
5.979675894869260490e+07,-1.672331440000000163e-09,1.205300000000000011e+02,6.307000000000000000e+07,6.970000000000000000e+07
5.974250478600192815e+07,-1.673850140000000174e-09,1.205349999999999966e+02,6.307000000000000000e+07,6.970000000000000000e+07
5.971389555904713273e+07,-1.674652090000000007e-09,1.205400000000000063e+02,6.307000000000000000e+07,6.970000000000000000e+07
5.966290292789610475e+07,-1.676083380000000029e-09,1.205450000000000017e+02,6.307000000000000000e+07,6.970000000000000000e+07
5.960070401066785306e+07,-1.677832530000000295e-09,1.205499999999999972e+02,6.307000000000000000e+07,6.970000000000000000e+07
5.956877756850472838e+07,-1.678731779999999919e-09,1.205550000000000068e+02,6.307000000000000000e+07,6.970000000000000000e+07
5.950813904719375819e+07,-1.680442400000000186e-09,1.205600000000000023e+02,6.307000000000000000e+07,6.970000000000000000e+07
5.943042133797454834e+07,-1.682639929999999990e-09,1.205649999999999977e+02,6.307000000000000000e+07,6.970000000000000000e+07
5.939531059767956287e+07,-1.683634600000000128e-09,1.205700000000000074e+02,6.307000000000000000e+07,6.970000000000000000e+07
5.938172778274667263e+07,-1.684019710000000096e-09,1.205750000000000028e+02,6.307000000000000000e+07,6.970000000000000000e+07
5.933214374362865090e+07,-1.685427050000000135e-09,1.205799999999999983e+02,6.307000000000000000e+07,6.970000000000000000e+07
5.929165692331809551e+07,-1.686577930000000065e-09,1.205850000000000080e+02,6.307000000000000000e+07,6.970000000000000000e+07
5.928347396746759117e+07,-1.686810730000000036e-09,1.205900000000000034e+02,6.307000000000000000e+07,6.970000000000000000e+07
5.925592828601054102e+07,-1.687594860000000103e-09,1.205949999999999989e+02,6.307000000000000000e+07,6.970000000000000000e+07
5.923203639083635807e+07,-1.688275570000000207e-09,1.206000000000000085e+02,6.307000000000000000e+07,6.970000000000000000e+07
5.925612877992253006e+07,-1.687589150000000102e-09,1.206050000000000040e+02,6.307000000000000000e+07,6.970000000000000000e+07
5.926762275496689975e+07,-1.687261870000000082e-09,1.206099999999999994e+02,6.307000000000000000e+07,6.970000000000000000e+07
5.925386935173600912e+07,-1.687653499999999936e-09,1.206150000000000091e+02,6.307000000000000000e+07,6.970000000000000000e+07
5.926773621381485462e+07,-1.687258640000000169e-09,1.206200000000000045e+02,6.307000000000000000e+07,6.970000000000000000e+07
5.928688923328510672e+07,-1.686713560000000204e-09,1.206250000000000000e+02,6.307000000000000000e+07,6.970000000000000000e+07
5.928147918720041215e+07,-1.686867490000000179e-09,1.206299999999999955e+02,6.307000000000000000e+07,6.970000000000000000e+07
5.928310529553333670e+07,-1.686821220000000030e-09,1.206350000000000051e+02,6.307000000000000000e+07,6.970000000000000000e+07
5.930967089793127775e+07,-1.686065670000000098e-09,1.206400000000000006e+02,6.307000000000000000e+07,6.970000000000000000e+07
5.931382727737575024e+07,-1.685947520000000072e-09,1.206449999999999960e+02,6.307000000000000000e+07,6.970000000000000000e+07
5.932550202693290263e+07,-1.685615740000000065e-09,1.206500000000000057e+02,6.307000000000000000e+07,6.970000000000000000e+07
5.937527661456992477e+07,-1.684202680000000188e-09,1.206550000000000011e+02,6.307000000000000000e+07,6.970000000000000000e+07
5.939400110610636324e+07,-1.683671720000000050e-09,1.206599999999999966e+02,6.307000000000000000e+07,6.970000000000000000e+07
5.938713216011203080e+07,-1.683866460000000047e-09,1.206650000000000063e+02,6.307000000000000000e+07,6.970000000000000000e+07
5.942225476818730682e+07,-1.682871180000000087e-09,1.206700000000000017e+02,6.307000000000000000e+07,6.970000000000000000e+07
5.944717503814071417e+07,-1.682165720000000159e-09,1.206749999999999972e+02,6.307000000000000000e+07,6.970000000000000000e+07
5.943251869873332977e+07,-1.682580549999999963e-09,1.206800000000000068e+02,6.307000000000000000e+07,6.970000000000000000e+07
5.944227277054399997e+07,-1.682304450000000045e-09,1.206850000000000023e+02,6.307000000000000000e+07,6.970000000000000000e+07
5.949757534291011095e+07,-1.680740760000000003e-09,1.206899999999999977e+02,6.307000000000000000e+07,6.970000000000000000e+07
5.952966646343436837e+07,-1.679834710000000073e-09,1.206950000000000074e+02,6.307000000000000000e+07,6.970000000000000000e+07
5.955023387669527531e+07,-1.679254530000000086e-09,1.207000000000000028e+02,6.307000000000000000e+07,6.970000000000000000e+07
5.961493201194213331e+07,-1.677432090000000074e-09,1.207049999999999983e+02,6.307000000000000000e+07,6.970000000000000000e+07
5.964724310263437033e+07,-1.676523420000000260e-09,1.207100000000000080e+02,6.307000000000000000e+07,6.970000000000000000e+07
5.964692966266445816e+07,-1.676532230000000214e-09,1.207150000000000034e+02,6.307000000000000000e+07,6.970000000000000000e+07
5.966514346328616142e+07,-1.676020440000000066e-09,1.207199999999999989e+02,6.307000000000000000e+07,6.970000000000000000e+07
5.967534796576048434e+07,-1.675733840000000110e-09,1.207250000000000085e+02,6.307000000000000000e+07,6.970000000000000000e+07
5.963840685251974314e+07,-1.676771820000000033e-09,1.207300000000000040e+02,6.307000000000000000e+07,6.970000000000000000e+07
5.961771878665446490e+07,-1.677353680000000060e-09,1.207349999999999994e+02,6.307000000000000000e+07,6.970000000000000000e+07
5.964417857667470723e+07,-1.676609559999999967e-09,1.207400000000000091e+02,6.307000000000000000e+07,6.970000000000000000e+07
5.964426715676441044e+07,-1.676607070000000042e-09,1.207450000000000045e+02,6.307000000000000000e+07,6.970000000000000000e+07
5.964639600400640070e+07,-1.676547230000000033e-09,1.207500000000000000e+02,6.307000000000000000e+07,6.970000000000000000e+07
5.967018795363327861e+07,-1.675878750000000229e-09,1.207549999999999955e+02,6.307000000000000000e+07,6.970000000000000000e+07
5.966535883978896588e+07,-1.676014389999999999e-09,1.207600000000000051e+02,6.307000000000000000e+07,6.970000000000000000e+07
5.963290650643192977e+07,-1.676926480000000158e-09,1.207650000000000006e+02,6.307000000000000000e+07,6.970000000000000000e+07
5.963406154473686963e+07,-1.676894000000000227e-09,1.207699999999999960e+02,6.307000000000000000e+07,6.970000000000000000e+07
5.962373962122111022e+07,-1.677184300000000122e-09,1.207750000000000057e+02,6.307000000000000000e+07,6.970000000000000000e+07
5.956089256095292419e+07,-1.678954019999999997e-09,1.207800000000000011e+02,6.307000000000000000e+07,6.970000000000000000e+07
5.950477685009500384e+07,-1.680537350000000054e-09,1.207849999999999966e+02,6.307000000000000000e+07,6.970000000000000000e+07
5.948053637144686282e+07,-1.681222230000000123e-09,1.207900000000000063e+02,6.307000000000000000e+07,6.970000000000000000e+07
5.942113652015028894e+07,-1.682902850000000133e-09,1.207950000000000017e+02,6.307000000000000000e+07,6.970000000000000000e+07
5.935629651563759893e+07,-1.684741230000000015e-09,1.207999999999999972e+02,6.307000000000000000e+07,6.970000000000000000e+07
5.934210400135736912e+07,-1.685144159999999955e-09,1.208050000000000068e+02,6.307000000000000000e+07,6.970000000000000000e+07
5.931342023251584172e+07,-1.685959090000000121e-09,1.208100000000000023e+02,6.307000000000000000e+07,6.970000000000000000e+07
5.925627520102720708e+07,-1.687584980000000138e-09,1.208149999999999977e+02,6.307000000000000000e+07,6.970000000000000000e+07
5.923051236626186967e+07,-1.688319010000000157e-09,1.208200000000000074e+02,6.307000000000000000e+07,6.970000000000000000e+07
5.921609239472684264e+07,-1.688730140000000230e-09,1.208250000000000028e+02,6.307000000000000000e+07,6.970000000000000000e+07
5.916977877514356375e+07,-1.690051950000000178e-09,1.208299999999999983e+02,6.307000000000000000e+07,6.970000000000000000e+07
5.914820259406863898e+07,-1.690668450000000038e-09,1.208350000000000080e+02,6.307000000000000000e+07,6.970000000000000000e+07
5.914822393498654664e+07,-1.690667840000000009e-09,1.208400000000000034e+02,6.307000000000000000e+07,6.970000000000000000e+07
5.911971081664398313e+07,-1.691483239999999994e-09,1.208449999999999989e+02,6.307000000000000000e+07,6.970000000000000000e+07
5.909406621825774014e+07,-1.692217280000000058e-09,1.208500000000000085e+02,6.307000000000000000e+07,6.970000000000000000e+07
5.911934872233627737e+07,-1.691493600000000235e-09,1.208550000000000040e+02,6.307000000000000000e+07,6.970000000000000000e+07
5.912864784288818389e+07,-1.691227580000000139e-09,1.208599999999999994e+02,6.307000000000000000e+07,6.970000000000000000e+07
5.911388953485591710e+07,-1.691649810000000028e-09,1.208650000000000091e+02,6.307000000000000000e+07,6.970000000000000000e+07
5.912758292046316713e+07,-1.691258039999999964e-09,1.208700000000000045e+02,6.307000000000000000e+07,6.970000000000000000e+07
5.914012528811886162e+07,-1.690899360000000068e-09,1.208750000000000000e+02,6.307000000000000000e+07,6.970000000000000000e+07
5.911625152929309011e+07,-1.691582220000000030e-09,1.208799999999999955e+02,6.307000000000000000e+07,6.970000000000000000e+07
5.911119229048185796e+07,-1.691726999999999984e-09,1.208850000000000051e+02,6.307000000000000000e+07,6.970000000000000000e+07
5.911873778562538326e+07,-1.691511080000000141e-09,1.208900000000000006e+02,6.307000000000000000e+07,6.970000000000000000e+07
5.909088472934888303e+07,-1.692308390000000191e-09,1.208949999999999960e+02,6.307000000000000000e+07,6.970000000000000000e+07
5.907944279152635485e+07,-1.692636140000000237e-09,1.209000000000000057e+02,6.307000000000000000e+07,6.970000000000000000e+07
5.910069847687689215e+07,-1.692027380000000114e-09,1.209050000000000011e+02,6.307000000000000000e+07,6.970000000000000000e+07
5.909218088894223422e+07,-1.692271270000000063e-09,1.209099999999999966e+02,6.307000000000000000e+07,6.970000000000000000e+07
5.906451471643770486e+07,-1.693063940000000122e-09,1.209150000000000063e+02,6.307000000000000000e+07,6.970000000000000000e+07
5.907269595839855075e+07,-1.692829460000000113e-09,1.209200000000000017e+02,6.307000000000000000e+07,6.970000000000000000e+07
5.908956732798843831e+07,-1.692346120000000141e-09,1.209249999999999972e+02,6.307000000000000000e+07,6.970000000000000000e+07
5.909000412749587744e+07,-1.692333610000000041e-09,1.209300000000000068e+02,6.307000000000000000e+07,6.970000000000000000e+07
5.910960390027865022e+07,-1.691772460000000041e-09,1.209350000000000023e+02,6.307000000000000000e+07,6.970000000000000000e+07
5.914578452290499955e+07,-1.690737570000000027e-09,1.209399999999999977e+02,6.307000000000000000e+07,6.970000000000000000e+07
5.915016707260440290e+07,-1.690612300000000130e-09,1.209450000000000074e+02,6.307000000000000000e+07,6.970000000000000000e+07
5.915321883305037767e+07,-1.690525080000000162e-09,1.209500000000000028e+02,6.307000000000000000e+07,6.970000000000000000e+07
5.919062339079192281e+07,-1.689456780000000003e-09,1.209549999999999983e+02,6.307000000000000000e+07,6.970000000000000000e+07
5.921003545680474490e+07,-1.688902890000000083e-09,1.209600000000000080e+02,6.307000000000000000e+07,6.970000000000000000e+07
5.920406002498352528e+07,-1.689073350000000075e-09,1.209650000000000034e+02,6.307000000000000000e+07,6.970000000000000000e+07
5.921661803057786822e+07,-1.688715150000000042e-09,1.209699999999999989e+02,6.307000000000000000e+07,6.970000000000000000e+07
5.922881371858730912e+07,-1.688367430000000165e-09,1.209750000000000085e+02,6.307000000000000000e+07,6.970000000000000000e+07
5.920599035790187120e+07,-1.689018280000000015e-09,1.209800000000000040e+02,6.307000000000000000e+07,6.970000000000000000e+07
5.919788044120203704e+07,-1.689249670000000115e-09,1.209849999999999994e+02,6.307000000000000000e+07,6.970000000000000000e+07
5.919795578566248715e+07,-1.689247520000000050e-09,1.209900000000000091e+02,6.307000000000000000e+07,6.970000000000000000e+07
5.915961693556438386e+07,-1.690342250000000073e-09,1.209950000000000045e+02,6.307000000000000000e+07,6.970000000000000000e+07
